50 -230.578232 5.440006 -646.721214 42.385656
51 -228.236481 5.408853 -1305.119258 42.196834
52 -235.045965 5.354793 -1964.356706 43.894499
53 -240.599528 5.277235 -2615.909214 45.591964
54 -227.067629 5.175781 -3263.070499 43.871179
55 -187.756992 5.051848 -3899.736341 37.166003
56 -141.901556 4.909200 -4519.559580 28.905232
57 -120.815686 4.752145 -5120.442045 25.423401
58 -135.806598 4.582694 -5698.869469 29.634662
59 -170.674080 4.399496 -6236.399183 38.794008
60 -203.262441 4.199254 -6763.910401 48.404422
61 -219.270673 3.978825 -7253.860262 55.109410
62 -209.552020 3.736686 -7728.919396 56.079645
63 -173.125905 3.473822 -8165.790392 49.837300
64 -123.553757 3.193758 -8570.296727 38.686017
65 -80.004517 2.901283 -8941.527314 27.575563
66 -53.745117 2.600661 -9285.259379 20.665946
67 -47.960599 2.294491 -9577.386525 20.902496
68 -59.402047 1.983377 -9833.396294 29.949952
69 -73.750601 1.666295 -10061.854779 44.260220
70 -72.420721 1.341977 -10246.144483 53.965707
71 -51.923488 1.010585 -10402.585731 51.379630
72 -27.683681 0.674032 -10507.485156 41.071775
73 -14.621626 0.334609 -10568.400176 43.697652
74 -12.002696 -0.006368 -10581.812496 -1884.992214
75 -8.821689 -0.348539 -10557.556864 -25.310503
76 5.305701 -0.691499 -10500.496672 7.672752
77 36.563790 -1.033783 -10393.085005 35.368910
78 83.242854 -1.372276 -10237.588727 60.660438
79 129.036482 -1.702447 -10056.910267 75.794733
80 148.800176 -2.019937 -9832.542980 73.665756
81 131.503126 -2.322870 -9570.869518 56.612355
82 94.387100 -2.612824 -9278.117598 36.124560
83 67.759755 -2.893245 -8946.988721 23.419987
84 69.363345 -3.166645 -8572.547055 21.904364
85 96.152371 -3.432894 -8174.058282 28.009128
86 133.049456 -3.689444 -7726.256543 36.062199
87 164.343666 -3.932738 -7261.524179 41.788613
88 180.384282 -4.159728 -6759.815773 43.364442
89 178.821896 -4.368829 -6230.075885 40.931306
90 165.427673 -4.560152 -5675.131754 36.276789
91 155.968658 -4.734901 -5104.611527 32.940216
92 168.278551 -4.893864 -4507.595584 34.385623
93 203.338335 -5.035797 -3910.662956 40.378578
94 238.407529 -5.157395 -3285.242652 46.226345
95 247.294334 -5.255382 -2649.766362 47.055445
96 227.545567 -5.328890 -1988.617213 42.700366
97 202.170108 -5.379690 -1336.546947 37.580251
98 192.490308 -5.410130 -683.206782 35.579610
99 195.059852 -5.421211 -8.815977 35.980863
100 192.338248 -5.412838 654.669895 35.533713
101 182.396814 -5.385303 1323.455588 33.869366
102 184.550782 -5.339424 1979.096325 34.563799
103 209.927249 -5.274881 2635.252052 39.797536
104 239.211485 -5.189307 3265.923007 46.097003
105 243.332549 -5.080035 3897.546567 47.899781
106 219.334201 -4.946677 4493.883298 44.339706
107 191.025075 -4.791419 5085.385611 39.868163
108 178.746440 -4.616915 5661.898479 38.715556
109 183.064141 -4.424394 6200.316533 41.376096
110 192.611461 -4.213521 6726.190150 45.712712
111 191.354710 -3.983476 7241.589081 48.037118
112 164.526463 -3.734517 7713.345846 44.055617
113 116.177334 -3.469298 8153.543838 33.487272
114 75.731199 -3.192395 8563.471540 23.722379
115 69.985184 -2.907612 8937.829109 24.069640
116 91.986687 -2.615588 9264.744068 35.168646
117 109.679373 -2.314407 9579.046889 47.389843
118 102.441145 -2.002480 9849.439718 51.157131
119 79.680075 -1.680444 10076.959244 47.416074
120 62.199065 -1.350387 10273.530652 46.060162
121 53.478481 -1.014028 10420.222683 52.738643
122 39.010024 -0.672373 10517.971640 58.018422
123 10.806122 -0.326940 10586.237278 33.052260
124 -21.098693 0.019541 10601.555004 1079.739335
125 -43.187359 0.364000 10586.221448 118.646746
126 -53.762811 0.704241 10524.862640 76.341540
127 -61.618709 1.039128 10420.845480 59.298501
128 -74.602973 1.367805 10273.203803 54.542127
129 -88.977999 1.689004 10091.447190 52.680752
130 -89.800608 2.001421 9859.576365 44.868429
131 -68.690547 2.305053 9600.816395 29.799981
132 -44.110595 2.601855 9291.519150 16.953515
133 -52.334242 2.893962 8956.440848 18.083940
134 -106.534750 3.180430 8578.599684 33.496964
135 -173.714792 3.456129 8162.176241 50.262825
136 -205.839017 3.714764 7722.867874 55.411061
137 -186.935813 3.953260 7242.839703 47.286500
138 -141.391738 4.173289 6736.199846 33.880168
139 -107.648142 4.379075 6202.900102 24.582391
140 -111.906174 4.573769 5664.539193 24.466948
141 -156.596868 4.756926 5092.450022 32.919761
142 -222.159464 4.924244 4509.706054 45.115446
143 -276.693995 5.069438 3902.079300 54.580799
144 -290.310580 5.187314 3276.160045 55.965496
145 -255.349261 5.276579 2637.241419 48.392954
146 -199.148641 5.340495 1996.722307 37.290294
147 -165.416068 5.384298 1333.724566 30.721940
148 -173.072936 5.411192 662.883415 31.984251
149 -198.261209 5.420628 1.909729 36.575323
150 -204.618553 5.410410 -669.201317 37.819418
151 -188.025428 5.379939 -1328.575418 34.949359
152 -179.643153 5.330593 -1979.731989 33.700405
153 -202.435801 5.263003 -2626.484342 38.463933
154 -239.547523 5.175041 -3266.660868 46.289006
155 -255.978481 5.063309 -3886.149226 50.555568
156 -239.793695 4.926265 -4503.416654 48.676570
157 -207.732754 4.765374 -5094.361619 43.592122
158 -177.833028 4.583683 -5669.557986 38.796976
159 -152.565177 4.384167 -6240.222866 34.799127
160 -127.186959 4.169398 -6768.254916 30.504873
161 -102.208302 3.941911 -7263.048753 25.928617
162 -85.860786 3.704133 -7734.362901 23.179728
163 -89.215111 3.457601 -8176.319172 25.802604
164 -116.268447 3.201943 -8585.229986 36.311845
165 -154.338032 2.934560 -8955.153760 52.593253
166 -178.549341 2.651862 -9298.832385 67.329807
167 -171.910401 2.351577 -9594.183701 73.104317
168 -138.909496 2.034326 -9857.975044 68.282823
169 -95.964183 1.703263 -10075.913493 56.341380
170 -53.400410 1.362596 -10240.432229 39.190199
171 -12.614112 1.016575 -10379.988457 12.408436
172 23.166999 0.669256 -10476.624709 -34.616071
173 43.779351 0.324125 -10539.954569 -135.069164
174 40.991095 -0.016828 -10558.950551 2435.820383
175 20.556056 -0.353837 -10537.955085 58.094767
176 1.248277 -0.688779 -10466.073738 1.812305
177 -0.052347 -1.023439 -10370.431237 -0.051149
178 19.549320 -1.357925 -10234.544995 14.396460
179 50.840474 -1.690358 -10054.962157 30.076741
180 82.256510 -2.017709 -9821.686890 40.767283
181 107.408440 -2.336889 -9540.506197 45.962153
182 126.394860 -2.645381 -9257.367072 47.779459
183 142.872161 -2.941254 -8921.777064 48.575254
184 160.214233 -3.222831 -8545.391785 49.712268
185 177.176198 -3.488386 -8145.420433 50.790305
186 185.744673 -3.736293 -7711.347239 49.713622
187 177.863959 -3.965769 -7246.601972 44.849805
188 158.135186 -4.177564 -6759.079637 37.853443
189 145.448692 -4.373486 -6239.500502 33.256927
190 154.686148 -4.554668 -5686.493053 33.962110
191 178.357890 -4.720255 -5109.354694 37.785646
192 194.591553 -4.868074 -4517.329608 39.973008
193 192.288063 -4.996597 -3897.149697 38.483802
194 179.391117 -5.105982 -3266.890373 35.133521
195 168.345726 -5.197408 -2626.761435 32.390326
196 164.467511 -5.271937 -1981.675135 31.196787
197 168.783634 -5.329953 -1323.789475 31.667002
198 183.072952 -5.371007 -671.371321 34.085406
199 208.215601 -5.393660 -11.449483 38.603768
200 237.833210 -5.395449 643.714285 44.080338
201 254.693654 -5.373560 1298.009412 47.397565
202 241.602116 -5.326462 1955.667440 45.358839
203 204.443926 -5.255418 2607.114258 38.901556
204 176.011171 -5.163853 3248.975705 34.085238
205 181.289522 -5.054387 3877.543437 35.867757
206 205.550504 -4.926624 4478.948545 41.722387
207 215.161807 -4.778441 5069.080502 45.027614
208 202.079951 -4.608946 5634.512052 43.845153
209 187.033838 -4.419256 6181.496297 42.322476
210 184.683424 -4.210743 6715.488001 43.860055
211 184.454436 -3.983740 7208.966088 46.301820
212 167.357190 -3.738442 7677.565089 44.766558
213 132.960013 -3.476563 8115.274518 38.244671
214 101.651678 -3.201359 8518.320366 31.752663
215 87.866135 -2.915832 8906.353867 30.134157
216 82.769236 -2.621443 9250.962932 31.573919
217 72.457350 -2.318830 9561.743022 31.247373
218 59.366808 -2.008998 9823.784197 29.550456
219 53.140739 -1.693166 10049.344918 31.385426
220 53.241365 -1.371964 10243.579756 38.806667
221 53.127976 -1.045444 10392.159876 50.818582
222 51.958296 -0.713621 10505.741359 72.809384
223 51.374740 -0.376593 10580.676970 136.419805
224 44.898162 -0.034473 10607.528878 1302.414985
225 19.586118 0.311975 10580.283429 -62.780997
226 -27.107992 0.660193 10524.263156 41.060707
227 -75.379541 1.005682 10418.221513 74.953647
228 -96.450453 1.343869 10262.405058 71.770720
229 -81.206188 1.672729 10077.133801 48.547131
230 -52.462793 1.993587 9859.529497 26.315779
231 -46.335793 2.309001 9596.486356 20.067462
232 -79.376734 2.619438 9278.226197 30.302960
233 -132.205168 2.921764 8936.748800 45.248404
234 -167.620402 3.211024 8574.076670 52.201544
235 -167.120855 3.483838 8166.323790 47.970333
236 -147.700679 3.740105 7727.609300 39.491055
237 -142.360721 3.981476 7258.617501 35.755767
238 -166.999194 4.208346 6747.063561 39.682855
239 -205.970100 4.418390 6227.931942 46.616554
240 -227.304861 4.607990 5676.809984 49.328424
241 -213.109323 4.775170 5109.174969 44.628633
242 -177.809326 4.921226 4520.951452 36.131106
243 -155.928228 5.049383 3899.375962 30.880653
244 -170.027195 5.161631 3283.235210 32.940592
245 -210.423189 5.256648 2649.792516 40.029917
246 -245.179854 5.330673 1999.326818 45.994167
247 -249.118583 5.380450 1343.244454 46.300700
248 -225.181779 5.405557 674.374884 41.657459
249 -197.860275 5.408172 9.759234 36.585426
250 -186.797326 5.390855 -663.607534 34.650776
251 -191.697002 5.354721 -1340.642838 35.799628
252 -198.891521 5.299396 -1999.310212 37.530977
253 -193.348655 5.224294 -2645.869487 37.009531
254 -171.220038 5.130004 -3288.227141 33.376197
255 -150.038172 5.018591 -3912.331214 29.896476
256 -156.129305 4.891935 -4529.219647 31.915657
257 -192.883464 4.749394 -5121.659986 40.612226
258 -231.086784 4.587551 -5700.380739 50.372577
259 -237.658910 4.402877 -6232.809546 53.978091
260 -207.340652 4.194758 -6743.943944 49.428517
261 -162.361751 3.966027 -7242.779503 40.938137
262 -127.935268 3.720964 -7711.600788 34.382289
263 -113.362164 3.462935 -8148.558800 32.735863
264 -110.893606 3.193465 -8558.468605 34.725162
265 -106.053192 2.912931 -8925.003278 36.407731
266 -93.607555 2.621862 -9271.061790 35.702695
267 -85.334452 2.321399 -9571.161179 36.759921
268 -92.770730 2.012260 -9844.698231 46.102750
269 -105.551269 1.693794 -10068.351820 62.316484
270 -101.851334 1.364918 -10255.751977 74.620866
271 -74.965753 1.026058 -10387.368688 73.061922
272 -35.293551 0.679808 -10491.097524 51.916958
273 4.668586 0.330030 -10543.995066 -14.145958
274 34.852306 -0.019364 -10561.523457 1799.849695
275 49.196417 -0.365410 -10546.286331 134.633360
276 53.858387 -0.706623 -10489.995303 76.219458
277 64.029942 -1.042398 -10388.968483 61.425590
278 85.707198 -1.371667 -10258.604029 62.483974
279 107.087657 -1.692364 -10073.482727 63.276964
280 109.706409 -2.002514 -9851.467640 54.784354
281 85.849989 -2.301923 -9595.062685 37.294900
282 49.822443 -2.592857 -9294.004641 19.215268
283 31.829642 -2.878654 -8947.881697 11.057128
284 50.400024 -3.160946 -8571.113848 15.944601
285 91.354522 -3.438005 -8147.234483 26.571959
286 126.021097 -3.705992 -7705.216515 34.004688
287 147.902379 -3.961497 -7231.668738 37.334975
288 176.759526 -4.202150 -6737.003942 42.064071
289 225.584263 -4.424945 -6197.130291 50.980129
290 276.186798 -4.625159 -5655.029899 59.714014
291 293.930003 -4.798037 -5075.389467 61.260473
292 262.845848 -4.941945 -4475.009166 53.186717
293 201.962953 -5.059826 -3880.623973 39.915002
294 147.951594 -5.157446 -3255.157513 28.686987
295 124.720723 -5.240003 -2620.997004 23.801653
296 130.297850 -5.309841 -1968.515809 24.538936
297 150.389736 -5.366534 -1323.968663 28.023627
298 178.220838 -5.408127 -670.319767 32.954265
299 214.735349 -5.431822 -4.838227 39.532842
300 254.363708 -5.434013 657.277372 46.809553
301 283.059216 -5.410861 1302.429829 52.313160
302 290.278164 -5.359586 1956.169729 54.160559
303 274.267913 -5.279479 2600.271031 51.949810
304 238.932850 -5.172108 3238.681843 46.196414
305 194.140256 -5.040926 3867.256860 38.512814
306 155.331888 -4.890279 4477.299129 31.763400
307 134.691355 -4.723942 5065.123371 28.512491
308 133.525314 -4.543970 5632.704658 29.385167
309 144.515611 -4.350542 6196.409413 33.217838
310 155.937780 -4.142658 6732.178151 37.641959
311 154.435139 -3.919291 7227.991852 39.403843
312 133.488522 -3.680650 7703.818809 36.267651
313 101.673607 -3.428755 8148.996066 29.653218
314 76.820818 -3.166631 8556.537966 24.259479
315 71.032108 -2.896660 8934.329603 24.522071
316 83.005055 -2.619434 9263.464593 31.688164
317 101.967726 -2.333849 9556.145372 43.690800
318 116.489857 -2.038107 9821.635620 57.155912
319 120.673696 -1.730804 10052.086576 69.721183
320 112.550501 -1.411535 10242.493059 79.736238
321 89.392833 -1.081138 10395.469862 82.684024
322 52.948796 -0.741919 10501.580036 71.367311
323 19.161494 -0.397386 10563.391033 48.218786
324 6.759795 -0.050747 10593.739510 133.205950
325 9.450686 0.296707 10579.963224 -31.851868
326 -3.910307 0.644966 10506.057256 6.062808
327 -50.162062 0.992540 10399.710460 50.539102
328 -104.953929 1.335017 10245.594494 78.616162
329 -127.269977 1.667285 10054.597520 76.333683
330 -105.719863 1.987211 9828.255722 53.200127
331 -70.225297 2.296684 9569.054759 30.576819
332 -58.310350 2.598925 9265.062616 22.436338
333 -79.622755 2.895044 8949.260683 27.503120
334 -116.674301 3.183070 8577.511407 36.654640
335 -149.049100 3.459474 8178.038034 43.084329
336 -167.521214 3.721092 7734.604684 45.019375
337 -171.888832 3.966077 7267.875981 43.339765
338 -167.235099 4.193951 6768.360050 39.875315
339 -163.780276 4.405092 6259.591931 37.179762
340 -173.382513 4.599743 5714.760917 37.693957
341 -198.939709 4.776915 5146.881373 41.646068
342 -226.648081 4.934171 4561.057721 45.934383
343 -235.728169 5.068924 3953.198350 46.504579
344 -220.137474 5.180321 3324.533996 42.494946
345 -197.266718 5.269769 2681.393342 37.433655
346 -191.270837 5.339341 2034.256575 35.822932
347 -207.745509 5.389586 1371.373757 38.545728
348 -227.473890 5.419027 702.338240 41.976885
349 -227.138903 5.425899 29.944365 41.861987
350 -203.786441 5.410258 -637.402653 37.666674
351 -176.075706 5.374276 -1316.577239 32.762683
352 -164.235343 5.320546 -1973.725584 30.868135
353 -173.340293 5.250213 -2625.924620 33.015861
354 -196.102365 5.162432 -3273.702146 37.986430
355 -224.562018 5.054994 -3904.641339 44.423799
356 -248.951852 4.925127 -4516.465259 50.547295
357 -249.643716 4.770563 -5114.536653 52.330028
358 -210.852122 4.591379 -5696.094261 45.923482
359 -147.610486 4.391327 -6248.461784 33.614096
360 -100.786192 4.176370 -6768.293786 24.132489
361 -96.896409 3.950957 -7267.157064 24.524796
362 -123.211284 3.715593 -7732.065607 33.160597
363 -146.409174 3.467942 -8166.550461 42.217888
364 -147.211594 3.205848 -8568.585092 45.919704
365 -131.253148 2.929176 -8940.653994 44.808892
366 -112.836705 2.639396 -9275.683092 42.750954
367 -100.197062 2.338282 -9585.285059 42.850717
368 -96.191114 2.027075 -9837.347548 47.453160
369 -99.236455 1.706185 -10051.294332 58.162763
370 -98.022185 1.375404 -10232.159147 71.267906
371 -75.839120 1.035002 -10368.646751 73.274376
372 -29.916913 0.687226 -10473.094614 43.532840
373 16.281401 0.336466 -10532.085777 -48.389473
374 31.883513 -0.012936 -10548.891448 2464.708407
375 16.466730 -0.359428 -10532.680400 45.813771
376 8.218740 -0.704211 -10472.509088 11.670855
377 40.197478 -1.047812 -10366.974299 38.363241
378 97.425255 -1.387170 -10232.427216 70.233123
379 136.109254 -1.716952 -10062.174478 79.273755
380 137.533525 -2.033453 -9842.946052 67.635444
381 120.793051 -2.336353 -9574.567447 51.701545
382 108.312841 -2.627127 -9277.997883 41.228625
383 103.352406 -2.907004 -8921.637256 35.552890
384 101.060614 -3.176527 -8549.304109 31.814814
385 101.099387 -3.435925 -8140.223533 29.424211
386 106.182751 -3.685172 -7705.771900 28.813514
387 120.404592 -3.923725 -7235.089483 30.686297
388 148.772890 -4.150117 -6739.429639 35.847880
389 188.617389 -4.361528 -6208.578298 43.245711
390 222.601706 -4.554125 -5656.006828 48.879142
391 229.958011 -4.724691 -5089.749874 48.671543
392 207.365684 -4.872522 -4492.335745 42.558184
393 173.094940 -4.999715 -3884.425651 34.620963
394 149.231720 -5.109505 -3258.661979 29.206687
395 146.079385 -5.204195 -2615.005522 28.069543
396 162.773523 -5.284109 -1959.286536 30.804344
397 190.710405 -5.347648 -1298.729824 35.662480
398 213.647369 -5.392159 -645.028045 39.621862
399 219.128047 -5.415461 19.350357 40.463415
400 217.266441 -5.416920 672.701900 40.108851
401 233.458734 -5.396492 1323.757829 43.261205
402 271.116816 -5.352519 1980.740617 50.652188
403 296.408875 -5.281538 2627.429906 56.121694
404 276.066855 -5.181318 3256.030839 53.281202
405 219.667531 -5.053807 3880.653774 43.465755
406 167.815685 -4.904282 4486.865500 34.218193
407 145.474303 -4.737714 5080.672828 30.705593
408 143.494701 -4.556424 5643.910602 31.492836
409 142.567310 -4.360783 6193.481218 32.693053
410 137.273623 -4.150927 6715.636861 33.070594
411 132.856311 -3.927335 7215.585400 33.828621
412 132.226593 -3.690423 7680.407582 35.829660
413 134.163419 -3.440267 8127.778028 38.997962
414 137.579827 -3.176683 8537.618238 43.309270
415 139.890318 -2.899347 8909.064796 48.248905
416 132.714223 -2.608100 9247.901299 50.885408
417 106.646072 -2.303744 9542.989353 46.292493
418 64.872405 -1.988864 9812.538038 32.617822
419 27.691041 -1.667458 10057.051304 16.606740
420 15.071604 -1.343068 10238.650094 11.221777
421 25.129978 -1.016972 10393.772627 24.710581
422 38.887708 -0.688338 10497.106712 56.495070
423 45.646698 -0.355882 10561.259321 128.263714
424 49.780429 -0.018879 10580.489778 2636.791452
425 49.761674 0.323076 10547.298445 -154.024781
426 27.825679 0.669822 10485.121109 -41.541917
427 -27.519385 1.019057 10383.882961 27.004759
428 -97.414837 1.365410 10242.913479 71.344775
429 -144.702249 1.702218 10044.528544 85.008055
430 -150.202671 2.024921 9807.781541 74.177064
431 -127.644458 2.332842 9539.351044 54.716292
432 -102.755497 2.628012 9248.979589 39.100093
433 -89.802612 2.912801 8910.683058 30.830328
434 -91.509074 3.188488 8539.653024 28.699836
435 -107.402397 3.454903 8138.993428 31.086951
436 -131.605650 3.710504 7700.148453 35.468399
437 -150.486055 3.952991 7237.982621 38.068907
438 -154.807084 4.180560 6731.381088 37.030228
439 -153.806645 4.392698 6209.088408 35.014161
440 -168.501224 4.589319 5664.064800 36.715953
441 -206.739491 4.768880 5091.858140 43.351789
442 -249.132869 4.927728 4500.243906 50.557352
443 -266.237783 5.061883 3892.113872 52.596594
444 -248.329135 5.169718 3272.423768 48.035337
445 -211.403702 5.252880 2639.110374 40.245292
446 -176.599939 5.314879 1992.959619 33.227462
447 -154.478712 5.359109 1348.724390 28.825446
448 -149.591420 5.387750 666.602229 27.765103
449 -167.232592 5.401240 8.610671 30.961888
450 -205.154952 5.397829 -659.253601 38.006937
451 -242.297303 5.373905 -1329.584431 45.087757
452 -250.011267 5.326006 -1985.795312 46.941603
453 -222.593000 5.253416 -2641.617377 42.371096
454 -187.812366 5.158630 -3274.419069 36.407411
455 -177.354935 5.044845 -3892.133371 35.155673
456 -193.751412 4.913090 -4495.703081 39.435759
457 -214.208283 4.761926 -5092.361784 44.983536
458 -217.446176 4.589493 -5659.343212 47.379125
459 -197.728279 4.395512 -6209.688074 44.984128
460 -161.948370 4.181895 -6745.952557 38.726071
461 -124.819741 3.952096 -7246.383072 31.583176
462 -102.646225 3.709685 -7721.257978 27.669793
463 -101.384046 3.456828 -8157.152878 29.328632
464 -111.852384 3.193734 -8566.031689 35.022449
465 -121.636209 2.919464 -8945.100695 41.663878
466 -126.268757 2.633076 -9284.264792 47.954849
467 -125.243062 2.334106 -9588.240233 53.657824
468 -116.265201 2.022679 -9839.929615 57.480797
469 -97.752385 1.699706 -10057.102671 57.511353
470 -70.426789 1.367031 -10253.986682 51.518051
471 -36.743175 1.027369 -10400.141261 35.764332
472 -3.870699 0.684028 -10509.170718 5.658683
473 17.551382 0.340202 -10571.958376 -51.591098
474 23.217048 -0.002006 -10593.230279 11571.123627
475 20.227177 -0.341967 -10576.810723 59.149495
476 19.997538 -0.679879 -10516.575016 29.413376
477 28.227258 -1.015717 -10415.133103 27.790484
478 41.898152 -1.348685 -10266.919468 31.065936
479 54.565767 -1.677473 -10075.673993 32.528544
480 64.344058 -2.000833 -9864.553796 32.158629
481 77.151332 -2.317735 -9599.140416 33.287385
482 100.489095 -2.626829 -9291.926395 38.254912
483 131.518847 -2.925803 -8965.165969 44.951369
484 155.262208 -3.211688 -8585.745540 48.342867
485 161.114961 -3.482205 -8183.131082 46.268081
486 157.057880 -3.736698 -7737.665661 42.031195
487 159.105946 -3.975427 -7260.586445 40.022356
488 169.196424 -4.198169 -6772.687140 40.302429
489 172.641338 -4.404050 -6246.110011 39.200582
490 160.639774 -4.592808 -5690.821018 34.976373
491 149.154867 -4.765504 -5112.000896 31.298865
492 165.205833 -4.923043 -4521.436651 33.557663
493 211.850926 -5.063790 -3906.562221 41.836439
494 256.831316 -5.183363 -3268.568446 49.549169
495 263.959577 -5.277584 -2621.332964 50.015227
496 230.158948 -5.345767 -1972.430495 43.054431
497 185.642810 -5.391023 -1295.813715 34.435542
498 163.200611 -5.417520 -641.545992 30.124596
499 172.460237 -5.427422 25.193780 31.775719
500 198.756151 -5.419933 693.759070 36.671332
501 219.633085 -5.392617 1360.403262 40.728476
502 222.149598 -5.343499 2021.688157 41.573807
503 209.514839 -5.272297 2671.718465 39.738814
504 196.619753 -5.180147 3317.383620 37.956408
505 198.798206 -5.068202 3940.453807 39.224602
506 217.316674 -4.936232 4542.188399 44.024812
507 233.105454 -4.782550 5135.363412 48.740831
508 222.995275 -4.605784 5714.625533 48.416353
509 186.298922 -4.406953 6268.864714 42.273859
510 147.830278 -4.189506 6792.048218 35.285850
511 130.168652 -3.957089 7289.405834 32.895050
512 130.650108 -3.711498 7749.118304 35.201449
513 132.503333 -3.452836 8183.845972 38.375213
514 129.639127 -3.180970 8591.471271 40.754595
515 126.827409 -2.896134 8959.561818 43.791971
516 121.111729 -2.598635 9300.796047 46.605906
517 101.423035 -2.289147 9606.088126 44.306044
518 67.845989 -1.969640 9867.573834 34.445878
519 36.591858 -1.643329 10094.094343 22.266908
520 22.756596 -1.313206 10271.371770 17.329037
521 25.686261 -0.980661 10409.749713 26.192800
522 30.623245 -0.645530 10516.291465 47.438903
523 21.517169 -0.307460 10575.090328 69.983634
524 -4.934671 0.032610 10601.247428 151.322864
525 -36.985884 0.372139 10579.602557 99.387363
526 -58.418993 0.708059 10509.453273 82.505788
527 -57.749701 1.038326 10399.901638 55.618060
528 -34.705412 1.363014 10243.769207 25.462249
529 -9.556005 1.684257 10063.759487 5.673721
530 -16.764667 2.004266 9828.959229 8.364490
531 -71.886354 2.322179 9568.121152 30.956419
532 -147.547448 2.632721 9267.269791 56.043707
533 -193.317733 2.928768 8916.237921 66.006512
534 -180.577473 3.205992 8545.501010 56.324990
535 -128.003825 3.465505 8136.887086 36.936554
536 -85.220496 3.712131 7696.310775 22.957299
537 -89.533355 3.949821 7239.413423 22.667697
538 -136.001449 4.178193 6736.571420 32.550306
539 -187.548065 4.392924 6201.740134 42.693222
540 -211.034769 4.589148 5650.453376 45.985606
541 -204.187936 4.764535 5077.829409 42.855796
542 -190.996494 4.919554 4479.503804 38.823945
543 -193.382459 5.055333 3864.239753 38.253162
544 -211.279333 5.171637 3245.758691 40.853470
545 -230.434196 5.266806 2610.645794 43.752169
546 -240.150589 5.339014 1957.547662 44.980325
547 -237.339413 5.387312 1303.554848 44.055260
548 -221.094227 5.411988 639.428267 40.852682
549 -193.963978 5.414651 -14.852449 35.822068
550 -167.769684 5.397911 -680.085756 31.080482
551 -158.425570 5.364249 -1328.906600 29.533596
552 -170.452836 5.314558 -1984.569907 32.072814
553 -191.299941 5.247747 -2631.819284 36.453731
554 -204.480195 5.161875 -3262.029111 39.613551
555 -205.541451 5.055662 -3882.665931 40.655693
556 -202.807298 4.928927 -4501.234819 41.146337
557 -205.320417 4.781864 -5088.772951 42.937323
558 -213.978355 4.614214 -5670.255239 46.373742
559 -222.665055 4.425164 -6210.533258 50.317918
560 -221.356408 4.213931 -6724.801063 52.529675
561 -198.895607 3.980741 -7227.565823 49.964463
562 -153.628457 3.727862 -7713.016192 41.210874
563 -103.052551 3.459668 -8155.478505 29.786830
564 -72.415430 3.180996 -8552.356012 22.765021
565 -71.833218 2.894820 -8931.969166 24.814395
566 -89.162072 2.601308 -9272.810296 34.275861
567 -101.011713 2.298927 -9565.259838 43.938635
568 -88.437007 1.986657 -9840.051746 44.515500
569 -51.430569 1.665757 -10063.560777 30.875192
570 -13.080218 1.339728 -10248.936373 9.763336
571 -0.841219 1.012162 -10398.917822 0.831110
572 -17.608062 0.684256 -10506.352763 25.733144
573 -37.564225 0.354563 -10568.611745 105.945192
574 -34.580144 0.021317 -10589.089154 1622.193613
575 -8.310082 -0.315183 -10564.073500 -26.365919
576 19.607475 -0.652501 -10511.966400 30.049743
577 29.362953 -0.988020 -10418.433533 29.718998
578 23.609823 -1.320742 -10281.658310 17.876177
579 26.711601 -1.651028 -10094.179273 16.178769
580 57.543258 -1.978396 -9873.754419 29.085816
581 103.605012 -2.299873 -9604.048190 45.048137
582 135.041233 -2.611124 -9300.211058 51.717672
583 143.453561 -2.909075 -8968.243966 49.312427
584 146.532756 -3.192721 -8591.368431 45.895891
585 153.136928 -3.461672 -8179.792796 44.237854
586 151.699015 -3.715382 -7744.242944 40.829996
587 140.421185 -3.954016 -7260.659515 35.513564
588 138.675064 -4.178523 -6763.671835 33.187582
589 155.849424 -4.388991 -6246.464142 35.509172
590 175.485683 -4.583855 -5694.770784 38.283432
591 182.893398 -4.761284 -5135.265061 38.412619
592 186.820265 -4.920457 -4543.200102 37.968074
593 202.781611 -5.060838 -3929.220348 40.068783
594 228.572556 -5.180850 -3299.501045 44.118735
595 244.147891 -5.278092 -2651.523345 46.256848
596 232.720022 -5.351155 -2001.732578 43.489681
597 201.303302 -5.401123 -1355.754660 37.270636
598 178.483739 -5.430887 -705.049455 32.864564
599 187.141224 -5.442526 -32.395905 34.384996
600 220.002756 -5.435237 630.761165 40.477120
601 246.351215 -5.406006 1303.170754 45.569908
602 242.167639 -5.352408 1964.281791 45.244618
603 210.483945 -5.274831 2612.167420 39.903449
604 175.473355 -5.176233 3242.728342 33.899815
605 161.644655 -5.059904 3879.976667 31.946193
606 174.706627 -4.927174 4499.551096 35.457773
607 197.154823 -4.776893 5101.539962 41.272608
608 204.972222 -4.607026 5664.712398 44.491225
609 190.452247 -4.416857 6220.160570 43.119401
610 166.213269 -4.207727 6762.449752 39.501918
611 149.401040 -3.981908 7263.882213 37.519966
612 147.845909 -3.741017 7724.937657 39.520245
613 158.487832 -3.485236 8170.511568 45.474057
614 168.781071 -3.213606 8594.540864 52.520775
615 158.988572 -2.925267 8964.911371 54.350112
616 115.058514 -2.621324 9299.879798 43.893284
617 46.389373 -2.306093 9607.077236 20.115999
618 -12.429789 -1.986144 9873.224580 -6.258253
619 -23.830785 -1.667029 10100.243286 -14.295367
620 20.127844 -1.349814 10282.896251 14.911568
621 82.484308 -1.030424 10433.250607 80.048924
622 106.865880 -0.703116 10530.663774 151.988975
623 68.363517 -0.365673 10597.324541 186.952821
624 -1.807811 -0.021669 10610.614373 -83.428727
625 -46.684928 0.322379 10584.197858 144.813815
626 -39.013658 0.662222 10508.490656 58.913236
627 -5.749428 0.998388 10406.033858 5.758709
628 3.367156 1.333763 10256.266117 -2.524553
629 -30.952790 1.669091 10075.466134 18.544702
630 -83.197885 2.001171 9843.299832 41.574603
631 -120.799910 2.325068 9591.363105 51.955426
632 -139.405778 2.637052 9282.008996 52.864251
633 -151.635150 2.935141 8948.412196 51.661956
634 -159.232771 3.218102 8572.307607 49.480342
635 -156.247580 3.485234 8159.634039 44.831308
636 -148.518255 3.736784 7721.347424 39.744939
637 -148.650520 3.973411 7256.389458 37.411316
638 -157.076207 4.195098 6749.429999 37.442800
639 -164.236983 4.401092 6224.150923 37.317328
640 -167.150356 4.590702 5683.436931 36.410629
641 -172.598134 4.763576 5098.289138 36.232889
642 -188.153291 4.919104 4514.457235 38.249501
643 -216.455432 5.055707 3895.203349 42.814074
644 -251.254900 5.170604 3272.552052 48.592946
645 -272.785337 5.260483 2637.707367 51.855566
646 -256.506307 5.323408 2000.396451 48.184605
647 -198.955626 5.361043 1330.676969 37.111363
648 -133.337429 5.378858 659.019756 24.789169
649 -107.633224 5.382993 -16.675818 19.995052
650 -140.033645 5.375857 -690.134918 26.048620
651 -200.471224 5.354475 -1342.513314 37.439937
652 -241.902504 5.313219 -1996.036308 45.528424
653 -244.392957 5.248114 -2641.973753 46.567766
654 -223.545391 5.158768 -3302.100050 43.333094
655 -204.792138 5.047043 -3920.569248 40.576661
656 -198.376230 4.914726 -4538.775162 40.363637
657 -196.423690 4.762534 -5125.770651 41.243524
658 -188.178922 4.590757 -5702.621788 40.990823
659 -173.074954 4.400223 -6251.999411 39.333222
660 -157.903416 4.192381 -6773.372412 37.664373
661 -149.226835 3.968695 -7267.589093 37.600987
662 -151.903655 3.729988 -7732.953086 40.724968
663 -164.260159 3.476004 -8167.002807 47.255456
664 -170.834265 3.205639 -8566.670646 53.291792
665 -152.175641 2.918411 -8948.413690 52.143325
666 -108.621269 2.616185 -9291.417380 41.518958
667 -66.220918 2.303087 -9594.573752 28.753107
668 -50.692200 1.983129 -9858.864870 25.561721
669 -58.035535 1.657899 -10075.035620 35.005472
670 -58.586256 1.326926 -10263.827421 44.151877
671 -30.935768 0.990345 -10388.734434 31.237376
672 13.118979 0.650818 -10492.095595 -20.157683
673 39.017148 0.312446 -10556.200001 -124.876543
674 24.785339 -0.022377 -10578.260990 1107.619460
675 -13.718453 -0.354936 -10562.350289 -38.650546
676 -36.422574 -0.688726 -10515.720903 -52.883948
677 -18.557359 -1.025804 -10397.076627 -18.090542
678 29.566595 -1.364479 -10258.777280 21.668787
679 80.393976 -1.700179 -10067.211263 47.285607
680 115.740288 -2.027977 -9836.779615 57.071809
681 135.004214 -2.344338 -9562.792072 57.587349
682 145.561124 -2.647268 -9275.078716 54.985408
683 147.751348 -2.935706 -8924.948237 50.329062
684 132.054959 -3.209522 -8550.459175 41.144740
685 98.213218 -3.470297 -8147.094876 28.301098
686 72.367646 -3.721189 -7699.402968 19.447452
687 89.175554 -3.964474 -7217.957279 22.493664
688 152.895255 -4.198431 -6722.700674 36.417234
689 226.789547 -4.417010 -6189.796121 51.344582
690 266.018884 -4.613214 -5633.612378 57.664549
691 255.199811 -4.783248 -5067.777062 53.352830
692 213.053837 -4.928028 -4460.362681 43.233079
693 171.316320 -5.051496 -3856.675724 33.913974
694 154.480344 -5.157617 -3238.248684 29.951881
695 168.209801 -5.248025 -2607.595901 32.052018
696 196.392264 -5.321488 -1953.789491 36.905516
697 215.536098 -5.375395 -1294.534187 40.096792
698 218.682641 -5.407892 -639.998802 40.437688
699 218.357026 -5.418547 23.008438 40.298077
700 223.576470 -5.407311 681.091361 41.347072
701 224.982136 -5.373746 1355.180202 41.866906
702 209.152966 -5.317837 2011.577545 39.330458
703 181.872439 -5.241117 2658.564029 34.701081
704 167.872065 -5.146096 3293.931794 32.621248
705 183.229000 -5.034028 3928.749089 36.398091
706 214.473327 -4.903497 4530.917144 43.738852
707 231.975050 -4.751640 5120.579306 48.820002
708 218.284683 -4.576855 5686.839368 47.693158
709 179.064851 -4.380462 6236.282251 40.878075
710 135.256540 -4.166201 6762.786209 32.465198
711 109.313871 -3.938260 7247.452571 27.756897
712 110.711305 -3.699150 7713.025796 29.928854
713 127.695569 -3.448832 8144.770270 37.025742
714 136.164571 -3.185822 8555.756908 42.740802
715 124.170093 -2.909379 8932.845796 42.679249
716 106.447414 -2.620570 9265.252200 40.619948
717 104.164660 -2.320975 9563.387397 44.879705
718 113.010084 -2.010860 9815.692058 56.199884
719 108.444936 -1.689563 10041.918995 64.185179
720 80.379544 -1.357631 10218.478487 59.205758
721 41.926949 -1.017745 10375.817915 41.195933
722 6.199184 -0.673639 10474.761796 9.202537
723 -22.232328 -0.328855 10541.801961 -67.605312
724 -34.850132 0.013837 10573.235772 2518.619761
725 -24.741094 0.353245 10557.710563 70.039538
726 -7.686963 0.690244 10484.071685 11.136588
727 -13.316245 1.026274 10378.748417 12.975331
728 -48.241758 1.360712 10230.844759 35.453314
729 -87.736008 1.690291 10044.116128 51.905871
730 -111.072755 2.011245 9823.965102 55.225867
731 -125.693808 2.321167 9571.290159 54.151118
732 -143.433507 2.618480 9257.706005 54.777403
733 -148.437275 2.901547 8923.471077 51.157970
734 -113.795603 3.170121 8551.651783 35.896296
735 -52.240963 3.427564 8139.736351 15.241425
736 -24.898913 3.679493 7703.053174 6.766941
737 -79.547706 3.928212 7239.494386 20.250359
738 -189.893883 4.168486 6744.760165 45.554641
739 -275.011708 4.389993 6220.391209 62.645136
740 -278.207857 4.584716 5667.740207 60.681589
741 -214.415773 4.752197 5093.553404 45.119297
742 -143.032619 4.898292 4506.571848 29.200508
743 -112.246255 5.029729 3895.387448 22.316562
744 -134.207342 5.149490 3260.750069 26.062257
745 -194.229940 5.255509 2609.379746 36.957401
746 -263.448155 5.342024 1959.962536 49.316173
747 -305.885417 5.402420 1319.412518 56.620072
748 -295.273776 5.432686 662.011529 54.351345
749 -238.783678 5.433822 -1.220536 43.943962
750 -176.535169 5.411127 -668.735096 32.624470
751 -147.045559 5.370490 -1324.250044 27.380286
752 -156.338550 5.314813 -1983.411281 29.415626
753 -183.722155 5.243352 -2645.954249 35.039069
754 -207.457270 5.153555 -3278.659208 40.255180
755 -218.316604 5.043123 -3893.574210 43.289960
756 -216.658380 4.910965 -4506.994206 44.117268
757 -205.491450 4.757221 -5101.397967 43.195693
758 -188.167103 4.582980 -5671.577503 41.057808
759 -170.520077 4.389925 -6213.508836 38.843504
760 -158.954456 4.179765 -6729.051625 38.029520
761 -153.781398 3.953653 -7231.895263 38.896024
762 -150.630832 3.712149 -7713.011831 40.577797
763 -148.298135 3.455575 -8167.881937 42.915614
764 -145.349165 3.184172 -8574.883484 45.647403
765 -130.866184 2.898328 -8928.673103 45.152305
766 -93.066939 2.599602 -9266.213696 35.800463
767 -40.881686 2.291700 -9568.594351 17.839019
768 -7.427546 1.979554 -9835.091619 3.752131
769 -22.894140 1.666240 -10065.484382 13.740000
770 -79.342740 1.350275 -10266.920414 58.760450
771 -126.853488 1.026449 -10417.761883 123.584760
772 -117.046412 0.690441 -10514.374667 169.524199
773 -51.698939 0.343212 -10561.446026 150.632715
774 22.810104 -0.009114 -10574.538970 2502.618918
775 65.974303 -0.359439 -10552.054997 183.547968
776 73.594022 -0.703473 -10496.006327 104.615346
777 65.426365 -1.040278 -10402.973870 62.893139
778 63.110692 -1.370488 -10254.807402 46.049803
779 76.739753 -1.694244 -10071.780135 45.294385
780 96.930746 -2.010266 -9841.002632 48.217862
781 103.493077 -2.316716 -9577.237554 44.672322
782 90.475958 -2.612991 -9280.824598 34.625436
783 75.773801 -2.900235 -8935.612437 26.126782
784 81.771213 -3.179720 -8549.195549 25.716484
785 112.904891 -3.450808 -8144.006733 32.718389
786 152.151787 -3.710536 -7701.729568 41.005344
787 175.684912 -3.955185 -7235.386110 44.418885
788 173.673424 -4.182489 -6732.261258 41.523936
789 157.820588 -4.392545 -6221.276370 35.929187
790 149.084347 -4.586758 -5670.284302 32.503210
791 163.766009 -4.765862 -5083.476774 34.362309
792 206.008391 -4.928349 -4496.725726 41.800687
793 257.198203 -5.070151 -3886.714356 50.727921
794 277.783572 -5.186493 -3268.772073 53.559035
795 243.605060 -5.275539 -2635.275566 46.176338
796 181.076818 -5.340474 -1995.039455 33.906504
797 145.570756 -5.387063 -1333.416349 27.022287
798 163.857286 -5.418622 -649.052276 30.239662
799 212.490709 -5.433534 8.851113 39.107278
800 248.809265 -5.427309 668.431561 45.843947
801 249.846714 -5.396513 1323.296366 46.297809
802 225.872158 -5.340949 1985.241502 42.290640
803 206.088956 -5.262758 2638.216314 39.159879
804 207.148275 -5.163768 3266.938539 40.115723
805 213.190294 -5.044015 3891.968575 42.265994
806 195.950930 -4.903150 4504.309644 39.964293
807 154.086213 -4.742912 5084.235833 32.487683
808 118.617125 -4.567210 5650.034400 25.971462
809 118.523662 -4.379337 6217.560533 27.064291
810 152.997286 -4.179313 6739.961890 36.608241
811 195.161926 -3.963921 7234.869627 49.234560
812 211.623864 -3.729235 7711.617409 56.747264
813 184.402888 -3.473764 8136.986889 53.084458
814 127.156387 -3.200115 8550.670128 39.734945
815 76.437935 -2.913691 8935.390922 26.234061
816 59.015494 -2.619330 9276.065592 22.530755
817 72.011043 -2.318808 9571.464761 31.055205
818 94.055348 -2.011009 9830.159078 46.770236
819 103.358760 -1.693914 10050.076198 61.017715
820 87.401880 -1.366702 10236.843918 63.950939
821 52.138374 -1.030920 10372.571945 50.574618
822 20.530595 -0.689889 10483.336203 29.759264
823 6.562833 -0.346644 10559.140093 18.932496
824 -4.117559 -0.002712 10575.711689 -1518.396895
825 -30.864492 0.340659 10554.741884 90.602220
826 -64.058868 0.680881 10490.619276 94.082315
827 -76.699862 1.014880 10384.566713 75.575307
828 -63.735275 1.341436 10248.825811 47.512738
829 -46.866999 1.661648 10062.713132 28.205129
830 -46.149329 1.977032 9846.871800 23.342736
831 -65.969155 2.287625 9585.555466 28.837405
832 -97.810405 2.591515 9281.927481 37.742563
833 -122.053154 2.885688 8954.775967 42.296036
834 -122.968514 3.167863 8583.889447 38.817494
835 -111.862510 3.437852 8171.792009 32.538485
836 -120.017192 3.696487 7726.962100 32.467907
837 -161.952005 3.942819 7255.202457 41.075178
838 -213.153933 4.172869 6755.950693 51.080902
839 -229.374636 4.381908 6220.288846 52.345839
840 -192.873698 4.568474 5677.109465 42.218411
841 -138.786740 4.735910 5112.900478 29.305192
842 -123.557867 4.889124 4520.174270 25.271986
843 -164.136930 5.029490 3918.957903 32.634906
844 -222.308738 5.153293 3284.764703 43.139165
845 -251.514451 5.255124 2653.430772 47.860801
846 -241.026048 5.332149 1990.766926 45.202422
847 -210.966676 5.385235 1330.436772 39.175018
848 -185.888218 5.417179 674.643131 34.314582
849 -180.997023 5.430359 -0.751251 33.330581
850 -196.848810 5.425260 -649.775411 36.283759
851 -219.076720 5.400422 -1316.602931 40.566595
852 -232.888458 5.353755 -1973.987882 43.500024
853 -239.903676 5.283860 -2607.537197 45.403106
854 -250.791493 5.189936 -3254.925054 48.322656
855 -261.498727 5.070925 -3880.484523 51.568254
856 -249.967780 4.925952 -4482.503463 50.745069
857 -202.166905 4.756300 -5084.791873 42.505079
858 -134.694980 4.566605 -5670.839914 29.495648
859 -85.013017 4.363287 -6202.155532 19.483710
860 -78.409634 4.151092 -6726.143154 18.888916
861 -106.995019 3.930754 -7235.565803 27.219975
862 -141.867695 3.699667 -7701.718347 38.346068
863 -161.207718 3.454533 -8144.880289 46.665556
864 -163.056179 3.193429 -8554.406312 51.059909
865 -155.678321 2.916093 -8917.193536 53.385927
866 -143.151643 2.623229 -9244.017029 54.570785
867 -122.527340 2.316117 -9554.130271 52.902055
868 -90.933135 1.996846 -9840.546826 45.538375
869 -50.823827 1.668556 -10079.032396 30.459770
870 -10.823425 1.335185 -10245.686873 8.106310
871 14.093578 1.000607 -10388.533444 -14.085032
872 10.483478 0.667191 -10495.810067 -15.712867
873 -14.699769 0.334631 -10555.124484 43.928315
874 -30.931314 0.000679 -10576.852188 45550.168895
875 -15.720839 -0.336086 -10562.090036 -46.776304
876 17.543866 -0.674264 -10501.775210 26.019279
877 40.294506 -1.010789 -10404.046836 39.864409
878 48.552804 -1.343417 -10251.075563 36.141263
879 62.278128 -1.671139 -10067.493874 37.266878
880 89.995710 -1.992502 -9844.034197 45.167178
881 114.343119 -2.304894 -9581.936719 49.608834
882 117.651497 -2.606040 -9280.811496 45.145694
883 107.744906 -2.895539 -8932.215567 37.210660
884 107.377989 -3.174176 -8559.414957 33.828622
885 125.044690 -3.441914 -8146.665396 36.329992
886 146.366305 -3.697114 -7716.615670 39.589342
887 151.369727 -3.937821 -7234.199706 38.439967
888 137.307208 -4.163564 -6742.977211 32.978288
889 128.722019 -4.375535 -6217.334797 29.418580
890 157.347371 -4.574307 -5656.159047 34.398080
891 219.494689 -4.757041 -5073.170534 46.141008
892 266.177284 -4.917959 -4486.285990 54.123531
893 255.532645 -5.052765 -3874.550980 50.572838
894 203.243722 -5.162382 -3257.279895 39.370147
895 160.476502 -5.251582 -2616.383757 30.557746
896 154.916424 -5.324405 -1973.196532 29.095536
897 175.479886 -5.381517 -1315.167399 32.607886
898 202.096093 -5.421036 -664.018682 37.279979
899 224.241987 -5.440383 -9.700319 41.218053
900 235.011786 -5.437401 665.163832 43.221342
901 231.531447 -5.411045 1327.024751 42.788674
902 225.836332 -5.361559 1974.651038 42.121395
903 237.390218 -5.289335 2632.199285 44.880918
904 264.960156 -5.193224 3262.565457 51.020358
905 277.869111 -5.070740 3899.379706 54.798534
906 247.364452 -4.920848 4509.130639 50.268662
907 180.874616 -4.746535 5103.765170 38.106668
908 116.867520 -4.554111 5660.815066 25.661985
909 90.510053 -4.349673 6217.824856 20.808475
910 107.198892 -4.135810 6748.190078 25.919684
911 139.888359 -3.911088 7246.218071 35.767119
912 149.248094 -3.672583 7710.957707 40.638458
913 120.001058 -3.419496 8159.562875 35.093202
914 81.539800 -3.154493 8556.763418 25.848780
915 77.168226 -2.881033 8946.218116 26.784918
916 110.320582 -2.599520 9309.435453 42.438824
917 139.434048 -2.307013 9611.427619 60.439220
918 128.507824 -2.000917 9869.966076 64.224465
919 84.904374 -1.682256 10089.437021 50.470554
920 43.745733 -1.355077 10286.374853 32.282830
921 28.940181 -1.023291 10441.527374 28.281481
922 35.103303 -0.688428 10533.071068 50.990510
923 40.214806 -0.350067 10593.961711 114.877345
924 28.630922 -0.007832 10615.994675 3655.495664
925 1.699213 0.337133 10598.513802 -5.040180
926 -29.425230 0.682236 10531.807755 43.130548
927 -57.336689 1.024428 10417.190795 55.969492
928 -81.824663 1.360912 10273.571732 60.124871
929 -100.085984 1.689262 10083.028603 59.248342
930 -103.382357 2.007732 9841.595667 51.492098
931 -91.814769 2.315997 9559.812689 39.643730
932 -81.849216 2.615065 9257.278193 31.299108
933 -86.089001 2.905819 8932.418452 29.626417
934 -95.176470 3.187920 8567.260878 29.855351
935 -94.508387 3.460596 8168.841034 27.309857
936 -91.774074 3.723848 7730.529810 24.644956
937 -112.515673 3.977720 7268.420223 28.286475
938 -167.021022 4.220041 6756.268572 39.578052
939 -230.979830 4.445576 6222.096973 51.957236
940 -267.413346 4.648255 5685.459503 57.529840
941 -265.526087 4.824527 5123.391386 55.036707
942 -245.828928 4.974394 4522.781190 49.418873
943 -226.580931 5.099661 3908.557236 44.430585
944 -203.673190 5.202301 3278.312666 39.150599
945 -172.409190 5.284655 2637.815183 32.624492
946 -151.132057 5.349689 1987.884343 28.250625
947 -163.933556 5.399311 1328.388894 30.361938
948 -206.709868 5.432277 658.312992 38.052158
949 -247.914902 5.444588 -14.430377 45.534191
950 -259.742709 5.432362 -687.757429 47.813955
951 -234.654643 5.394475 -1356.845276 43.499070
952 -180.755500 5.333370 -2018.806824 33.891426
953 -123.344627 5.254227 -2660.748658 23.475313
954 -104.169943 5.162426 -3307.994515 20.178487
955 -149.838950 5.059642 -3927.390032 29.614533
956 -235.543178 4.941523 -4524.241423 47.666106
957 -299.642056 4.800040 -5102.102039 62.424911
958 -299.540764 4.629151 -5692.638321 64.707496
959 -241.970250 4.428799 -6240.832382 54.635632
960 -163.021474 4.204427 -6770.863886 38.773766
961 -97.994521 3.963631 -7273.880814 24.723419
962 -69.286866 3.712725 -7753.351333 18.661996
963 -79.781148 3.454553 -8192.377153 23.094491
964 -109.332600 3.188240 -8607.270877 34.292458
965 -130.425369 2.911073 -8972.811648 44.803195
966 -131.703726 2.621037 -9303.720935 50.248709
967 -120.227098 2.317937 -9602.153683 51.868145
968 -104.861523 2.002843 -9854.326699 52.356345
969 -86.517928 1.677285 -10075.369560 51.582112
970 -62.512644 1.343125 -10256.372519 46.542684
971 -32.626749 1.002764 -10387.849984 32.536828
972 0.332388 0.659166 -10494.032406 -0.504255
973 31.805125 0.315589 -10554.127795 -100.780051
974 56.333519 -0.024865 -10576.868833 2265.580519
975 69.977862 -0.359778 -10555.471011 194.502774
976 71.398701 -0.687795 -10496.621704 103.808140
977 57.916782 -1.008794 -10403.840558 57.411876
978 26.234843 -1.324160 -10247.139750 19.812442
979 -13.385962 -1.636979 -10066.836060 -8.177235
980 -30.279716 -1.950946 -9857.360153 -15.520532
981 1.611697 -2.267516 -9590.050265 0.710776
982 72.072825 -2.583590 -9270.328013 27.896386
983 141.854380 -2.892467 -8918.450886 49.042696
984 179.882967 -3.187437 -8540.315046 56.434987
985 184.253250 -3.464708 -8126.019981 53.180017
986 173.980341 -3.723677 -7685.280735 46.722722
987 170.886056 -3.965183 -7217.107063 43.096640
988 184.015770 -4.189455 -6724.154176 43.923555
989 203.053455 -4.395273 -6219.626170 46.198143
990 210.214191 -4.580892 -5660.425741 45.889362
991 201.515105 -4.745629 -5091.331340 42.463310
992 188.208922 -4.890249 -4502.330559 38.486569
993 175.724662 -5.016035 -3892.150563 35.032583
994 157.084780 -5.124304 -3265.653778 30.654851
995 134.622254 -5.216908 -2623.391740 25.804991
996 131.556121 -5.295886 -1981.111914 24.841190
997 168.003268 -5.361365 -1326.695372 31.335914
998 232.778565 -5.409795 -658.065065 43.029093
999 289.268276 -5.435020 -1.859312 53.223042
