50 -163.876039 5.403963 -685.596702 30.325159
51 -215.272909 5.374357 -1342.909170 40.055565
52 -243.256854 5.323431 -1998.965511 45.695499
53 -228.682546 5.248551 -2639.532766 43.570603
54 -187.870913 5.151028 -3283.572740 36.472509
55 -152.588436 5.034668 -3913.943360 30.307547
56 -147.573306 4.902787 -4529.687968 30.099879
57 -175.188088 4.755865 -5129.551029 36.836223
58 -210.708987 4.591353 -5696.803068 45.892567
59 -222.463548 4.405981 -6245.935422 50.491262
60 -202.995328 4.198636 -6780.110580 48.347922
61 -171.819316 3.971088 -7281.058352 43.267563
62 -148.842263 3.726282 -7742.290961 39.943910
63 -137.118330 3.466493 -8192.609049 39.555345
64 -130.215992 3.192954 -8601.785006 40.782294
65 -123.558988 2.906392 -8957.243547 42.512841
66 -114.071897 2.607496 -9295.811038 43.747674
67 -95.984085 2.297265 -9601.500588 41.781890
68 -65.562210 1.977544 -9851.917965 33.153346
69 -30.521710 1.651310 -10067.421834 18.483331
70 -7.077250 1.321923 -10256.073907 5.353754
71 -2.990019 0.991658 -10390.950296 3.015170
72 -9.100887 0.661008 -10490.703350 13.768196
73 -12.638524 0.329475 -10554.769291 38.359552
74 -12.273066 -0.003286 -10564.702320 -3735.304122
75 -12.684435 -0.337285 -10553.180555 -37.607488
76 -10.777156 -0.672536 -10499.557280 -16.024646
77 2.455719 -1.008767 -10395.474839 2.434376
78 28.855113 -1.344638 -10244.778705 21.459391
79 59.893865 -1.677584 -10052.701523 35.702447
80 86.167105 -2.004585 -9825.915854 42.985019
81 105.586918 -2.323028 -9556.583611 45.452278
82 122.341527 -2.630935 -9264.007378 46.501160
83 140.434952 -2.926594 -8929.030018 47.985798
84 158.646691 -3.208206 -8550.714727 49.450280
85 170.095829 -3.474009 -8134.754004 48.962402
86 166.908343 -3.722928 -7692.591496 44.832545
87 149.853680 -3.955279 -7224.037543 37.887005
88 134.134305 -4.172635 -6715.165186 32.146187
89 136.487459 -4.376417 -6194.228594 31.187033
90 153.784382 -4.566417 -5648.938977 33.677251
91 167.800778 -4.741074 -5077.017611 35.392986
92 174.809867 -4.899021 -4481.827028 35.682613
93 191.493124 -5.039400 -3875.582453 37.999190
94 223.348225 -5.160488 -3246.699718 43.280443
95 246.705455 -5.259312 -2620.046929 46.908315
96 237.327641 -5.333755 -1972.715544 44.495411
97 206.815699 -5.384656 -1316.013405 38.408339
98 193.887943 -5.414719 -646.407658 35.807571
99 217.526207 -5.425066 14.027919 40.096508
100 250.896578 -5.413571 671.664702 46.345852
101 251.069999 -5.377280 1336.407283 46.690890
102 209.020686 -5.316255 2004.153640 39.317277
103 159.723424 -5.234391 2657.104664 30.514232
104 143.587604 -5.136261 3285.048767 27.955666
105 166.985409 -5.023428 3908.100577 33.241329
106 202.661088 -4.893792 4522.978270 41.411872
107 219.741158 -4.744055 5113.540387 46.319269
108 207.106645 -4.572601 5693.534158 45.292965
109 174.524264 -4.380606 6226.091413 39.840209
110 141.739787 -4.171160 6747.678381 33.980903
111 126.922387 -3.947385 7243.242779 32.153536
112 135.617184 -3.710713 7712.546689 36.547477
113 153.673578 -3.460395 8150.634670 44.409254
114 157.594007 -3.194836 8561.297370 49.327724
115 139.915176 -2.913710 8934.156391 48.019591
116 117.456594 -2.618632 9271.743355 44.854175
117 106.626941 -2.311699 9566.119043 46.124921
118 99.167108 -1.994069 9834.168462 49.731043
119 74.211188 -1.666677 10064.105039 44.526430
120 31.639541 -1.332026 10252.063191 23.752945
121 -0.859135 -0.994124 10392.933727 -0.864214
122 -2.515186 -0.656032 10488.363553 -3.833941
123 9.655404 -0.318067 10552.478806 30.356534
124 2.545543 0.020686 10570.065669 -123.053502
125 -24.959274 0.359506 10549.878027 69.426500
126 -39.989339 0.695943 10482.203276 57.460622
127 -27.452425 1.028635 10368.215694 26.688209
128 -18.076856 1.358557 10218.441726 13.305920
129 -46.691740 1.686331 10037.103965 27.688359
130 -100.070967 2.009212 9822.924584 49.806083
131 -130.448860 2.322290 9552.649857 56.172504
132 -116.268263 2.622721 9261.985680 44.331154
133 -88.381215 2.911646 8925.319235 30.354384
134 -90.797417 3.191461 8550.217501 28.450111
135 -130.031198 3.461870 8138.920852 37.560968
136 -172.896841 3.719247 7703.034873 46.487056
137 -186.078098 3.959597 7229.639215 46.994204
138 -168.070700 4.181611 6745.914673 40.192807
139 -144.554876 4.386864 6221.161969 32.951757
140 -140.750860 4.577487 5667.833012 30.748497
141 -162.778647 4.753813 5102.140581 34.241699
142 -200.217947 4.913731 4512.096786 40.746627
143 -235.745791 5.053642 3897.086240 46.648695
144 -252.496351 5.170139 3281.139557 48.837440
145 -243.288339 5.261611 2639.313328 46.238379
146 -217.499274 5.328896 1994.003752 40.815069
147 -194.840134 5.374403 1341.933986 36.253352
148 -188.442926 5.400282 690.144025 34.895017
149 -193.104997 5.407219 18.065763 35.712445
150 -193.011753 5.394890 -650.940356 35.776776
151 -182.449726 5.363355 -1305.880126 34.017833
152 -173.254879 5.313566 -1951.596329 32.606141
153 -180.282350 5.246310 -2603.643062 34.363649
154 -205.846320 5.160864 -3251.809482 39.886019
155 -236.413118 5.054787 -3881.103834 46.770144
156 -248.142981 4.925228 -4498.323963 50.382031
157 -223.220455 4.771172 -5082.328239 46.785245
158 -170.461210 4.595039 -5650.507293 37.096796
159 -123.952206 4.401805 -6205.334472 28.159405
160 -113.274977 4.195863 -6741.607193 26.996827
161 -137.412616 3.978291 -7230.864469 34.540617
162 -169.468801 3.746912 -7700.986018 45.228928
163 -181.585402 3.498761 -8137.990691 51.899923
164 -164.208838 3.232706 -8564.634951 50.796090
165 -129.351744 2.950382 -8945.584078 43.842372
166 -100.184748 2.655071 -9293.798846 37.733354
167 -91.243695 2.349563 -9587.043573 38.834332
168 -94.187423 2.034824 -9856.862957 46.287747
169 -87.769138 1.710751 -10075.504940 51.304457
170 -62.215243 1.378070 -10250.011203 45.146661
171 -27.843494 1.039244 -10394.094664 26.792076
172 -2.592762 0.697554 -10505.592085 3.716934
173 2.861739 0.355433 -10574.420675 -8.051415
174 -7.026641 0.013464 -10601.950814 521.879534
175 -14.167763 -0.329185 -10580.411031 -43.038960
176 -0.807711 -0.673072 -10517.901332 -1.200036
177 35.377039 -1.016842 -10423.794499 34.791076
178 80.622355 -1.356997 -10283.855668 59.412327
179 114.970804 -1.689183 -10103.992117 68.062981
180 123.920206 -2.010090 -9881.064766 61.649082
181 108.976523 -2.318812 -9621.363402 46.996713
182 85.838900 -2.616702 -9306.306951 32.804230
183 68.167196 -2.905959 -8965.464991 23.457730
184 62.099692 -3.188305 -8590.922213 19.477336
185 79.136087 -3.464252 -8181.314749 22.843627
186 133.334626 -3.731964 -7746.174127 35.727739
187 212.678737 -3.986115 -7272.178237 53.354889
188 272.182864 -4.219167 -6777.028172 64.511039
189 273.789794 -4.425505 -6250.380824 61.866335
190 223.707083 -4.604910 -5703.980240 48.580121
191 160.278530 -4.762052 -5113.014295 33.657454
192 117.627591 -4.902983 -4522.690915 23.991024
193 111.424253 -5.031844 -3918.364840 22.143822
194 143.692811 -5.149234 -3284.618655 27.905666
195 199.840487 -5.252047 -2649.796029 38.050018
196 246.705748 -5.334954 -2010.669335 46.243272
197 255.642043 -5.393524 -1356.654381 47.397965
198 231.457235 -5.426818 -692.583478 42.650637
199 205.967038 -5.436972 -16.240370 37.882671
200 202.696270 -5.426332 648.280690 37.354196
201 218.456475 -5.395257 1325.195175 40.490464
202 235.665976 -5.342327 1984.406162 44.112983
203 239.584599 -5.265945 2623.573390 45.496981
204 225.474967 -5.165760 3270.176346 43.647978
205 199.359052 -5.043129 3892.986105 39.530824
206 171.716672 -4.900573 4496.145546 35.040124
207 147.984615 -4.740810 5093.558220 31.215052
208 129.882894 -4.566204 5660.465870 28.444389
209 124.825987 -4.378504 6219.644593 28.508819
210 142.672268 -4.178124 6743.408271 34.147450
211 177.593136 -3.963322 7246.198574 44.809163
212 200.439603 -3.730860 7718.643983 53.724772
213 180.862739 -3.478723 8156.730279 51.991127
214 121.391126 -3.208851 8537.725236 37.830094
215 61.713904 -2.926841 8915.432179 21.085498
216 42.954029 -2.638303 9253.044058 16.280928
217 73.567899 -2.345044 9562.229464 31.371644
218 129.548894 -2.044212 9817.989204 63.373525
219 172.557610 -1.730533 10065.968279 99.713578
220 166.964738 -1.400013 10254.572796 119.259418
221 100.905735 -1.053319 10395.642226 95.797871
222 2.188621 -0.696819 10502.833088 3.140875
223 -76.557107 -0.339926 10548.723396 -225.216931
224 -98.315612 0.009806 10580.369101 10025.814378
225 -69.207041 0.350146 10562.592910 197.651871
226 -28.471077 0.683661 10501.613470 41.645026
227 -13.222253 1.014102 10403.304839 13.038390
228 -30.184404 1.342939 10255.503079 22.476381
229 -58.697337 1.668662 10067.149219 35.176290
230 -78.695517 1.988597 9849.075622 39.573387
231 -90.945406 2.300733 9588.883536 39.528891
232 -107.588531 2.603731 9288.520455 41.320911
233 -129.030234 2.895922 8947.222518 44.555835
234 -140.246485 3.175298 8573.025502 44.167970
235 -131.374404 3.440828 8176.849796 38.181047
236 -113.834865 3.693298 7730.991689 30.822011
237 -111.251189 3.934254 7279.395280 28.277580
238 -135.410997 4.163851 6774.761512 32.520619
239 -173.565116 4.379785 6239.522824 39.628686
240 -203.958791 4.578436 5686.296926 44.547704
241 -220.337391 4.756814 5129.430171 46.320374
242 -228.671749 4.913220 4536.078322 46.542139
243 -226.455458 5.046843 3915.069840 44.870713
244 -206.967548 5.157974 3291.453244 40.125744
245 -179.802728 5.248478 2632.737749 34.258068
246 -166.704278 5.320880 1978.622564 31.330211
247 -178.491323 5.376394 1309.356975 33.199081
248 -206.183409 5.413921 648.290340 38.083930
249 -230.735492 5.430859 -0.373358 42.486000
250 -238.150137 5.424875 -658.938182 43.899658
251 -231.345506 5.395200 -1313.954861 42.879874
252 -227.186269 5.342365 -1975.357566 42.525407
253 -233.931516 5.266709 -2630.667999 44.417022
254 -235.438802 5.167699 -3267.450394 45.559693
255 -210.654533 5.045379 -3892.966932 41.751975
256 -165.253990 4.902177 -4503.805397 33.710328
257 -129.722942 4.742364 -5084.759836 27.354069
258 -128.040728 4.569283 -5659.202509 28.022060
259 -156.901640 4.383134 -6205.651063 35.796680
260 -190.324320 4.181255 -6718.240447 45.518466
261 -200.352353 3.960549 -7227.540716 50.587011
262 -181.411833 3.720063 -7694.753139 48.765796
263 -154.215611 3.461503 -8133.874554 44.551630
264 -137.716823 3.187420 -8549.688224 43.206369
265 -125.423927 2.899524 -8923.691765 43.256731
266 -100.510513 2.599200 -9263.441885 38.669783
267 -63.287969 2.288936 -9571.024204 27.649510
268 -30.639537 1.972303 -9847.872874 15.534903
269 -15.994620 1.652450 -10062.556704 9.679338
270 -20.647329 1.330834 -10250.064807 15.514579
271 -39.150062 1.007036 -10393.900928 38.876516
272 -61.147380 0.679291 -10496.656981 90.016529
273 -68.965208 0.345548 -10571.876081 199.581891
274 -46.735361 0.005169 -10586.194834 9041.496279
275 2.790953 -0.339647 -10576.104428 8.217209
276 57.763093 -0.684139 -10508.567847 84.431780
277 95.642366 -1.023004 -10405.439567 93.491714
278 106.749915 -1.352532 -10259.228145 78.925988
279 93.355731 -1.671593 -10079.453908 55.848365
280 66.989353 -1.981430 -9838.043698 33.808584
281 46.833047 -2.284516 -9567.999370 20.500203
282 49.444862 -2.582721 -9263.195063 19.144481
283 74.835212 -2.875784 -8929.168110 26.022542
284 105.672887 -3.161317 -8546.273480 33.426857
285 122.936861 -3.436404 -8145.649726 35.774862
286 124.556539 -3.699337 -7707.474230 33.669967
287 128.546202 -3.949795 -7219.429064 32.545032
288 154.010334 -4.187210 -6719.615559 36.781138
289 199.550901 -4.409047 -6195.963314 45.259422
290 243.833051 -4.610939 -5640.273532 52.881434
291 263.612123 -4.788657 -5070.987377 55.049278
292 247.865078 -4.940318 -4483.610775 50.171884
293 204.008414 -5.067436 -3889.075830 40.258705
294 158.647764 -5.174168 -3264.302509 30.661501
295 142.716106 -5.264780 -2643.488617 27.107704
296 165.772192 -5.340782 -1999.025923 31.038934
297 209.316608 -5.400033 -1343.152738 38.762095
298 247.259479 -5.438406 -682.020743 45.465433
299 266.009197 -5.452219 -18.681048 48.789164
300 266.029802 -5.439589 652.070363 48.906232
301 253.281820 -5.400462 1314.643694 46.900031
302 232.195576 -5.336074 1966.636223 43.514308
303 204.771954 -5.248521 2614.680485 39.015173
304 175.075324 -5.140512 3246.002662 34.057954
305 151.995812 -5.014941 3868.264294 30.308596
306 144.951676 -4.874033 4476.395227 29.739575
307 156.337140 -4.718472 5084.962231 33.133005
308 176.502239 -4.547198 5658.387311 38.815602
309 186.273983 -4.358363 6214.811953 42.739438
310 170.579827 -4.151121 6750.165020 41.092470
311 133.042061 -3.927012 7245.613931 33.878701
312 94.947363 -3.689604 7726.367101 25.733756
313 79.629204 -3.442505 8177.204856 23.131184
314 95.669682 -3.187171 8597.053397 30.017118
315 129.666154 -2.922115 8966.121977 44.374078
316 156.509576 -2.644157 9292.043131 59.190737
317 160.182778 -2.350749 9590.965517 68.141177
318 141.478006 -2.041511 9844.041530 69.300625
319 107.788620 -1.718250 10062.958485 62.731615
320 67.013192 -1.384272 10250.898114 48.410425
321 30.570761 -1.043555 10398.370386 29.294815
322 7.158489 -0.699666 10493.874148 10.231290
323 -7.543278 -0.354986 10552.055976 -21.249488
324 -22.436556 -0.011069 10578.666506 -2027.036523
325 -34.719813 0.330623 10548.469534 105.013264
326 -34.307281 0.668955 10501.409686 51.284914
327 -22.880077 1.003955 10394.057872 22.789937
328 -17.975072 1.336612 10243.835896 13.448230
329 -34.511120 1.667283 10048.440853 20.699013
330 -66.882784 1.994364 9830.077039 33.535896
331 -94.885921 2.314797 9569.272582 40.991036
332 -106.302685 2.625889 9276.453877 40.482550
333 -109.074972 2.926428 8939.916607 37.272389
334 -122.525182 3.215968 8581.617823 38.099009
335 -158.621652 3.493056 8167.365566 45.410571
336 -206.938137 3.754170 7731.569963 55.122210
337 -237.273774 3.994743 7267.133012 59.396511
338 -226.122062 4.211950 6766.484340 53.685838
339 -183.402431 4.406821 6253.695765 41.617855
340 -145.294520 4.583308 5709.363826 31.700796
341 -138.576405 4.744989 5129.496714 29.204790
342 -157.335082 4.892590 4530.953847 32.157833
343 -174.246337 5.024476 3912.935179 34.679501
344 -170.435695 5.139125 3282.884962 33.164344
345 -154.804178 5.236837 2630.515315 29.560627
346 -155.743763 5.318927 1979.566232 29.281051
347 -193.316088 5.385123 1336.304625 35.898175
348 -257.322481 5.431754 676.986244 47.373735
349 -308.987917 5.452754 2.851815 56.666392
350 -307.744105 5.443313 -660.414709 56.536179
351 -248.577299 5.403602 -1331.340528 46.002144
352 -173.771881 5.339170 -1989.133852 32.546611
353 -135.790973 5.257034 -2637.808962 25.830339
354 -149.147964 5.160872 -3282.516378 28.899760
355 -187.220975 5.049588 -3913.557859 37.076489
356 -217.028894 4.919659 -4521.703324 44.114622
357 -223.402180 4.768230 -5105.796578 46.852228
358 -207.387085 4.594650 -5673.799698 45.136646
359 -178.898420 4.400438 -6227.019833 40.654684
360 -153.398331 4.188311 -6749.136469 36.625343
361 -144.280203 3.960701 -7250.640732 36.427946
362 -150.437099 3.718528 -7720.904803 40.456090
363 -154.822889 3.461326 -8157.591879 44.729357
364 -141.017200 3.188801 -8552.913329 44.222635
365 -108.329949 2.902338 -8927.279865 37.325066
366 -68.371923 2.605103 -9273.683067 26.245387
367 -36.419375 2.300965 -9577.445407 15.827871
368 -30.038838 1.992970 -9849.651841 15.072398
369 -59.169275 1.681662 -10074.302210 35.184993
370 -105.656948 1.364280 -10254.944380 77.445191
371 -126.989378 1.036549 -10409.220043 122.511728
372 -94.738389 0.696586 -10519.385904 136.003955
373 -23.362964 0.347487 -10580.137002 67.234001
374 45.129777 -0.003977 -10602.934473 11348.038918
375 79.602444 -0.351227 -10574.810444 226.641123
376 80.684106 -0.690804 -10493.658624 116.797396
377 68.887118 -1.022416 -10376.520360 67.376784
378 58.264711 -1.347122 -10235.219787 43.251256
379 47.290063 -1.666004 -10056.137653 28.385321
380 34.533869 -1.980179 -9822.209105 17.439768
381 31.531162 -2.290821 -9562.334199 13.764131
382 51.819490 -2.598108 -9257.750811 19.945086
383 93.797519 -2.900026 -8916.507132 32.343685
384 141.696143 -3.192514 -8545.724248 44.383874
385 177.924205 -3.470933 -8141.468675 51.261210
386 191.022035 -3.731757 -7700.510097 51.188236
387 181.881243 -3.973671 -7238.635444 45.771586
388 167.371456 -4.197445 -6748.892537 39.874604
389 167.712515 -4.404349 -6223.284923 38.078846
390 184.939499 -4.594331 -5671.588761 40.253850
391 201.338519 -4.765827 -5102.590173 42.246290
392 202.407196 -4.917328 -4509.756545 41.162027
393 194.345423 -5.048670 -3889.705378 38.494382
394 194.622584 -5.160502 -3272.454766 37.713884
395 210.645549 -5.252733 -2634.186596 40.102085
396 232.758796 -5.323846 -1982.437516 43.720050
397 243.911156 -5.371776 -1321.029073 45.406056
398 232.411582 -5.395510 -654.048783 43.074995
399 201.316273 -5.396174 7.723616 37.307222
400 168.987275 -5.376718 663.076955 31.429450
401 154.766008 -5.340203 1319.977628 28.981294
402 161.902539 -5.288027 1977.835789 30.616813
403 178.033165 -5.219586 2634.707935 34.108675
404 190.491806 -5.133377 3275.282619 37.108477
405 196.120725 -5.028178 3904.080100 39.004329
406 197.835573 -4.903399 4515.283987 40.346616
407 197.239153 -4.758855 5116.507451 41.446769
408 193.668367 -4.594613 5692.077896 42.151184
409 190.215197 -4.411006 6236.582869 43.122863
410 194.437315 -4.208310 6761.578874 46.203184
411 206.242514 -3.986099 7255.309776 51.740437
412 210.177831 -3.743329 7720.621167 56.147309
413 188.820127 -3.479759 8166.316787 54.262410
414 141.407105 -3.197533 8579.709954 44.223811
415 84.708478 -2.901245 8941.038199 29.197282
416 39.720748 -2.596385 9274.415616 15.298479
417 19.594899 -2.287340 9566.712827 8.566674
418 24.643654 -1.976121 9819.148916 12.470719
419 44.228699 -1.662315 10050.027834 26.606686
420 64.283615 -1.344085 10240.541517 47.827045
421 76.416445 -1.019497 10382.531163 74.955080
422 80.118605 -0.687336 10480.540741 116.563941
423 73.716513 -0.347244 10548.672750 212.290446
424 48.218675 0.000060 10558.612256 -808664.407710
425 -0.803467 0.351979 10533.374172 2.282710
426 -59.075394 0.703737 10469.774726 83.945322
427 -102.070414 1.049719 10379.460908 97.235900
428 -116.988886 1.385738 10240.716320 84.423498
429 -110.102518 1.710243 10047.020026 64.378289
430 -94.484202 2.023807 9828.638875 46.686373
431 -77.702375 2.327930 9560.056687 33.378314
432 -63.494812 2.624264 9261.402505 24.195283
433 -60.991535 2.914155 8927.438630 20.929408
434 -85.615567 3.197717 8555.230334 26.773968
435 -143.123014 3.472429 8149.729559 41.216970
436 -209.744356 3.732742 7719.432578 56.190423
437 -240.098559 3.972392 7252.598137 60.441809
438 -209.660239 4.188563 6745.264218 50.055405
439 -144.756137 4.384069 6213.803773 33.018671
440 -99.522153 4.564925 5664.049002 21.801487
441 -107.949267 4.735362 5093.139199 22.796413
442 -161.969943 4.894611 4502.879529 33.091482
443 -225.275494 5.037588 3897.458257 44.718924
444 -263.077622 5.158260 3269.777302 51.001234
445 -263.939441 5.252942 2639.647518 50.246023
446 -237.364987 5.321460 1994.057892 44.605235
447 -199.334694 5.366339 1332.634416 37.145379
448 -169.156415 5.391221 675.360643 31.376275
449 -167.294591 5.398942 11.341698 30.986550
450 -194.911592 5.389673 -670.547940 36.163900
451 -222.147165 5.360914 -1337.087262 41.438298
452 -217.440010 5.310225 -1994.035899 40.947420
453 -184.477737 5.238041 -2634.502542 35.218845
454 -154.894676 5.147375 -3274.344065 30.091975
455 -151.447868 5.040990 -3897.159468 30.043280
456 -172.075246 4.919255 -4503.571481 34.979943
457 -202.939968 4.780228 -5099.029848 42.454033
458 -231.849673 4.620925 -5674.058058 50.173868
459 -247.978334 4.438542 -6219.540378 55.869324
460 -239.859500 4.231566 -6735.047023 56.683384
461 -204.056773 4.000844 -7240.835647 51.003429
462 -154.922865 3.749832 -7711.681167 41.314615
463 -115.294330 3.483241 -8142.424261 33.099726
464 -93.866756 3.204960 -8552.061975 29.287967
465 -80.464145 2.917226 -8939.067812 27.582419
466 -66.513912 2.621458 -9276.895202 25.372865
467 -59.217981 2.318986 -9585.311422 25.536153
468 -69.164754 2.010441 -9854.019523 34.402785
469 -92.163131 1.694863 -10067.759098 54.377915
470 -110.033771 1.370113 -10240.116830 80.310014
471 -104.389900 1.034559 -10386.635695 100.902772
472 -67.376704 0.688836 -10486.868583 97.812461
473 -8.245967 0.336567 -10543.010740 24.500241
474 46.766090 -0.016561 -10570.189764 2823.913192
475 72.306321 -0.365269 -10564.188735 197.953509
476 67.756625 -0.707009 -10502.325335 95.835560
477 56.113199 -1.042031 -10396.292260 53.849818
478 58.849847 -1.371313 -10250.255064 42.914955
479 78.473073 -1.694562 -10073.877184 46.308771
480 99.722449 -2.009946 -9850.283543 49.614491
481 100.706873 -2.315533 -9593.104143 43.491881
482 73.756452 -2.611297 -9292.952500 28.245143
483 42.720895 -2.899727 -8952.291264 14.732728
484 46.775598 -3.183581 -8569.677384 14.692761
485 99.892467 -3.462329 -8153.338315 28.851233
486 175.782027 -3.730892 -7708.609367 47.115277
487 234.468622 -3.982030 -7229.251912 58.881681
488 254.789775 -4.210053 -6733.500000 60.519376
489 242.059647 -4.412877 -6207.134228 54.853020
490 213.703821 -4.591623 -5652.653801 46.542107
491 182.770277 -4.749017 -5080.380816 38.485920
492 155.484563 -4.888104 -4492.189977 31.808770
493 138.341064 -5.011558 -3890.109786 27.604403
494 137.801355 -5.121036 -3264.986385 26.908880
495 153.899436 -5.216594 -2625.169680 29.501902
496 181.259955 -5.296667 -1963.274658 34.221512
497 212.690765 -5.358578 -1299.692558 39.691640
498 237.331318 -5.399277 -629.741520 43.956131
499 244.494437 -5.416393 37.724175 45.139713
500 234.702368 -5.409207 684.016970 43.389423
501 219.753143 -5.378593 1340.917396 40.856996
502 211.053646 -5.325948 1992.641393 39.627435
503 212.537372 -5.252109 2640.425146 40.467052
504 219.755128 -5.156965 3277.826208 42.613266
505 220.474398 -5.039900 3896.621333 43.745791
506 203.249625 -4.900944 4508.013504 41.471530
507 172.137713 -4.741786 5087.398525 36.302291
508 147.672417 -4.565359 5652.457428 32.346291
509 146.185243 -4.373960 6210.478238 33.421713
510 160.179720 -4.167806 6751.624979 38.432624
511 165.354785 -3.945713 7247.632102 41.907459
512 148.191161 -3.707283 7705.719548 39.972983
513 122.333664 -3.454113 8139.330208 35.416810
514 113.901605 -3.188556 8530.755909 35.722002
515 131.700086 -2.911376 8905.153358 45.236365
516 155.738895 -2.620970 9250.359223 59.420332
517 154.957904 -2.315203 9547.022390 66.930580
518 113.580395 -1.994292 9812.757772 56.952737
519 43.803398 -1.662269 10041.496360 26.351564
520 -20.365174 -1.325820 10242.787607 -15.360434
521 -44.481266 -0.991062 10381.506436 -44.882425
522 -20.131006 -0.660331 10487.734085 -30.486229
523 25.169542 -0.331432 10561.323620 75.941811
524 49.701231 -0.000199 10582.023907 249701.999541
525 32.658055 0.335642 10559.813849 -97.300400
526 -12.803996 0.674504 10509.900130 18.982842
527 -56.235934 1.012106 10401.300099 55.563303
528 -73.961725 1.344308 10260.793907 55.018440
529 -63.883806 1.669356 10081.997163 38.268523
530 -47.476944 1.988074 9851.769786 23.880875
531 -55.063468 2.301835 9588.425135 23.921550
532 -97.920418 2.609779 9283.353020 37.520577
533 -151.089168 2.907836 8946.174383 51.959312
534 -172.682691 3.191060 8565.289652 54.114520
535 -147.806756 3.457426 8162.815116 42.750522
536 -107.914584 3.709143 7727.299665 29.094209
537 -99.505855 3.949791 7246.193834 25.192691
538 -136.669402 4.180087 6749.853777 32.695349
539 -189.989262 4.396578 6224.582755 43.212988
540 -220.999069 4.594270 5674.316805 48.103194
541 -220.203825 4.770141 5093.826896 46.162959
542 -205.528354 4.924105 4501.900800 41.739234
543 -191.995824 5.057498 3882.535289 37.962612
544 -180.135276 5.171679 3252.165476 34.831101
545 -172.586828 5.267816 2610.089815 32.762499
546 -180.567282 5.346561 1966.925492 33.772602
547 -206.462004 5.407091 1321.850483 38.183565
548 -235.060201 5.446951 662.701820 43.154452
549 -249.897372 5.463428 0.464082 45.740030
550 -249.426697 5.455048 -678.157587 45.724018
551 -242.447025 5.421777 -1335.063438 44.717265
552 -234.672275 5.364264 -1988.441761 43.747335
553 -225.530956 5.283296 -2644.097641 42.687546
554 -213.391443 5.179800 -3268.762936 41.196848
555 -196.660219 5.055003 -3905.276288 38.904077
556 -174.382891 4.910589 -4524.803180 35.511601
557 -153.458499 4.748730 -5115.846606 32.315690
558 -147.345368 4.571397 -5701.604187 32.232021
559 -158.912596 4.379173 -6256.304911 36.288267
560 -173.508696 4.171032 -6784.917181 41.598507
561 -174.937851 3.945656 -7288.447772 44.336822
562 -159.711266 3.702930 -7771.685523 43.131051
563 -135.596364 3.444309 -8209.662578 39.368236
564 -114.298962 3.172102 -8627.249273 36.032561
565 -101.695592 2.888387 -8991.387816 35.208440
566 -91.499546 2.594481 -9313.507415 35.266999
567 -75.718242 2.291478 -9618.295376 33.043406
568 -59.633984 1.980910 -9876.279718 30.104338
569 -54.940333 1.664276 -10093.662959 33.011542
570 -59.645621 1.342063 -10283.575670 44.443232
571 -57.287132 1.013948 -10426.919105 56.499110
572 -38.478661 0.680251 -10541.787241 56.565424
573 -14.214292 0.342755 -10597.707169 41.470744
574 -2.634417 0.003724 -10605.648400 707.361525
575 -7.011927 -0.335712 -10594.412780 -20.886761
576 -12.074096 -0.675855 -10520.068842 -17.864925
577 -1.110913 -1.017064 -10420.421264 -1.092275
578 26.316957 -1.358240 -10264.737505 19.375783
579 55.198532 -1.696774 -10070.725556 32.531466
580 75.314797 -2.029871 -9850.477337 37.103243
581 96.521941 -2.355431 -9578.878214 40.978463
582 134.004016 -2.671192 -9274.002337 50.166369
583 181.535633 -2.973460 -8933.197012 61.051992
584 213.631135 -3.257707 -8577.596622 65.577151
585 213.983875 -3.520867 -8161.410673 60.775899
586 189.997001 -3.762837 -7712.307989 50.493026
587 159.339453 -3.985858 -7246.554299 39.976202
588 133.137410 -4.192904 -6738.522577 31.753027
589 115.216417 -4.386569 -6212.307262 26.265728
590 108.757509 -4.568616 -5666.980378 23.805350
591 117.923901 -4.739657 -5089.850576 24.880259
592 145.410024 -4.898751 -4488.324580 29.683083
593 186.949899 -5.043180 -3874.361828 37.069845
594 225.926714 -5.168933 -3257.939793 43.708579
595 241.877975 -5.272293 -2622.222269 45.877185
596 231.887238 -5.351694 -1977.831855 43.329688
597 217.043891 -5.407947 -1315.685687 40.134248
598 218.911708 -5.442344 -648.178266 40.223794
599 233.549707 -5.454733 28.046462 42.815972
600 238.851582 -5.443852 698.748490 43.875470
601 224.663981 -5.409260 1368.489347 41.533222
602 202.688048 -5.352266 2033.269900 37.869575
603 187.707521 -5.274940 2686.441801 35.584770
604 183.809561 -5.178749 3327.718468 35.493045
605 190.508382 -5.064089 3966.093145 37.619477
606 206.320651 -4.930298 4556.371320 41.847503
607 220.190211 -4.775886 5162.560152 46.104576
608 214.135488 -4.599629 5725.571859 46.554952
609 184.670937 -4.402164 6273.048315 41.950032
610 151.953767 -4.186261 6780.326982 36.298204
611 137.978196 -3.954995 7273.414492 34.887076
612 140.317802 -3.709783 7737.737928 37.823719
613 134.823327 -3.450609 8184.750010 39.072325
614 105.296777 -3.178168 8587.043661 33.131277
615 66.630807 -2.895283 8961.357393 23.013570
616 52.826734 -2.605520 9312.925043 20.274929
617 80.846419 -2.310108 9618.660298 34.996817
618 130.602714 -2.006420 9888.752043 65.092405
619 161.165746 -1.689838 10111.254079 95.373501
620 142.972123 -1.357559 10286.832431 105.315554
621 77.765918 -1.011389 10430.352989 76.890228
622 -3.420846 -0.657579 10525.657368 -5.202184
623 -61.101619 -0.303906 10588.586934 -201.054236
624 -75.069746 0.044036 10620.288369 1704.744412
625 -57.443372 0.384742 10580.868357 149.303501
626 -38.229622 0.719713 10523.705024 53.117896
627 -37.440034 1.050695 10417.546756 35.633588
628 -51.443492 1.377805 10269.507648 37.337282
629 -65.353121 1.699776 10078.140464 38.448071
630 -73.284420 2.015268 9838.314923 36.364611
631 -79.671663 2.323441 9573.535985 34.290376
632 -86.003404 2.623645 9263.735731 32.780116
633 -90.602038 2.915268 8915.142925 31.078455
634 -99.308568 3.197799 8522.647716 31.055291
635 -120.026456 3.470291 8123.398953 34.586858
636 -147.380289 3.730721 7684.257671 39.504507
637 -168.635346 3.976471 7209.545385 42.408294
638 -184.098255 4.205411 6707.102046 43.776515
639 -204.232535 4.415895 6172.773282 46.249404
640 -224.688878 4.605944 5622.018936 48.782372
641 -223.896209 4.773707 5040.883735 46.901955
642 -193.788126 4.919341 4455.155035 39.393107
643 -156.914385 5.045655 3847.272668 31.098910
644 -143.131903 5.156075 3217.825975 27.759858
645 -160.143299 5.251914 2571.342352 30.492370
646 -193.259483 5.331604 1911.834059 36.247908
647 -225.241819 5.391983 1252.950057 41.773466
648 -250.071137 5.429901 599.348301 46.054455
649 -268.613352 5.442861 -57.170405 49.351500
650 -275.321009 5.429054 -712.574394 50.712516
651 -258.920278 5.387914 -1362.079412 48.055753
652 -220.418077 5.321076 -2015.246109 41.423594
653 -179.042556 5.232218 -2656.607918 34.219245
654 -152.368174 5.125325 -3301.278405 29.728491
655 -141.003463 5.003065 -3899.848442 28.183415
656 -141.077918 4.866616 -4508.767060 28.988916
657 -158.093982 4.715916 -5090.203142 33.523495
658 -192.585323 4.549249 -5664.182175 42.333434
659 -222.181540 4.363360 -6199.117889 50.919823
660 -218.751994 4.155543 -6735.449916 52.641019
661 -180.786132 3.926150 -7227.724437 46.046670
662 -132.731949 3.678761 -7698.688094 36.080617
663 -96.781326 3.417990 -8128.256260 28.315277
664 -80.627951 3.147374 -8532.208800 25.617534
665 -84.803683 2.868522 -8909.657990 29.563544
666 -101.399005 2.581080 -9237.523097 39.285496
667 -109.466058 2.283570 -9527.248489 47.936375
668 -91.684125 1.975341 -9788.264486 46.414323
669 -56.269191 1.658100 -10022.095403 33.935951
670 -28.495655 1.335161 -10216.268003 21.342486
671 -21.351206 1.009190 -10359.050747 21.156773
672 -26.191871 0.680982 -10474.186000 38.461888
673 -28.674094 0.350178 -10532.705071 81.884259
674 -19.713835 0.016603 -10542.347865 1187.339496
675 5.248673 -0.318805 -10536.027059 16.463564
676 40.036036 -0.653599 -10457.519288 61.254752
677 62.369766 -0.984493 -10351.253163 63.352143
678 53.718894 -1.309424 -10212.444077 41.024814
679 26.509672 -1.629150 -10027.794228 16.272093
680 15.306347 -1.946082 -9811.739341 7.865212
681 38.634490 -2.261180 -9545.907895 17.085983
682 83.238312 -2.572234 -9249.399166 32.360321
683 125.554388 -2.874989 -8920.768068 43.671260
684 153.544098 -3.165313 -8557.997819 48.508345
685 166.972840 -3.440406 -8145.282155 48.532891
686 170.273855 -3.698886 -7697.412364 46.033821
687 168.431119 -3.940380 -7237.331315 42.744892
688 163.025569 -4.165059 -6738.970349 39.141240
689 152.960811 -4.373477 -6220.001796 34.974646
690 143.448977 -4.566599 -5667.091884 31.412648
691 148.749030 -4.745251 -5117.676441 31.346925
692 177.620574 -4.908822 -4515.488090 36.183951
693 219.022289 -5.054520 -3905.350455 43.331964
694 249.690963 -5.178410 -3284.972357 48.217688
695 254.786062 -5.277553 -2654.704574 48.277313
696 237.943547 -5.351405 -2009.888529 44.463754
697 214.932407 -5.401513 -1353.589555 39.791146
698 200.680273 -5.430051 -692.848976 36.957345
699 200.254008 -5.438401 -34.231192 36.822220
700 209.233267 -5.426646 625.894447 38.556646
701 218.582569 -5.393964 1303.932893 40.523551
702 218.715248 -5.339503 1951.859618 40.961726
703 206.377079 -5.263280 2600.453221 39.210735
704 190.739914 -5.166450 3231.990989 36.918950
705 186.503718 -5.050446 3867.558290 36.928167
706 197.349933 -4.915657 4489.460863 40.147211
707 209.459334 -4.761121 5088.507541 43.993700
708 205.242865 -4.585783 5651.650746 44.756345
709 182.373799 -4.390083 6212.066204 41.542220
710 154.868005 -4.176185 6730.477749 37.083611
711 136.929280 -3.946714 7233.175963 34.694504
712 131.301884 -3.703443 7706.011849 35.454003
713 130.206421 -3.447003 8150.963927 37.773810
714 122.229968 -3.177602 8555.400813 38.466101
715 103.971337 -2.896072 8931.797613 35.900810
716 87.085041 -2.604134 9271.707862 33.441071
717 83.452792 -2.303367 9581.988477 36.230783
718 85.199406 -1.994205 9848.790402 42.723500
719 75.554200 -1.676627 10070.368318 45.063208
720 55.816460 -1.351586 10248.421827 41.297011
721 41.427909 -1.020911 10396.961626 40.579358
722 34.242529 -0.686025 10489.347541 49.914435
723 20.551979 -0.347774 10554.858295 59.095776
724 -2.538502 -0.007556 10573.589261 -335.937723
725 -20.051788 0.332458 10535.027622 60.313816
726 -24.319371 0.670588 10481.739178 36.265726
727 -29.180905 1.006283 10372.407851 28.998721
728 -49.278490 1.338920 10226.590204 36.804645
729 -77.315804 1.666558 10041.214312 46.392519
730 -92.705410 1.986575 9815.799434 46.665944
731 -88.082175 2.297500 9548.976650 38.338264
732 -78.808319 2.599659 9248.183226 30.314873
733 -85.959325 2.893791 8912.282604 29.704743
734 -114.580969 3.179140 8527.847879 36.041503
735 -149.398835 3.452976 8114.981825 43.266693
736 -169.947390 3.711998 7687.063587 45.783268
737 -170.602742 3.954200 7219.069209 43.144687
738 -165.135949 4.179395 6728.016815 39.511927
739 -169.679402 4.387985 6205.450645 38.669097
740 -184.954864 4.579511 5664.688531 40.387471
741 -199.483908 4.752551 5088.813277 41.974073
742 -206.324203 4.905712 4507.462717 42.057954
743 -209.990336 5.038268 3900.610574 41.679074
744 -216.431828 5.149796 3270.465706 42.027260
745 -221.308867 5.239691 2631.985858 42.237008
746 -213.199713 5.307567 1989.341995 40.169010
747 -189.985573 5.354258 1338.504901 35.483079
748 -168.381756 5.381941 669.582137 31.286439
749 -170.128317 5.392581 6.970823 31.548589
750 -197.585404 5.385982 -650.812644 36.685120
751 -229.364170 5.359588 -1305.948135 42.795109
752 -241.941441 5.310428 -1961.043484 45.559691
753 -231.245877 5.237275 -2615.770756 44.153851
754 -211.617990 5.141072 -3256.921548 41.162229
755 -195.779920 5.023667 -3872.563848 38.971515
756 -180.531978 4.886677 -4481.202840 36.943712
757 -158.419393 4.731699 -5075.578151 33.480445
758 -138.744885 4.560865 -5654.662489 30.420738
759 -140.736172 4.375966 -6200.405920 32.161163
760 -164.620481 4.176800 -6735.497506 39.413065
761 -187.465762 3.961183 -7235.869862 47.325705
762 -191.022325 3.726990 -7702.233130 51.253779
763 -177.090995 3.473843 -8140.375573 50.978406
764 -153.796224 3.203062 -8558.756663 48.015375
765 -124.175213 2.916955 -8930.065979 42.570155
766 -92.718657 2.618448 -9269.231713 35.409771
767 -69.202235 2.310602 -9571.330894 29.949875
768 -58.362511 1.995723 -9830.017160 29.243794
769 -52.488099 1.674965 -10053.333762 31.336832
770 -41.485898 1.349008 -10241.094228 30.752901
771 -27.949044 1.018928 -10387.099117 27.429857
772 -23.758929 0.685970 -10500.117317 34.635535
773 -29.885660 0.350541 -10553.444712 85.255912
774 -29.617770 0.012177 -10586.229111 2432.214495
775 -8.803457 -0.328965 -10560.796863 -26.761049
776 24.153075 -0.670880 -10500.602391 36.002071
777 47.143613 -1.010469 -10395.401983 46.655158
778 51.495090 -1.345511 -10241.242094 38.271764
779 51.284881 -1.675442 -10053.908832 30.609757
780 62.457165 -2.000141 -9835.266803 31.226386
781 83.750607 -2.318505 -9584.288362 36.122673
782 105.421592 -2.628496 -9291.938711 40.107198
783 123.983629 -2.927971 -8950.996196 42.344551
784 139.765845 -3.215071 -8587.114745 43.472093
785 152.013739 -3.488224 -8176.733933 43.579118
786 162.849765 -3.746190 -7732.394284 43.470774
787 175.997273 -3.987847 -7258.928498 44.133402
788 188.558217 -4.211907 -6760.523081 44.767894
789 191.742178 -4.417192 -6231.070054 43.408165
790 181.141438 -4.603422 -5678.061250 39.349303
791 164.034049 -4.771597 -5101.517515 34.377181
792 157.827135 -4.923277 -4505.450373 32.057333
793 177.524885 -5.058950 -3896.239366 35.091253
794 218.145615 -5.176685 -3261.086126 42.140023
795 253.192892 -5.272652 -2624.088018 48.020024
796 257.894770 -5.343566 -1972.199297 48.262674
797 232.430042 -5.388951 -1312.247336 43.130851
798 197.784822 -5.411167 -664.698520 36.551230
799 171.122887 -5.413530 -0.436621 31.610223
800 152.785873 -5.398710 670.998329 28.300443
801 140.855110 -5.368566 1325.561122 26.237010
802 148.479210 -5.324175 1983.382601 27.887738
803 191.142054 -5.264632 2633.200817 36.306821
804 256.893178 -5.185767 3274.049033 49.538123
805 304.075554 -5.081370 3904.548020 59.841253
806 295.780527 -4.947046 4511.009739 59.789325
807 233.549574 -4.783611 5101.079150 48.822864
808 157.197681 -4.596941 5679.128100 34.196149
809 112.549076 -4.394273 6229.109614 25.612672
810 115.210446 -4.179938 6748.664647 27.562715
811 143.300681 -3.953866 7237.744802 36.243180
812 164.539976 -3.713530 7715.641071 44.308237
813 164.239151 -3.456928 8158.667705 47.510144
814 145.519850 -3.184056 8561.623706 45.702667
815 114.706908 -2.896732 8932.403283 39.598735
816 76.967482 -2.597996 9277.605427 29.625708
817 41.244917 -2.291549 9583.484222 17.998704
818 19.533973 -1.980859 9856.448180 9.861367
819 18.933742 -1.668034 10085.148229 11.350932
820 36.380218 -1.353162 10259.682819 26.885339
821 60.211707 -1.034597 10399.775547 58.198202
822 76.128290 -0.710080 10493.708114 107.210878
823 74.763196 -0.378097 10572.137944 197.735324
824 54.359979 -0.038798 10593.923694 1401.094098
825 16.970616 0.305793 10579.695482 -55.496983
826 -29.811474 0.651998 10509.762652 45.723249
827 -67.437122 0.995298 10403.969386 67.755716
828 -79.420205 1.332080 10266.409675 59.621200
829 -73.867265 1.661075 10088.229428 44.469557
830 -75.336886 1.982615 9862.112698 37.998740
831 -90.665813 2.296494 9590.031584 39.480108
832 -101.829817 2.601344 9275.580101 39.145084
833 -97.872535 2.896151 8941.498475 33.794002
834 -94.798345 3.181166 8575.260063 29.799877
835 -112.068219 3.456517 8179.088586 32.422295
836 -143.069171 3.720540 7745.456243 38.453875
837 -166.386188 3.970330 7274.337696 41.907398
838 -179.922602 4.203574 6770.017866 42.802295
839 -202.134297 4.418746 6238.677814 45.744724
840 -236.279320 4.613588 5693.992201 51.213789
841 -253.804152 4.784941 5125.932106 53.042278
842 -226.745468 4.931305 4532.847712 45.980827
843 -168.629094 5.055271 3917.615004 33.357081
844 -130.364784 5.162204 3299.643490 25.253704
845 -151.542697 5.255580 2668.282748 28.834628
846 -217.671375 5.333405 2012.922549 40.812831
847 -270.126928 5.389584 1363.588444 50.120185
848 -262.762259 5.419275 692.766795 48.486606
849 -206.707490 5.423116 33.974012 38.115998
850 -155.249967 5.406241 -638.568147 28.716802
851 -148.526978 5.373446 -1305.590791 27.640919
852 -178.811938 5.325474 -1973.532646 33.576715
853 -207.265543 5.259644 -2610.952529 39.406763
854 -208.631531 5.173331 -3245.161379 40.328274
855 -195.885103 5.066282 -3871.359516 38.664470
856 -199.158504 4.939499 -4491.029048 40.319579
857 -225.430442 4.792592 -5084.893733 47.037274
858 -248.884958 4.623164 -5656.399355 53.834338
859 -239.870468 4.429130 -6211.742195 54.157468
860 -194.055858 4.211429 -6739.001375 46.078387
861 -135.953933 3.974430 -7249.537398 34.207152
862 -100.550317 3.723638 -7717.807353 27.003249
863 -103.029217 3.462456 -8148.330452 29.756105
864 -120.975955 3.190836 -8554.061423 37.913560
865 -118.321609 2.907305 -8926.752215 40.698040
866 -88.605756 2.612183 -9267.155251 33.920189
867 -58.101315 2.308204 -9559.458445 25.171652
868 -47.424677 1.998237 -9822.112327 23.733265
869 -52.022341 1.683397 -10051.997035 30.903195
870 -60.446703 1.363327 -10246.109402 44.337638
871 -66.838416 1.037227 -10409.343639 64.439525
872 -61.436849 0.704539 -10508.478802 87.201459
873 -32.988392 0.365909 -10565.517922 90.154548
874 10.180491 0.024114 -10580.683406 -422.180487
875 39.256531 -0.316786 -10568.992576 123.921457
876 36.014142 -0.654045 -10523.156244 55.063685
877 15.412943 -0.987856 -10427.488963 15.602412
878 9.611669 -1.319995 -10286.901839 7.281596
879 34.508512 -1.650902 -10094.207942 20.902820
880 77.241493 -1.978205 -9862.686024 39.046246
881 114.032591 -2.297841 -9605.772263 49.625978
882 134.394484 -2.606218 -9309.740563 51.566860
883 144.913761 -2.901238 -8965.697563 49.948940
884 152.487886 -3.181784 -8575.743868 47.925273
885 152.042312 -3.447148 -8172.634684 44.106700
886 137.007095 -3.697437 -7729.124479 37.054615
887 117.139378 -3.934072 -7260.304723 29.775609
888 113.761100 -4.158849 -6754.210014 27.353990
889 135.380825 -4.372030 -6235.135557 30.965208
890 168.852920 -4.571574 -5677.799887 36.935401
891 197.889515 -4.754277 -5101.781463 41.623475
892 219.249780 -4.917257 -4513.075497 44.587826
893 234.530271 -5.058357 -3903.730577 46.364910
894 236.483573 -5.176114 -3281.249270 45.687471
895 217.110278 -5.270411 -2645.470882 41.194187
896 187.969029 -5.343086 -2007.852520 35.179860
897 178.310870 -5.396797 -1346.378285 33.040127
898 205.033757 -5.432357 -688.384528 37.743056
899 249.644743 -5.447254 2.620013 45.829467
900 272.239045 -5.437378 664.474034 50.068075
901 250.413271 -5.400668 1326.903723 46.367095
902 202.574752 -5.339144 1977.325850 37.941431
903 169.136250 -5.257232 2627.613627 32.172109
904 170.202718 -5.158101 3276.023701 32.997167
905 188.192449 -5.041804 3921.387952 37.326411
906 196.296960 -4.906784 4526.223106 40.005219
907 193.350520 -4.752235 5126.511423 40.686227
908 196.025987 -4.578295 5700.309066 42.816370
909 203.454673 -4.384701 6244.618858 46.401034
910 192.627230 -4.170921 6765.372701 46.183384
911 153.953536 -3.938126 7267.262649 39.093093
912 110.810491 -3.689976 7739.186138 30.030140
913 90.534905 -3.430538 8179.055414 26.390876
914 90.228842 -3.161871 8598.510431 28.536536
915 88.115313 -2.884205 8977.217634 30.550983
916 80.487139 -2.597787 9318.636422 30.982964
917 87.050036 -2.303196 9623.938612 37.795319
918 116.895418 -1.999689 9896.120312 58.456785
919 145.203606 -1.684499 10122.002224 86.199856
920 133.910116 -1.355131 10307.962726 98.817072
921 71.152951 -1.012821 10423.730525 70.252235
922 -12.128580 -0.663577 10531.913206 -18.277567
923 -62.686277 -0.315264 10589.527126 -198.837368
924 -49.419137 0.027338 10598.590052 1807.682176
925 3.873828 0.365351 10572.588918 -10.603035
926 35.733665 0.703562 10501.936787 -50.789626
927 5.425228 1.044801 10397.098338 -5.192597
928 -69.060203 1.386197 10252.977420 49.819912
929 -134.517484 1.720771 10059.718042 78.172788
930 -153.993702 2.042295 9837.694903 75.402278
931 -128.837660 2.348802 9564.190656 54.852491
932 -86.283480 2.642573 9260.472343 32.651309
933 -59.481071 2.927579 8924.548090 20.317498
934 -66.729011 3.206338 8553.442111 20.811596
935 -97.690593 3.478220 8139.647023 28.086376
936 -127.804279 3.740348 7692.872392 34.169088
937 -147.522703 3.989792 7217.300519 36.975037
938 -167.212685 4.224484 6727.645532 39.581804
939 -198.232902 4.442354 6206.375314 44.623392
940 -239.952993 4.640306 5654.861249 51.710595
941 -278.037593 4.814288 5074.903688 57.752585
942 -288.099359 4.960703 4488.613121 58.076322
943 -253.173263 5.078696 3886.780221 49.850050
944 -186.640563 5.171648 3272.004398 36.089182
945 -126.948862 5.245875 2621.107731 24.199751
946 -103.406738 5.307091 1968.120823 19.484635
947 -118.604726 5.357640 1310.761860 22.137495
948 -162.822983 5.396086 643.200980 30.174274
949 -222.328841 5.418116 -14.415992 41.034348
950 -270.072576 5.418007 -679.327968 49.847218
951 -275.151894 5.391260 -1335.981983 51.036658
952 -235.437440 5.337390 -2009.585511 44.110969
953 -186.577156 5.260054 -2673.200222 35.470580
954 -167.522967 5.163795 -3305.865604 32.441833
955 -183.717692 5.050475 -3914.704438 36.376319
956 -209.073187 4.918707 -4539.883989 42.505717
957 -216.270196 4.766194 -5124.334173 45.375869
958 -199.297316 4.592264 -5702.450609 43.398486
959 -171.988123 4.398492 -6255.529388 39.101611
960 -151.213515 4.187460 -6786.078079 36.111033
961 -140.841642 3.961213 -7285.467209 35.555178
962 -129.950499 3.720887 -7759.131839 34.924605
963 -109.105298 3.467658 -8205.634642 31.463687
964 -88.407978 3.203524 -8600.320853 27.597102
965 -90.619262 2.930350 -8968.504835 30.924379
966 -120.977636 2.647864 -9306.618714 45.688760
967 -153.340188 2.353261 -9609.152387 65.160724
968 -155.728157 2.043587 -9867.711043 76.203346
969 -122.972278 1.718645 -10089.996340 71.551876
970 -75.561710 1.381527 -10257.745196 54.694327
971 -34.650313 1.036793 -10419.526051 33.420660
972 -8.993892 0.688463 -10515.195788 13.063728
973 3.151180 0.339116 -10576.658157 -9.292326
974 12.451733 -0.009940 -10613.926571 1252.747752
975 29.754982 -0.357675 -10588.863793 83.189898
976 49.779029 -0.702407 -10521.523367 70.869182
977 57.349347 -1.042274 -10409.882204 55.023280
978 54.898109 -1.376500 -10256.740865 39.882398
979 62.740027 -1.705142 -10081.579432 36.794611
980 86.276650 -2.027366 -9850.480918 42.556039
981 105.851656 -2.340998 -9587.987750 45.216463
982 108.086907 -2.644205 -9287.181234 40.876902
983 108.200318 -2.936624 -8946.712454 36.845140
984 126.792229 -3.218053 -8575.242646 39.400286
985 154.561392 -3.486716 -8168.786227 44.328649
986 160.239526 -3.740117 -7729.170628 42.843447
987 136.665573 -3.977761 -7264.601932 34.357412
988 119.721974 -4.201684 -6762.959826 28.493804
989 148.062908 -4.413236 -6240.923918 33.549740
990 214.216892 -4.609645 -5687.003678 46.471451
991 268.420283 -4.784736 -5121.269000 56.099289
992 267.947971 -4.933463 -4523.364692 54.312354
993 216.433501 -5.055838 -3908.728591 42.808627
994 157.195694 -5.156635 -3264.569508 30.484164
995 133.537582 -5.241399 -2622.314255 25.477469
996 155.751531 -5.312412 -1957.548784 29.318422
997 199.952680 -5.367662 -1297.675694 37.251354
998 232.538068 -5.403022 -623.356100 43.038519
999 236.871645 -5.415375 38.474322 43.740580
