21,1681474.81941,-41460.208169,-42112320,40.556353,6.368387,
22,1918486.756393,-44618.582323,-38704448,42.997483,6.557247,
23,2102075.032594,-47585.58036,-35117920,44.174622,6.646399,
24,2223533.402521,-50342.972409,-31361472,44.167702,6.645879,
25,2388557.965943,-52877.552095,-27451168,45.171493,6.720974,
26,2562596.050124,-55173.18251,-23400768,46.446406,6.81516,
27,2669871.279046,-57213.184423,-19216512,46.665315,6.831202,
28,2746206.032382,-58986.424658,-14920384,46.556577,6.823238,
29,2796752.003944,-60485.249744,-10570976,46.238579,6.799896,
30,2807499.483982,-61704.769015,-6137696,45.498906,6.745288,
31,2841743.168963,-62643.367682,-1650368,45.363831,6.735268,
32,2966325.647842,-63296.905176,2840928,46.863676,6.845705,
33,3051289.696792,-63654.203676,7342912,47.9354,6.92354,
34,3049253.752869,-63707.160169,11818400,47.863596,6.918352,
35,3012304.021292,-63455.400001,16237088,47.471201,6.889935,
36,2909260.36305,-62903.056125,20580960,46.249905,6.800728,
37,2837892.514396,-62059.502911,24801088,45.728573,6.762291,
38,2835676.635381,-60931.419314,28906528,46.538825,6.821937,
39,2713148.892704,-59520.956206,32875424,45.583086,6.751525,
40,2585517.292543,-57839.319005,36672992,44.701724,6.685935,
41,2662111.210556,-55897.048622,40253408,47.625255,6.901105,
42,2589906.352137,-53689.966557,43663712,48.238182,6.945371,
43,2250658.118128,-51226.393213,46854368,43.935518,6.628387,
44,1988542.919119,-48536.914733,49806144,40.969702,6.400758,
45,1906983.169255,-45647.054685,52510720,41.776697,6.46349,
46,1939098.019858,-42565.41576,54970272,45.555717,6.749498,
47,1794277.472095,-39291.379568,57163392,45.665932,6.757657,
48,1346619.478503,-35840.844075,59094752,37.572203,6.129617,
49,1142739.868169,-32253.464915,60760704,35.429988,5.952309,
50,1379484.996879,-28547.525022,62141760,48.322403,6.951432,
51,1299926.11404,-24706.724641,63232288,52.614263,7.253569,
52,840869.566775,-20739.46549,64040384,40.544418,6.36745,6.36745
53,599033.03906,-16685.877518,64551360,35.900601,5.991711,
54,527539.729595,-12570.893614,64792608,41.965173,6.478053,
55,360567.610587,-8404.16027,64760416,42.903467,6.550074,
56,178384.499565,-4201.481622,64458880,42.457522,6.515944,
57,32225.583353,19.527787,63877120,-1650.242501,6.515944,
58,-279263.414634,4242.14584,63026272,65.830696,6.36745,
59,-584437.295455,8436.802065,61914560,69.272373,6.36745,
60,-595412.61636,12575.810707,60543808,47.345863,6.36745,
61,-586226.447552,16655.423706,58913280,35.19733,6.36745,
62,-806826.503464,20674.197784,56995616,39.025771,6.36745,
63,-1020748.037874,24612.474963,54853248,41.472791,6.439937,
64,-1149717.33908,28449.498307,52462944,40.41257,6.357088,
65,-1308689.732253,32171.16359,49839936,40.678968,6.378007,
66,-1468387.244707,35762.079691,46984288,41.059895,6.4078,
67,-1725497.87149,39205.240345,43925792,44.011919,6.634148,
68,-1990439.558667,42475.654557,40661120,46.860715,6.845489,
69,-2033083.373211,45549.207734,37213152,44.634879,6.680934,
70,-2110826.611631,48419.068596,33586016,43.594945,6.602647,
71,-2362645.207847,51076.160682,29791072,46.257298,6.801272,
72,-2530825.040034,53497.825342,25824576,47.307064,6.878013,
73,-2552597.683646,55667.730902,21725184,45.854172,6.771571,
74,-2575583.852913,57582.297137,17511360,44.728744,6.687955,
75,-2644787.685339,59238.877003,13189600,44.646148,6.681777,
76,-2724575.676712,60630.946396,8787968,44.937047,6.70351,
77,-2863798.788814,61750.052702,4352928,46.377269,6.810086,
78,-3056043.991583,62582.188662,-137568,48.832488,6.988025,
79,-3082369.354999,63110.234946,-4617760,48.841038,6.988636,
80,-2947880.796285,63331.522031,-9090112,46.546817,6.822523,
81,-2896006.226155,63257.194737,-13523744,45.781452,6.766199,
82,-2953019.491214,62892.27822,-17892480,46.95361,6.85227,
83,-2957177.690035,62232.526144,-22169920,47.518201,6.893345,
84,-2818893.780502,61278.391025,-26331968,46.001433,6.782436,
85,-2720354.72079,60042.034196,-30375936,45.307504,6.731085,
86,-2787568.738088,58531.986288,-34270080,47.624708,6.901066,
87,-2731488.561608,56744.364729,-37998592,48.136737,6.938064,
88,-2484362.10566,54685.342096,-41524416,45.430128,6.740188,
89,-2276968.866845,52377.454231,-44844384,43.472309,6.593353,
90,-2187818.129454,49840.780661,-47924480,43.896145,6.625417,
91,-2082038.217845,47085.492915,-50776576,44.218253,6.649681,
92,-1911354.816216,44122.709052,-53386304,43.319072,6.581723,
93,-1838178.638723,40967.758165,-55728256,44.86891,6.698426,
94,-1726554.571492,37629.344923,-57810560,45.883195,6.773714,
95,-1465000.853352,34119.672218,-59612736,42.937132,6.552643,
96,-1209936.24021,30463.42301,-61154624,39.717672,6.302196,
97,-1077880.095897,26685.014978,-62408992,40.392711,6.355526,
98,-948481.4614,22798.841455,-63360160,41.602178,6.449975,
99,-763252.852585,18818.37201,-64049632,40.55892,6.368589,
100,-592529.704154,14761.365549,-64458528,40.140575,6.335659,
101,-421203.344359,10645.194781,-64624032,39.567462,6.290267,
102,-293868.822321,6486.429791,-64465120,45.305173,6.730912,
103,-133695.659536,2298.611513,-64046208,58.16366,7.62651,
104,79137.585614,-1902.132381,-63354944,41.604668,6.355526,
105,318407.017872,-6094.710049,-62448064,52.243177,6.355526,
106,485175.454849,-10256.020379,-61280352,47.306405,6.355526,
107,494649.250021,-14370.322611,-59837152,34.421583,6.355526,
108,565414.996389,-18434.598329,-58142272,30.671403,6.355526,
109,890520.645451,-22440.125457,-56178688,39.684299,6.299548,
110,1344702.758309,-26355.184487,-53962112,51.022324,7.142991,
111,1338192.288603,-30140.008489,-51495680,44.399201,6.663273,
112,959354.871474,-33794.471262,-48792288,28.387924,5.328032,
113,1000677.412934,-37349.287097,-45859584,26.79241,5.176139,
114,1793435.8672,-40797.16562,-42699040,43.959815,6.63022,
115,2523291.413906,-44066.231368,-39340224,57.261339,7.567122,
116,2491973.338332,-47090.147143,-35775168,52.919209,7.274559,
117,2342183.724288,-49865.576261,-32025184,46.969952,6.853463,
118,2432171.982136,-52404.456947,-28104960,46.411548,6.812602,
119,2499218.217061,-54700.517934,-24033728,45.689114,6.759372,
120,2542094.329473,-56746.899919,-19831232,44.797061,6.693061,
121,2660585.241173,-58538.307063,-15505504,45.450328,6.741686,
122,2763628.999358,-60063.867919,-11126688,46.011506,6.783178,
123,2859135.444073,-61313.145318,-6637248,46.631688,6.82874,
124,2987167.014792,-62276.146982,-2098080,47.966471,6.925783,
125,3026929.880086,-62941.163305,2466304,48.091419,6.934798,
126,2893092.435326,-63305.13628,6947904,45.700754,6.760233,
127,2837363.602776,-63379.102452,11388992,44.768125,6.690899,
128,3000195.592304,-63167.229057,15783616,47.496077,6.89174,
129,3056779.576307,-62656.343746,20104032,48.786434,6.984729,
130,2890049.921129,-61841.904616,24321376,46.732874,6.836145,
131,2815770.099461,-60737.488586,28428896,46.359673,6.808794,
132,2825152.020672,-59350.620799,32387328,47.601053,6.899352,
133,2631845.341742,-57683.211686,36176416,45.625846,6.754691,
134,2383956.856709,-55753.089956,39751680,42.759188,6.539051,
135,2308758.919066,-53582.965796,43156224,43.087554,6.564111,
136,2332854.619161,-51181.106823,46348704,45.580386,6.751325,
137,2279262.688406,-48546.650603,49306496,46.949947,6.852003,
138,2074951.591002,-45685.629248,52038912,45.418037,6.739291,
139,1824157.071938,-42617.454687,54506784,42.803051,6.542404,
140,1576387.787638,-39366.800211,56704128,40.043584,6.328,
141,1332598.441809,-35958.588883,58637440,37.059253,6.087631,
142,1294633.452194,-32415.399097,60311136,39.93884,6.319718,
143,1512754.449342,-28740.137115,61689472,52.635603,7.25504,
144,1350090.847914,-24917.140597,62788480,54.183217,7.360925,
145,793676.92259,-20962.844736,63631424,37.861127,6.15314,
146,511006.245721,-16926.374729,64192672,30.18994,5.494537,
147,432108.017687,-12837.124578,64474208,33.66081,5.801794,
148,347044.302392,-8704.816774,64468544,39.868077,6.314117,
149,221705.446179,-4538.07926,64184576,48.854468,6.989597,
150,-13552.900538,-350.188978,63627648,-38.701677,7.360925,
151,-254465.795705,3836.243001,62808320,66.332033,7.360925,
152,-325518.865426,7998.824654,61731616,40.695837,7.360925,
153,-370501.630195,12129.128927,60379552,30.546434,7.360925,
154,-608864.853978,16220.535557,58772256,37.536668,7.360925,
155,-889370.661749,20250.748857,56868224,43.917915,6.627059,
156,-1087638.680277,24192.816344,54752672,44.957092,6.705005,
157,-1257698.753927,28026.284798,52412832,44.875686,6.698932,
158,-1373706.979226,31734.449918,49828256,43.287562,6.579328,
159,-1447409.524536,35305.697242,47022496,40.996486,6.40285,
160,-1638450.570539,38731.125182,43998432,42.303201,6.504091,
161,-1912132.358158,41991.881351,40769312,45.535763,6.748019,
162,-2042621.548499,45062.834668,37344032,45.328297,6.732629,
163,-2113400.015145,47929.991349,33737504,44.093478,6.640292,
164,-2213081.491945,50585.507204,29953312,43.749319,6.614327,
165,-2346063.181608,53019.518062,26012096,44.249048,6.651996,
166,-2561412.41139,55218.05572,21953696,46.387226,6.810817,
167,-2674803.01925,57161.419845,17764640,46.793852,6.840603,
168,-2683844.580764,58838.301963,13480032,45.613903,6.753807,
169,-2790377.830105,60245.809502,9116384,46.316546,6.805626,
170,-2925262.806276,61374.016884,4691680,47.662887,6.903831,
171,-2946388.192898,62210.759936,229728,47.361392,6.881961,
172,-2909674.519549,62753.359592,-4237696,46.366833,6.80932,
173,-2910704.956168,63004.616317,-8681760,46.198281,6.796932,
174,-2956447.286788,62964.45198,-13099392,46.954229,6.852316,
175,-3027698.419716,62628.331135,-17448448,48.34391,6.952979,
176,-2980146.355749,61990.526397,-21716992,48.074222,6.933558,
177,-2833460.097671,61055.624863,-25882592,46.407847,6.812331,
178,-2742351.743199,59836.761808,-29909152,45.830551,6.769826,
179,-2656466.519161,58343.67569,-33795904,45.531353,6.747692,
180,-2558174.316272,56585.044933,-37508736,45.209371,6.723791,
181,-2453358.314402,54570.64751,-41020992,44.957471,6.705033,
182,-2342451.553134,52310.975966,-44330176,44.779351,6.691738,
183,-2237065.017744,49816.997911,-47423488,44.905657,6.701168,
184,-2134785.417612,47099.301247,-50283712,45.325204,6.7324,
185,-2027513.328525,44168.113974,-52902336,45.904458,6.775283,
186,-1844337.899793,41034.867017,-55265792,44.945629,6.70415,
187,-1602286.793745,37717.699807,-57348992,42.481032,6.517747,
188,-1376592.452989,34240.15617,-59180448,40.204035,6.340665,
189,-1231261.870718,30624.276832,-60735712,40.205419,6.340774,
190,-1170072.41858,26884.460896,-62008992,43.522257,6.59714,
191,-1041106.385759,23028.292845,-63001088,45.209881,6.723829,6.723829
192,-833620.821756,19068.734974,-63714944,43.716629,6.611855,
193,-640406.700759,15025.578909,-64158208,42.6211,6.528484,
194,-408947.372508,10918.789938,-64275360,37.453543,6.11993,
195,-205732.912892,6770.89079,-64155296,30.384911,5.512251,
196,-100798.403335,2601.428351,-63769472,38.74733,6.224735,
197,78973.495512,-1577.367052,-63096352,50.066657,6.723829,
198,320610.094666,-5747.648521,-62169984,55.781089,6.723829,
199,441219.015032,-9887.030598,-60967008,44.626039,6.723829,
200,525519.919889,-13982.691076,-59527200,37.583604,6.723829,
201,805820.399579,-18023.920722,-57813856,44.708386,6.723829,
202,1026294.829864,-21984.872938,-55850304,46.681863,6.832413,
203,809467.910033,-25847.614235,-53646752,31.316929,5.596153,
204,919480.436562,-29626.337654,-51207072,31.035913,5.570989,
205,1543714.911058,-33308.135063,-48542656,46.346483,6.807825,
206,1806503.111467,-36839.278511,-45661632,49.037418,7.002672,
207,1788612.944962,-40192.131311,-42567584,44.50157,6.67095,
208,1851545.107352,-43365.315734,-39268640,42.696452,6.534252,
209,2056552.370694,-46352.032034,-35783040,44.368117,6.66094,
210,2220065.082195,-49133.502981,-32114976,45.184344,6.72193,
211,2286710.610431,-51693.929383,-28275872,44.235573,6.650983,
212,2415612.623198,-54024.980751,-24296320,44.712883,6.686769,
213,2548609.353053,-56114.532105,-20184032,45.417992,6.739287,
214,2689112.524086,-57949.099681,-15968480,46.404733,6.812102,
215,2788199.976366,-59515.122157,-11608256,46.848597,6.844603,
216,2837408.409937,-60802.819022,-7231168,46.665738,6.831233,
217,2928823.953981,-61806.304962,-2808352,47.387139,6.883832,
218,2979669.617551,-62517.247267,1655712,47.661561,6.903735,
219,2904897.191505,-62931.393521,6107680,46.159747,6.794096,
220,2850534.596508,-63054.899926,10546112,45.207186,6.723629,
221,2956322.102181,-62891.794606,14926400,47.006483,6.856127,
222,3001857.414206,-62433.615678,19244960,48.080788,6.934031,
223,2858063.311783,-61677.03982,23468160,46.339178,6.807289,
224,2760872.051146,-60634.192173,27574496,45.533254,6.747833,
225,2809382.620083,-59313.829502,31535392,47.364715,6.882203,
226,2738076.33215,-57713.637743,35336864,47.442449,6.887848,
227,2485687.204393,-55841.37858,38938816,44.513357,6.671833,
228,2357250.727,-53719.310091,42364544,43.880882,6.624265,
229,2336385.111926,-51360.500919,45576512,45.489921,6.744622,
230,2199971.444884,-48769.22555,48554496,45.109829,6.716385,
231,2025902.927773,-45958.213902,51314432,44.081411,6.639383,
232,1855781.839068,-42944.518338,53823200,43.213474,6.573696,
233,1646857.154765,-39745.673933,56066080,41.434878,6.436993,
234,1473301.954759,-36381.757499,58037824,40.495624,6.363617,
235,1351614.00065,-32870.195071,59750080,41.119744,6.412468,
236,1354156.409609,-29222.174995,61187584,46.340028,6.807351,
237,1198252.027384,-25440.196351,62335968,47.100738,6.862998,
238,862651.755428,-21540.197978,63217728,40.04846,6.328385,6.328385
239,730532.697769,-17551.78323,63828832,41.621566,6.451478,
240,577809.989256,-13490.636152,64149312,42.830448,6.544498,
241,309694.03084,-9372.823956,64191360,33.041699,5.748191,
242,129216.079606,-5223.197605,63960576,24.738884,4.97382,
243,56880.959534,-1059.65432,63452576,53.678788,7.326581,
244,-71923.896632,3109.039167,62683328,23.133802,6.328385,
245,-291001.438524,7269.676522,61644896,40.029489,6.328385,
246,-473449.012968,11401.659968,60336928,41.524569,6.328385,
247,-672851.416652,15486.103505,58788096,43.448723,6.328385,
248,-884997.843216,19503.10217,56952032,45.377286,6.328385,
249,-1029232.210435,23432.269239,54894592,43.923711,6.627497,
250,-1162985.276959,27258.551986,52592224,42.664969,6.531843,
251,-1299752.295867,30968.512933,50041664,41.970123,6.478435,
252,-1453767.120251,34548.392964,47286336,42.079153,6.486845,
253,-1655911.187885,37982.371309,44309600,43.596835,6.60279,
254,-1784507.590515,41251.492039,41123424,43.259225,6.577175,
255,-1896458.998692,44342.344528,37732576,42.768578,6.539769,
256,-2107396.808577,47242.560373,34162336,44.608014,6.678923,
257,-2295008.570934,49932.315015,30411936,45.962391,6.779557,
258,-2423147.871817,52393.078828,26522176,46.249389,6.80069,
259,-2503144.709979,54611.902275,22491712,45.83515,6.770166,
260,-2547466.441476,56580.816785,18346496,45.023501,6.709955,
261,-2692424.18044,58294.006733,14089248,46.186981,6.7961,
262,-2854222.132597,59737.763786,9760800,47.779193,6.912249,
263,-2884750.041946,60897.388775,5362400,47.370669,6.882635,
264,-2915319.771322,61768.423266,931168,47.197575,6.870049,
265,-2925610.147428,62348.037638,-3509728,46.923853,6.850099,
266,-2843428.357706,62636.092245,-7950144,45.396005,6.737656,
267,-2889171.561723,62638.518476,-12351616,46.124519,6.791503,
268,-2977645.164794,62351.626189,-16685280,47.755694,6.910549,
269,-2924128.599867,61768.333069,-20936416,47.340254,6.880425,
270,-2828675.577588,60892.936325,-25093376,46.453263,6.815663,
271,-2767970.95792,59734.32143,-29116160,46.338033,6.807204,
272,-2698643.531358,58298.999295,-32991808,46.289706,6.803654,
273,-2602641.41454,56594.066049,-36703776,45.987885,6.781437,
274,-2496447.185571,54628.894077,-40224320,45.698293,6.760051,
275,-2336704.713849,52414.601587,-43553920,44.581179,6.676914,
276,-2190422.594752,49966.528147,-46659040,43.837799,6.621012,
277,-2128215.577866,47298.617365,-49551296,44.995302,6.707854,
278,-2031623.01641,44418.127342,-52206272,45.738601,6.763032,
279,-1768896.107745,41336.110114,-54593984,42.792999,6.541636,
280,-1591261.415387,38076.392038,-56729312,41.791287,6.464618,
281,-1562479.538918,34656.04491,-58595552,45.085339,6.714562,
282,-1371505.154173,31081.108998,-60198400,44.126648,6.642789,
283,-1135543.351379,27369.39116,-61517568,41.489536,6.441237,
284,-1020432.658094,23542.934974,-62552320,43.343477,6.583576,6.583576
285,-881796.733118,19614.659693,-63313792,44.956005,6.704924,
286,-619607.395568,15599.391538,-63798304,39.719972,6.302378,
287,-401588.49106,11521.741502,-63986080,34.854843,5.903799,
288,-302801.628478,7402.791123,-63924096,40.903711,6.395601,
289,-164494.430512,3253.996647,-63574688,50.551506,7.109958,
290,45561.431176,-910.646423,-62953984,50.031966,6.583576,
291,293026.746318,-5070.375055,-62074336,57.791927,6.583576,
292,463527.14486,-9201.449651,-60920384,50.375448,6.583576,
293,517165.38741,-13287.347784,-59503296,38.921642,6.583576,
294,697284.230218,-17320.279301,-57838368,40.258256,6.583576,
295,912429.986759,-21283.034808,-55924256,42.871235,6.547613,
296,918706.044987,-25156.764778,-53761600,36.519245,6.043115,
297,1113910.123051,-28936.732133,-51360352,38.494676,6.204408,
298,1467287.14139,-32603.815978,-48748224,45.00354,6.708468,
299,1634548.577121,-36126.032019,-45911136,45.245727,6.726494,
300,1718871.561595,-39485.419661,-42854304,43.531804,6.597864,
301,1835344.691652,-42672.640922,-39592704,43.009869,6.558191,
302,2007648.903244,-45675.781975,-36144224,43.954341,6.629807,
303,2161135.557904,-48478.401008,-32517120,44.579349,6.676777,
304,2309330.085394,-51064.887357,-28721312,45.223444,6.724838,
305,2404045.580428,-53420.919738,-24773952,45.00195,6.708349,
306,2466243.99186,-55536.914836,-20708256,44.407292,6.66388,
307,2643229.30968,-57405.183647,-16531744,46.045133,6.785656,
308,2846611.92414,-59008.855502,-12220224,48.240419,6.945532,
309,2890445.74048,-60329.342823,-7876992,47.911109,6.921785,
310,2850947.27378,-61361.536659,-3474816,46.461471,6.816265,
311,2889015.014142,-62107.812174,948256,46.516129,6.820273,
312,2891360.883309,-62565.524841,5395360,46.213324,6.798038,
313,2812094.2563,-62734.946309,9818624,44.825005,6.695148,
314,2859574.516106,-62621.968036,14196064,45.664079,6.75752,
315,3021937.21619,-62221.93619,18505056,48.567071,6.969008,
316,3020688.264175,-61521.163293,22708992,49.099986,7.007138,
317,2778421.73096,-60520.577696,26814176,45.908711,6.775597,
318,2635272.707857,-59241.198741,30781248,44.483784,6.669617,
319,2712112.215762,-57696.209204,34587648,47.006766,6.856148,
320,2692835.493485,-55880.934612,38181984,48.188806,6.941816,
321,2450710.690029,-53798.406471,41629408,45.553593,6.74934,
322,2190248.304959,-51470.907187,44867392,42.553132,6.523276,
323,2050073.097605,-48923.291039,47878496,41.903826,6.473316,
324,2002261.451005,-46169.911126,50664032,43.367236,6.585381,
325,1971014.933332,-43216.074991,53208608,45.608375,6.753397,
326,1773028.965509,-40066.643244,55476992,44.251997,6.652217,
327,1443855.676611,-36741.164096,57480512,39.298038,6.268815,
328,1330459.025819,-33269.415444,59224544,39.990454,6.323801,
329,1494210.039047,-29661.829336,60709728,50.374844,7.097524,
330,1300175.887288,-25908.25199,61902592,50.183852,7.084056,
331,830461.14117,-22027.262897,62811136,37.701513,6.140156,
332,650862.74445,-18060.233747,63451584,36.038445,6.003203,
333,514410.988761,-14027.943102,63818176,36.67045,6.055613,
334,329771.685364,-9944.779113,63904064,33.160283,5.758497,
335,287935.310914,-5827.198634,63721120,49.412304,7.029389,
336,196204.344367,-1681.234887,63263520,116.702518,10.802894,
337,-135113.592231,2482.067528,62531232,54.435905,7.378069,
338,-424808.777107,6632.27326,61531232,64.05176,8.003234,
339,-486294.530085,10742.131839,60276672,45.269834,6.728286,
340,-559565.327865,14803.23391,58772448,37.800208,6.148187,
341,-819713.13425,18806.564585,56974464,43.586543,6.602011,
342,-1016739.105511,22728.547263,54958816,44.734012,6.688349,
343,-1057431.737364,26550.375442,52696832,39.827374,6.310893,
344,-1201000.253362,30265.440221,50199168,39.682233,6.299384,
345,-1472867.217796,33859.240504,47484160,43.499712,6.595431,
346,-1676762.884243,37306.360024,44543936,44.945765,6.70416,
347,-1724824.299474,40587.28621,41392384,42.496665,6.518947,
348,-1846088.439022,43695.067859,38048192,42.249355,6.49995,
349,-2157385.524113,46616.41879,34533376,46.279521,6.802905,
350,-2378922.558287,49322.881056,30832608,48.231622,6.944899,
351,-2386211.028229,51793.418858,26983232,46.071703,6.787614,
352,-2391509.532096,54025.294421,22994848,44.266478,6.653306,
353,-2527944.141273,56016.800899,18893824,45.12832,6.717762,
354,-2677633.77282,57755.386805,14678176,46.361628,6.808937,
355,-2713928.079706,59227.317188,10365792,45.822236,6.769212,
356,-2774834.992686,60427.612773,5990208,45.919984,6.776429,
357,-2932394.043873,61349.448319,1591072,47.798214,6.913625,
358,-2969662.863294,61979.122714,-2820448,47.913922,6.921988,
359,-2824324.428182,62313.578489,-7245184,45.324382,6.732339,
360,-2805728.675576,62364.403548,-11629984,44.989265,6.707404,
361,-2975303.859363,62132.871161,-15950848,47.886148,6.919982,
362,-3040796.782627,61604.866824,-20199904,49.359684,7.025645,
363,-2954955.893097,60774.038481,-24366304,48.62201,6.972948,
364,-2745769.479649,59648.770911,-28401824,46.032289,6.78471,
365,-2530037.287612,58249.096112,-32289920,43.434791,6.590508,
366,-2544422.388911,56594.254824,-36012192,44.959023,6.705149,
367,-2613082.925352,54684.441098,-39576128,47.784761,6.912652,
368,-2445987.068459,52515.585527,-42925824,46.576403,6.824691,
369,-2235944.3877,50102.450404,-46060384,44.627446,6.680378,
370,-2145126.435369,47464.518292,-48962720,45.194316,6.722672,
371,-1982821.946933,44612.757333,-51643040,44.445178,6.666722,
372,-1704602.702328,41563.862512,-54050048,41.011653,6.404034,
373,-1568615.962799,38343.185017,-56199584,40.909903,6.396085,
374,-1595308.527345,34964.110235,-58082080,45.627031,6.754778,
375,-1481512.168555,31426.798116,-59699776,47.141683,6.86598,
376,-1152679.206605,27743.336968,-61045856,41.547965,6.445771,
377,-897342.594587,23943.864085,-62126656,37.476933,6.121841,
378,-795266.669391,20053.228173,-62908192,39.657788,6.297443,
379,-658761.687443,16083.478612,-63416672,40.958906,6.399915,
380,-485895.723133,12048.20772,-63657472,40.329295,6.350535,
381,-367848.090629,7963.770487,-63624160,46.190192,6.796337,
382,-218028.544837,3842.847944,-63304128,56.736188,7.532343,
383,9157.293134,-299.15958,-62727936,30.610062,5.532636,
384,228121.416107,-4440.350261,-61898560,51.374644,7.167611,
385,392383.770984,-8559.218034,-60796000,45.843413,6.770776,
386,521388.009959,-12639.132494,-59421920,41.251883,6.422763,
387,640366.953053,-16667.018194,-57798720,38.421207,6.198484,
388,816387.368936,-20630.384919,-55940128,39.572086,6.290635,
389,1073916.304279,-24511.324309,-53830624,43.813067,6.619144,
390,1256153.240181,-28285.535305,-51480128,44.409739,6.664063,
391,1294018.126216,-31935.512511,-48896672,40.519723,6.36551,
392,1418778.497614,-35455.291934,-46099488,40.015987,6.325819,
393,1720090.264763,-38831.506029,-43067168,44.296254,6.655543,
394,1933667.743966,-42036.57372,-39848000,45.999652,6.782304,
395,1995522.891383,-45049.680918,-36433696,44.296049,6.655528,
396,2103706.749674,-47862.748048,-32849152,43.952904,6.629699,
397,2295251.663713,-50464.659053,-29089088,45.482357,6.744061,
398,2436097.370712,-52837.53612,-25192832,46.105431,6.790098,
399,2500514.596329,-54967.501712,-21150176,45.490781,6.744685,
400,2590512.269653,-56847.173486,-16995680,45.569764,6.750538,
401,2723124.499587,-58467.309572,-12750112,46.575163,6.8246,
402,2750384.778457,-59816.185516,-8434208,45.980611,6.7809,
403,2772342.317447,-60890.055655,-4053888,45.530297,6.747614,
404,2878343.738608,-61685.835685,357632,46.66134,6.830911,
405,2922068.122672,-62194.410949,4757376,46.982809,6.854401,
406,2914087.976525,-62411.270102,9149120,46.691695,6.833132,
407,2964334.494143,-62336.101364,13505984,47.554057,6.895945,
408,2966530.65718,-61964.899724,17790080,47.874372,6.919131,
409,2834684.724716,-61298.341245,21993056,46.244069,6.800299,
410,2753357.558171,-60347.788352,26089120,45.62483,6.754615,
411,2760218.068653,-59121.066918,30054400,46.687555,6.832829,
412,2694671.67239,-57618.982571,33879488,46.767082,6.838646,
413,2522536.65664,-55848.471893,37493664,45.167514,6.720678,
414,2426707.141391,-53824.898704,40954144,45.085215,6.714552,
415,2341282.262646,-51558.556381,44215456,45.410159,6.738706,
416,2182356.276856,-49058.869257,47242848,44.484439,6.669666,
417,2082944.661694,-46340.259496,50041952,44.948921,6.704396,
418,1939255.489761,-43413.791276,52686848,44.669112,6.683495,
419,1712175.586353,-40294.158309,55054208,42.491906,6.518582,
420,1474392.076296,-37003.337872,57148992,39.84484,6.312277,
421,1305864.387522,-33564.687705,58982368,38.9059,6.237459,
422,1415894.011387,-29992.69759,60527776,47.207958,6.870805,
423,1368970.406203,-26280.531981,61785440,52.090666,7.217386,
424,1013761.134371,-22434.713551,62752672,45.187166,6.72214,
425,1134507.922731,-18482.78953,63455648,61.381856,7.834657,
426,1257608.652701,-14416.948261,63858752,87.231266,9.339768,
427,350288.52009,-10235.282083,63975008,34.223631,5.850097,
428,-489811.933255,-6017.876212,63817952,-81.392823,5.850097,
429,-354224.335134,-1840.167687,63371104,-192.495683,5.850097,
430,-192735.896333,2301.783832,62649600,83.733274,9.150589,
431,-325606.18696,6421.707998,61661184,50.703985,7.120673,
432,-413537.140304,10509.709613,60392352,39.348103,6.272807,
433,-503840.035095,14556.390061,58867456,34.61298,5.88328,
434,-765285.303167,18551.066106,57042752,41.252902,6.422842,
435,-1025643.136037,22469.193861,54985408,45.646637,6.756229,
436,-1105612.544199,26286.548512,52689952,42.060012,6.485369,
437,-1249092.855359,29992.643096,50125728,41.646642,6.453421,
438,-1472819.162532,33573.050555,47352192,43.86909,6.623374,
439,-1617845.831334,37007.039056,44447648,43.717246,6.611902,
440,-1792047.500435,40278.866169,41330496,44.491012,6.670158,
441,-1953090.431833,43371.595503,38007584,45.031556,6.710556,
442,-2041623.481568,46269.738959,34521760,44.124379,6.642618,
443,-2182750.402714,48963.212157,30837088,44.579396,6.67678,
444,-2384812.31098,51437.792009,27002368,46.363038,6.809041,
445,-2464568.693741,53675.003872,23021376,45.916507,6.776172,
446,-2445897.872274,55666.77805,18923616,43.938197,6.628589,
447,-2613687.67701,57412.103293,14737152,45.525029,6.747224,
448,-2793717.334445,58895.946454,10453056,47.434798,6.887293,
449,-2787298.554199,60102.272868,6116192,46.375926,6.809987,
450,-2862318.832016,61029.028364,1737888,46.900941,6.848426,
451,-3027859.320694,61668.57401,-2666880,49.098903,7.007061,
452,-2964611.349806,62007.56709,-7050688,47.810477,6.914512,
453,-2841478.965708,62050.598188,-11416544,45.792934,6.767048,
454,-2842793.924769,61808.172419,-15727360,45.993819,6.781874,
455,-2789610.051806,61282.19399,-19961280,45.520727,6.746905,
456,-2809192.19353,60476.497857,-24098784,46.450973,6.815495,
457,-2851956.531788,59389.613371,-28118080,48.021133,6.929728,
458,-2746317.785564,58018.961338,-32011776,47.334832,6.880031,
459,-2593130.334064,56373.997702,-35726624,45.998695,6.782234,
460,-2449892.767531,54469.661205,-39262912,44.977199,6.706504,
461,-2353041.305548,52319.887095,-42594144,44.974128,6.706275,
462,-2252009.313242,49934.861943,-45716032,45.098939,6.715574,
463,-2127771.863521,47324.885382,-48596384,44.960951,6.705293,
464,-2020583.80991,44501.882642,-51264928,45.404457,6.738283,
465,-1852612.519988,41477.435148,-53683360,44.665552,6.683229,
466,-1669120.104599,38267.810509,-55846976,43.616817,6.604303,
467,-1467010.211078,34891.396769,-57755712,42.045041,6.484215,
468,-1219334.591441,31368.795412,-59379616,38.870941,6.234656,
469,-1084261.196582,27723.225342,-60727872,39.110211,6.253816,
470,-1056590.761096,23968.212418,-61805440,44.083002,6.639503,
471,-936271.654989,20108.457247,-62607872,46.561088,6.823569,
472,-743532.705999,16155.710779,-63139424,46.022903,6.784018,
473,-565054.35894,12128.378528,-63392800,46.58944,6.825646,
474,-335760.938518,8045.053729,-63375392,41.735077,6.460269,
475,-99744.792293,3928.20646,-63078592,25.391942,5.039042,
476,84802.969487,-199.091617,-62506624,425.949473,20.638543,
477,228095.751674,-4318.215324,-61674720,52.821764,7.267858,
478,319769.584542,-8415.02866,-60579776,37.999821,6.1644,
479,443900.141998,-12479.568831,-59243168,35.570151,5.964072,
480,637983.743392,-16499.062988,-57637696,38.667877,6.21835,
481,835444.077033,-20454.8112,-55781088,40.843402,6.390884,
482,1062624.681279,-24326.718233,-53675104,43.681382,6.609189,
483,1280109.781614,-28092.409942,-51329216,45.567817,6.750394,
484,1401401.006909,-31730.975724,-48752992,44.165078,6.645681,
485,1469896.365719,-35229.840443,-45965888,41.723049,6.459338,
486,1568062.978552,-38581.49068,-42961248,40.642882,6.375177,
487,1799421.815599,-41775.16675,-39757184,43.073959,6.563075,
488,2102077.671267,-44788.12784,-36368384,46.933814,6.850826,
489,2186963.008819,-47592.966354,-32793312,45.951391,6.778746,
490,2194507.679009,-50179.820035,-29036640,43.732873,6.613083,
491,2360140.929591,-52545.587489,-25150848,44.916063,6.701945,
492,2467091.807547,-54676.028868,-21128608,45.122001,6.717291,
493,2551297.731693,-56560.020515,-16984608,45.107794,6.716234,
494,2745875.713643,-58187.693,-12765344,47.189974,6.869496,
495,2814500.273764,-59542.027579,-8463232,47.269137,6.875255,
496,2809478.821578,-60615.635927,-4106368,46.349078,6.808016,
497,2935187.935549,-61406.89646,281184,47.798995,6.913682,
498,2942105.372864,-61905.76202,4662400,47.52555,6.893878,
499,2800989.437491,-62111.918916,9042944,45.095845,6.715344,
500,2866874.800653,-62035.893396,13353760,46.213162,6.798026,
501,2955397.131475,-61672.958992,17631456,47.920469,6.922461,
502,2832017.475986,-61016.617135,21828896,46.413872,6.812773,
503,2779501.771632,-60076.204368,25898528,46.266268,6.801931,
504,2730434.789245,-58857.789994,29848096,46.390372,6.811048,
505,2552563.346077,-57367.644133,33644096,44.494826,6.670444,
506,2479608.87308,-55621.229628,37237888,44.58026,6.676845,
507,2514611.641288,-53625.760956,40696608,46.891859,6.847763,
508,2389390.812276,-51380.466922,43943296,46.503875,6.819375,
509,2246426.465577,-48896.276844,46963136,45.94269,6.778104,
510,2094371.657827,-46187.362025,49753408,45.345124,6.733879,
511,1777002.32079,-43270.763562,52316160,41.067043,6.408357,
512,1611789.775855,-40174.906867,54599008,40.119316,6.333981,
513,1557346.965408,-36916.935443,56643456,42.185164,6.495011,
514,1518507.472979,-33503.293236,58429120,45.324126,6.732319,
515,1557484.854476,-29936.715392,59919648,52.02591,7.212899,
516,1221602.154078,-26217.940248,61152800,46.594131,6.825989,
517,709235.432502,-22378.69347,62106144,31.692441,5.629604,
518,566375.200337,-18464.922072,62791648,30.673035,5.538324,
519,555391.670854,-14493.521704,63178688,38.319994,6.190315,
520,474601.405411,-10467.298304,63305504,45.341347,6.733598,
521,354953.427572,-6393.800763,63144992,55.515247,7.450855,
522,83368.703231,-2286.216905,62737376,36.465789,6.038691,
523,-209659.277604,1829.411161,62059456,114.604788,10.705363,
524,-270451.867312,5926.337186,61107424,45.635585,6.755412,
525,-326936.805645,9996.151815,59887872,32.706267,5.718939,
526,-527289.197468,14031.978806,58420224,37.577679,6.130064,
527,-800417.827666,18014.446868,56671936,44.431996,6.665733,
528,-994293.594491,21917.52494,54733856,45.365232,6.735372,
529,-1025655.270279,25722.762385,52544352,39.87345,6.314543,
530,-1172057.864213,29424.361211,50116416,39.832908,6.311332,
531,-1502138.51964,33006.968196,47459360,45.509739,6.746091,
532,-1687039.727349,36440.804786,44593888,46.295348,6.804068,
533,-1729855.507441,39707.187996,41507296,43.565299,6.600401,
534,-1805951.41307,42800.210035,38239264,42.194919,6.495762,
535,-1941144.421758,45712.150886,34784928,42.464517,6.51648,
536,-2138677.39484,48429.461921,31138944,44.160668,6.645349,
537,-2386962.31693,50932.404156,27346624,46.865298,6.845823,
538,-2536108.202585,53197.482387,23406944,47.673463,6.904597,
539,-2503680.900066,55210.680973,19343008,45.347763,6.734075,
540,-2539760.090467,56972.819528,15181376,44.578452,6.67671,
541,-2715843.93391,58479.673569,10918656,46.440819,6.81475,
542,-2844809.210886,59715.436197,6598176,47.639428,6.902132,
543,-2885782.710762,60667.505435,2238656,47.567189,6.896897,
544,-2900835.967949,61331.14189,-2147072,47.297929,6.877349,
545,-2881877.433898,61705.059642,-6529056,46.70407,6.834038,
546,-2907135.787602,61790.34626,-10893984,47.048382,6.859182,
547,-2925443.729139,61584.906725,-15204608,47.502609,6.892214,
548,-2825774.508029,61088.131519,-19443552,46.257341,6.801275,
549,-2797814.958604,60308.023593,-23579616,46.392085,6.811174,
550,-2818996.947688,59247.646576,-27584608,47.579897,6.897818,
551,-2717118.560791,57906.53554,-31470048,46.922485,6.849999,
552,-2550628.012883,56294.284939,-35187488,45.308827,6.731183,
553,-2458184.971298,54426.264795,-38719744,45.165417,6.720522,
554,-2409440.086014,52312.006384,-42064256,46.059026,6.78668,
555,-2285272.449746,49957.533944,-45192064,45.744301,6.763453,
556,-2112572.703277,47374.915803,-48093120,44.592643,6.677772,
557,-1913438.627359,44581.258459,-50775904,42.920247,6.551355,
558,-1734337.641534,41596.175717,-53208352,41.694642,6.457139,
559,-1685229.924053,38436.365574,-55371712,43.844674,6.621531,
560,-1578356.692532,35108.601433,-57283392,44.95641,6.704954,
561,-1360148.605387,31624.086445,-58920384,43.009894,6.558193,
562,-1195855.862046,28002.892766,-60299072,42.704726,6.534885,
563,-1004888.482637,24262.495088,-61395712,41.41736,6.435632,
564,-873235.252321,20421.053916,-62232064,42.761517,6.539229,
565,-785017.870197,16491.761391,-62775328,47.600608,6.899319,
566,-498083.956777,12485.864053,-63057792,39.891829,6.315998,
567,-170077.698251,8430.608123,-63045056,20.173835,4.491529,
568,-122144.939604,4355.699389,-62790144,28.042555,5.295522,
569,-153044.092243,267.8677,-62253984,571.342092,23.902763,
570,52305.502592,-3833.046708,-61474912,13.645934,3.69404,
571,368494.718966,-7927.768152,-60402752,46.481521,6.817736,
572,572521.450382,-11986.738819,-59087200,47.762904,6.911071,
573,708739.146681,-15989.014192,-57515808,44.326632,6.657825,
574,860125.921057,-19920.250164,-55693888,43.17847,6.571033,
575,999632.827118,-23765.504605,-53637728,42.062344,6.485549,
576,1053902.545008,-27511.708254,-51336448,38.307419,6.189299,
577,1221255.723385,-31151.449719,-48805760,39.203817,6.261295,
578,1511778.077581,-34667.924322,-46051840,43.607401,6.60359,
579,1734889.676132,-38033.908751,-43103424,45.614288,6.753835,
580,1858678.158375,-41227.205603,-39938912,45.083777,6.714445,
581,1911558.910028,-44235.349123,-36567840,43.213379,6.573688,
582,2054110.642074,-47051.432508,-33024160,43.656708,6.607322,
583,2236073.694789,-49661.791032,-29325760,45.026038,6.710144,
584,2387581.285304,-52048.851748,-25468064,45.87193,6.772882,
585,2531524.166127,-54197.169645,-21484192,46.709527,6.834437,
586,2610002.596969,-56092.853779,-17373376,46.530038,6.821293,
587,2581847.046816,-57728.632279,-13181888,44.723856,6.68759,
588,2698709.767257,-59104.86451,-8890528,45.65969,6.757195,
589,2930223.413263,-60210.034106,-4559552,48.666696,6.976152,
590,2913441.052593,-61024.603801,-193056,47.742072,6.909564,
591,2812786.591599,-61548.539478,4167360,45.700298,6.7602,
592,2858406.847991,-61789.735512,8526688,46.260221,6.801487,
593,2893399.831889,-61745.270139,12855232,46.860267,6.845456,
594,2850142.819951,-61412.181843,17114048,46.410056,6.812493,
595,2807839.40901,-60794.05379,21286752,46.186086,6.796035,
596,2815548.8317,-59894.662614,25363040,47.008343,6.856263,
597,2784204.858822,-58713.99783,29311360,47.41978,6.886202,
598,2608274.174908,-57256.324889,33105024,45.554341,6.749396,
599,2490054.89142,-55537.252994,36759968,44.835759,6.695951,
600,2488664.236879,-53568.027077,40185440,46.458016,6.816012,
601,2375247.04718,-51351.012575,43419968,46.255116,6.801111,
602,2151170.138882,-48897.514035,46445376,43.993446,6.632756,
603,2034803.702957,-46227.867529,49241152,44.01682,6.634517,
604,1994318.740442,-43353.963907,51794144,46.00084,6.782392,
605,1789948.322966,-40282.233134,54108352,44.435181,6.665972,
606,1539086.863375,-37031.877433,56159776,41.561135,6.446793,
607,1346064.29912,-33626.959647,57950080,40.029319,6.326873,
608,1124836.434665,-30087.944799,59474432,37.384954,6.114324,
609,1082406.5986,-26434.66834,60720832,40.946479,6.398944,
610,1038336.489502,-22673.167775,61713440,45.795828,6.767261,
611,817517.831116,-18809.602296,62417120,43.462792,6.592632,
612,662186.454036,-14863.485794,62828544,44.551222,6.67467,
613,503342.039724,-10851.211195,62975872,46.385793,6.810712,
614,268380.529429,-6789.365251,62867808,39.529547,6.287253,
615,96239.865018,-2700.066372,62479776,35.643518,5.970219,
616,-22358.536922,1399.385937,61821728,15.977391,3.997173,
617,-217930.885489,5495.819586,60916512,39.653937,6.297137,
618,-441052.385615,9570.308677,59747328,46.085492,6.78863,
619,-697868.879478,13600.343469,58315456,51.312592,7.163281,
620,-872726.225791,17561.196777,56659296,49.696284,7.049559,
621,-816936.341205,21437.03192,54714336,38.10865,6.17322,
