0,0,0
1,0,0
2,0,0
3,0,0
4,0,0
5,0,0
6,0,0
7,0,0
8,0,0
9,0,0
10,0,0
11,0,0
12,0,0
13,0,0
14,0,0
15,0,0
16,0,0
17,0,0
18,0,0
19,0,0
20,0,0
21,55.180945,50.5012794762
22,64.919907,50.1047398095
23,64.919907,49.2444400476
24,64.919907,48.7605781429
25,64.919907,49.1080479524
26,32.057743,46.7402908095
27,20.146462,45.937398619
28,20.146462,45.7017102857
29,12.743389,46.600363619
30,70.391641,49.0712168095
31,66.899326,47.6575790952
32,66.899326,46.4102420952
33,66.899326,45.1629050952
34,21.36521,43.4912253333
35,73.092085,44.3414885714
36,38.763774,42.7285672857
37,38.763774,42.7503274762
38,38.763774,42.7720876667
39,45.390614,42.9379997143
40,86.489778,42.8888698095
41,46.853612,38.9562341905
42,46.853612,36.9110350476
43,46.853612,34.8658359048
44,54.758807,34.5819150476
45,72.216773,33.5295530476
46,15.197007,31.6458593333
47,15.197007,32.4773925714
48,15.197007,32.5078024762
49,39.018182,33.9097001905
50,64.631306,33.3649218095
51,40.705249,31.6004708571
52,40.705249,30.9753559524
53,40.705249,30.3502410476
54,31.794051,29.7251261429
55,39.220738,29.4552671429
56,39.220738,30.298933381
57,39.220738,31.4717855714
58,39.220738,31.3140206667
59,42.247927,31.1562557619
60,44.358886,30.854339
61,3.90443,30.451900381
62,3.90443,32.250272
63,3.90443,33.947375381
64,40.891274,35.0013514762
65,32.659205,34.2940492857
66,32.659205,33.978750381
67,32.659205,33.6634514762
68,15.835615,32.5906634762
69,44.636859,32.9577995714
70,27.577836,32.0922368571
71,27.577836,31.4576797619
72,27.577836,30.8231226667
73,27.577836,30.1885655714
74,27.577836,29.5540084762
75,26.127012,28.919451381
76,56.937729,28.5749278095
77,63.850634,27.422299
78,35.907675,25.8200335238
79,35.907675,25.5483851429
80,35.907675,25.2767367619
81,35.907675,24.3740532857
82,41.670234,23.7166249524
83,39.543601,22.7847890476
84,26.037928,21.954221381
85,26.037928,21.766781
86,26.037928,21.373693381
87,26.037928,20.7705848571
88,10.130657,20.1674763333
89,23.545473,20.3218569048
90,26.460042,19.8003942381
91,14.252137,19.3188075714
92,14.252137,18.804691381
93,14.252137,18.2905751905
94,14.252137,18.4134836667
95,14.252137,18.9155201905
96,18.892017,19.1423823333
97,32.732524,19.1482978095
98,30.203059,18.4951415238
99,30.203059,17.5025385714
100,30.203059,16.7700354762
101,16.951322,16.037532381
102,22.10168,15.936064381
103,22.10168,15.5893412381
104,22.10168,15.6797247619
105,22.10168,15.9116105714
106,17.783088,15.6726727143
107,13.372649,15.6393820952
108,13.372649,15.816112381
109,13.372649,15.9928426667
110,12.594757,16.3814987143
111,16.346722,16.7748504286
112,3.455697,16.8341924762
113,3.455697,17.5999392857
114,16.833215,18.3656860952
115,24.794904,18.4944082381
116,19.016242,18.2440023333
117,19.016242,18.311084381
118,19.016242,19.2411530952
119,9.358397,19.6159167143
120,14.820494,20.4505777143
121,14.820494,21.0251388571
122,14.820494,21.0711802857
123,14.820494,21.8973817143
124,23.999734,22.3755573333
125,26.971282,22.4166262857
126,17.083985,22.3161929524
127,17.083985,22.6865832857
128,17.083985,22.9743113333
129,17.083985,23.3898549524
130,21.534426,23.2870309524
131,20.855143,22.9722811905
132,17.592905,22.396198619
133,19.53638,22.4700382857
134,19.53638,22.1254670476
135,19.53638,21.7808958095
136,19.53638,21.4363245714
137,20.424965,20.8790075238
138,38.547685,20.9369499048
139,26.886278,19.8715437619
140,26.886278,19.3614427143
141,26.886278,18.8513416667
142,15.787364,17.7478249048
143,32.170724,17.1728278571
144,24.862182,15.8176708095
145,24.862182,14.8105395714
146,24.862182,14.715638381
147,24.862182,14.9013875714
148,23.126274,14.7541040476
149,25.810401,13.930127381
150,14.924681,13.0962973333
151,14.924681,13.1922059048
152,8.757409,13.0201898095
153,19.143538,13.1418533333
154,12.300384,12.7689392857
155,12.300384,12.7218897143
156,12.300384,12.6748401429
157,7.832722,12.6277905714
158,21.641755,12.9619749524
159,16.174156,12.8841215714
160,16.174156,12.7342460952
161,16.174156,12.584370619
162,3.712426,12.4344951429
163,3.712426,12.7671168095
164,3.712426,13.3364682857
165,3.712426,13.5868359048
166,22.869257,13.8372035238
167,28.762915,13.1753410952
168,21.769228,12.2328282857
169,5.822764,11.9557868095
170,8.29997,12.6078120476
171,16.938761,12.6324242381
172,11.312343,12.2456654286
173,11.312343,12.1268312857
174,11.312343,12.3892386667
175,11.312343,12.6623322381
176,11.312343,12.9354258095
177,11.312343,13.208519381
178,14.850594,13.4816129524
179,20.006834,12.9898012857
180,13.026771,12.5809872857
181,13.026771,12.8092428095
182,13.026771,13.009366381
183,10.697481,13.2094899524
184,15.668807,13.5205320952
185,8.970146,13.5948444286
186,8.970146,13.7779541429
187,8.970146,14.1647104762
188,8.970146,14.2653505238
189,15.951357,14.3659905714
190,19.515294,14.134192
191,8.816826,13.6132830952
192,8.816826,13.5396490476
193,8.816826,13.466015
194,16.822898,13.3923809524
195,17.047308,12.7322515714
196,17.047308,12.2541931429
197,17.047308,11.9885324286
198,17.047308,11.975681381
199,4.522549,11.9552368095
200,11.42174,12.2423410476
201,17.820137,11.8705269524
202,17.229366,11.2381040476
203,17.229366,10.5352559524
204,17.229366,9.8324078571
205,17.229366,9.1295597619
206,12.81545,8.4267116667
207,17.092029,7.9340500476
208,11.083587,7.796967
209,11.083587,8.3013121429
210,11.083587,8.5929867619
211,8.576207,8.884661381
212,7.270511,9.2957350476
213,7.270511,9.7689847143
214,7.270511,9.9276565238
215,2.960181,10.157547
216,7.008081,10.3627067143
217,11.468433,10.2077758571
218,16.777436,10.0532037143
219,16.617972,9.5178399524
220,10.551738,8.9900697143
221,3.613644,8.8480528571
222,4.539256,9.247961
223,2.469556,9.5145875238
224,2.469556,9.7162870952
225,2.469556,9.7595909048
226,2.469556,9.8028947143
227,2.469556,10.075367381
228,14.213285,10.667327381
229,21.674835,10.4696806667
230,17.208754,9.9167220476
231,17.208754,9.5764339524
232,17.208754,9.036684
233,17.208754,8.8469749048
234,10.602619,8.681881
235,12.098211,8.6307858095
236,7.268535,8.3615799524
237,3.754533,8.4341761429
238,8.222418,8.4777990476
239,5.534797,8.3086655238
240,5.534797,8.4010575714
241,7.569384,8.5903205714
242,12.011715,8.6826984762
243,10.138413,8.5635368095
244,6.705247,8.4257157143
245,3.378936,8.6409100476
246,3.378936,8.9779582381
247,8.191482,9.2472586667
248,14.900716,9.2782685238
249,10.062704,9.0582679524
250,10.062704,9.0346885238
251,10.062704,8.9573220952
252,5.874005,8.639219619
253,13.224863,8.520579
254,13.741782,8.0518975238
255,9.52962,7.5586008571
256,6.444888,7.8082085238
257,8.793055,8.5384571905
258,4.670614,9.043741619
259,4.670614,8.9117936667
260,7.47503,8.7798457143
261,9.50932,8.5143541429
262,9.50932,8.2867717143
263,9.50932,8.1390149048
264,7.24417,8.0593928095
265,11.224328,8.2715422857
266,10.456948,8.4112032381
267,9.034245,8.4259584286
268,8.842689,8.508461381
269,10.280704,8.6000860476
270,9.567536,8.668546
271,8.438009,8.6931785238
272,3.382552,8.7715980476
273,3.382552,9.090753619
274,3.382552,9.0618270476
275,3.382552,9.5533650952
276,14.771381,10.1854213333
277,21.78011,10.1328249524
278,19.404028,9.7464795714
279,1.899707,9.4732809524
280,1.899707,10.0336214286
281,1.899707,10.532993381
282,4.730089,11.0327530952
283,6.406427,11.3977327143
284,7.837256,11.6828867143
285,11.699309,11.7123119524
286,14.157208,11.8118560476
287,10.766807,11.7159893333
288,10.766807,11.3855242381
289,10.766807,11.0550591429
290,11.718363,10.7245940476
291,10.084819,10.8546316667
292,10.084819,11.2507940952
293,10.084819,11.1397123333
294,2.775094,11.0286305714
295,13.704851,11.2656309524
296,16.655733,11.3110720476
297,13.666857,11.1317385238
298,13.666857,11.0947324286
299,13.666857,11.0577263333
300,13.666857,10.6822064762
301,12.386518,10.3808150476
302,12.394661,10.1403921429
303,12.394661,9.8660527143
304,12.394661,9.8287684286
305,8.455186,9.4946536667
306,13.789735,9.3481329524
307,12.144007,9.232115
308,3.82704,9.3537213333
309,3.82704,9.6207838095
310,3.82704,9.8878462857
311,14.449153,10.1549087619
312,18.40423,9.9161563333
313,7.752102,9.4890669048
314,7.752102,9.5692216667
315,7.752102,10.0104618095
316,14.659114,10.5625825238
317,12.889729,10.3370075714
318,12.889729,10.1956890476
319,12.889729,10.0543705238
320,5.78094,9.9693888095
321,7.337637,10.6620552381
322,7.337637,11.0726277143
323,6.633533,11.09259
324,11.611691,11.0041020476
325,5.378251,10.6785589524
326,5.378251,10.6498463333
327,11.353358,10.6211337143
328,14.69774,10.919416381
329,9.435352,11.3988520476
330,9.435352,11.7371641905
331,9.435352,12.0754763333
332,9.435352,12.4137884762
333,9.435352,12.752100619
334,9.435352,12.8048382857
335,17.018145,13.0125550476
336,19.346637,12.6607731905
337,9.92204,12.1981107619
338,9.92204,12.1842386667
339,9.92204,12.3129170476
340,11.105113,12.5011221905
341,20.326935,12.2664723333
342,15.959659,11.6135378095
343,7.756845,11.1685688095
344,4.775286,11.11421
345,4.775286,11.2018301905
346,4.775286,11.6681437619
347,4.775286,12.3609527143
348,17.617294,12.9630321905
349,24.765889,12.48524
350,16.539907,11.6670385238
351,16.539907,11.2405504762
352,16.539907,10.8140624286
353,16.539907,10.387574381
354,10.542843,10.0389687143
355,13.797404,10.2628765714
356,9.630726,10.0778778095
357,9.630726,10.0912922857
358,9.630726,10.3181802857
359,12.624286,10.6472749524
360,13.874348,10.8338191429
361,6.177466,10.9608365714
362,6.61531,11.3470314286
363,6.61531,11.4123308571
364,6.61531,11.4776302857
365,6.61531,11.5429297143
366,14.567871,11.803457381
367,19.324274,11.913207619
368,17.418955,11.3240407619
369,7.583658,10.825603381
370,7.583658,10.7277488095
371,7.583658,11.3144760476
372,7.583658,11.8374503333
373,7.583658,12.360424619
374,9.219188,12.8833989048
375,15.244908,13.3284908095
376,9.91243,13.2804081905
377,9.91243,13.8728522857
378,14.395374,14.2242738095
379,16.541714,14.3622218095
380,16.541714,14.3979631429
381,16.541714,14.4072466667
382,14.287558,15.0262274286
383,7.986598,15.6589261429
384,7.986598,16.5916705714
385,7.986598,17.524415
386,12.086391,18.4571594286
387,16.872626,20.6577587143
388,6.95177,23.3505274286
389,6.95177,25.0917985238
390,5.528712,26.833069619
391,19.90493,28.642105381
392,18.566118,29.7665593333
393,18.566118,29.8936758095
394,18.566118,29.5833309524
395,18.566118,29.2729860952
396,14.235173,28.9626412381
397,22.353756,29.3139884286
398,17.292282,29.5087159048
399,17.292282,29.1925639048
400,17.292282,28.8764119048
401,16.736668,28.5602599048
402,29.54031,28.4989645238
403,27.574231,27.4433088095
404,27.574231,26.4812759048
405,27.574231,25.519243
406,27.574231,24.5572100952
407,58.298976,23.5951771905
408,73.420769,21.5620737143
409,43.518463,19.3890387619
410,43.518463,18.5550848571
411,43.518463,17.7211309524
412,43.518463,16.8871770476
413,21.235564,16.0532231429
414,12.048876,16.0242327143
415,12.048876,16.8025276667
416,12.048876,17.580822619
417,21.613464,18.3591175714
418,26.443033,18.7712880476
419,10.65309,19.4830055714
420,10.65309,20.9466251429
421,10.65309,22.4102447143
422,15.449465,23.8738642857
423,7.37154,24.598948381
424,7.37154,25.3813676667
425,7.37154,26.1637869524
426,7.37154,26.9462062381
427,7.37154,27.4112022857
428,15.603803,27.823114
429,27.787035,27.7439024762
430,26.005431,27.7952096667
431,26.005431,28.142524619
432,26.005431,28.4898395714
433,26.005431,28.8371545238
434,20.626765,29.1844694762
435,28.39307,28.8825497143
436,28.39307,28.6577497619
437,28.39307,28.3596473333
438,30.269044,27.9159085238
439,41.389101,27.382837619
440,41.389101,26.3202401905
441,41.389101,24.613048619
442,41.389101,23.454012619
443,30.676231,22.294976619
444,23.802345,21.6460772857
445,23.802345,21.6696482857
446,23.802345,22.4132687143
447,17.136457,22.3917119524
448,16.021686,22.6875784286
449,13.940361,23.0365292381
450,28.864486,25.5396420476
451,33.299045,26.0092796667
452,33.299045,26.2677478095
453,33.299045,26.5262159524
454,33.299045,30.150247619
455,14.28645,33.7742792857
456,23.672271,38.303672619
457,22.132919,37.6299906667
458,19.074555,40.3677671429
459,19.074555,42.874297381
460,19.074555,45.380827619
461,5.538078,47.8873578571
462,17.049345,51.0384822381
463,17.049345,52.8986526667
464,17.049345,53.5577011429
465,24.297336,54.216749619
466,39.418374,54.5306556667
467,23.349653,54.1245122857
468,23.349653,55.5774510952
469,23.349653,57.594003619
470,66.50573,58.5690211429
471,38.726876,55.798826381
472,38.726876,55.179768
473,38.726876,54.1760379524
474,109.40371,53.1723079048
475,109.40371,48.8030143333
476,109.40371,44.4337207619
477,9.52495,41.8436423333
478,79.626225,43.7697798095
479,71.71169,42.3577613333
480,71.71169,41.3226254762
481,71.71169,40.287489619
482,71.71169,37.7376208095
483,56.112924,36.0423744762
484,30.889363,33.7674257619
485,30.889363,32.693599
486,30.889363,31.6454846667
487,30.889363,31.8781233333
488,53.861368,31.9289829048
489,65.697256,30.8859374762
490,43.825021,29.2792783333
491,8.33164,27.728967619
492,25.72665,27.8688179048
493,17.648545,27.180334381
494,17.648545,26.8765225238
495,17.648545,27.1074432857
496,17.648545,28.1321423333
497,55.012063,28.7200337619
498,49.973837,27.5287100476
499,49.973837,26.5773018571
500,49.973837,25.6258936667
501,49.973837,24.6744854762
502,18.164445,23.7230772857
503,36.111517,23.9333441429
504,8.339001,23.6356940476
505,8.339001,23.7006146667
506,8.878962,23.7655352857
507,35.774775,23.8047434762
508,31.957414,22.5631986667
509,31.957414,22.1180328095
510,31.957414,22.0326187619
511,11.268496,21.4421381905
512,11.268496,21.8368441905
513,11.268496,22.2315501905
514,11.268496,22.5001879524
515,22.497881,23.0472930952
516,39.167225,22.2576614762
517,29.994265,20.6742515714
518,29.994265,19.3866144286
519,29.994265,18.0989772857
520,29.994265,16.8113401429
521,29.994265,15.523703
522,29.994265,15.1914502381
523,22.580049,14.9190795238
524,29.860865,14.0289467619
525,9.702334,12.9115561429
526,9.702334,13.1213122381
527,9.702334,13.3310683333
528,9.702334,13.5408244286
529,22.608931,13.7286484286
530,30.163719,13.640885381
531,19.557322,12.9705269048
532,19.557322,12.8052349524
533,19.557322,12.639943
534,16.909889,11.8059980476
535,22.757704,11.578363381
536,5.915617,11.0722613333
537,5.915617,11.3681634286
538,2.953885,11.8182573333
539,2.953885,12.8292788571
540,2.953885,13.5970307143
541,2.953885,14.3647825714
542,23.016957,15.1325344286
543,24.27448,14.5110838571
544,3.887261,14.246588
545,6.395662,14.337202
546,14.107212,14.3083683333
547,14.107212,13.912318
548,14.107212,13.7776002381
549,13.646638,13.9118855238
550,20.765907,13.9130821905
551,16.086191,13.3468717619
552,16.086191,13.0035049524
553,16.086191,12.6601381429
554,2.044478,12.430411
555,12.129561,13.3675386667
556,12.129561,13.7527766667
557,12.129561,14.1380146667
558,15.367589,14.5232526667
559,24.185337,14.7542988571
560,19.076674,14.0264249048
561,19.076674,13.7659887619
562,19.076674,13.505552619
563,9.966495,13.2451164762
564,18.720067,13.2209135714
565,5.790155,13.1239262857
566,5.790155,13.5381084762
567,5.790155,13.6241982381
568,11.278139,13.710288
569,16.927203,13.5350451905
570,13.671768,13.0907993333
571,8.875488,13.4896639048
572,8.875488,14.1921798095
573,8.875488,14.1686020952
574,11.261921,14.145024381
575,21.724159,14.007807
576,20.219559,13.3723878095
577,20.219559,12.9818923333
578,20.219559,12.6690684286
579,20.219559,12.0922894286
580,8.899984,11.5155104286
581,13.607515,11.4777588095
582,13.607515,11.4440482381
583,13.607515,11.7537311429
584,9.458234,11.8147180476
585,16.683334,12.0732897619
586,14.487981,11.9878090952
587,7.59804,12.0068690476
588,7.59804,12.0217061905
589,7.59804,12.3723988095
590,7.59804,12.7796362857
591,22.047924,12.9514563333
592,23.628322,12.4351866667
593,8.380356,11.8436599524
594,8.380356,11.9782268571
595,8.380356,12.1127937619
596,8.380356,12.1573519524
597,12.019154,12.2117121905
598,13.650257,12.1999854286
599,8.1072,12.1505335238
600,8.1072,12.3650367143
601,8.1072,12.5795399048
602,12.899593,12.5164618095
603,20.110856,12.6474359524
604,14.88824,12.4214257143
605,14.88824,11.9155342857
606,14.88824,11.4096428571
607,14.88824,10.9539108571
608,7.90962,10.9130393333
609,14.962585,11.2044830476
610,16.150027,11.1600712857
611,11.206261,10.7855390952
612,11.206261,11.1319661905
613,11.206261,11.2850762857
614,11.206261,11.438186381
615,11.206261,11.5912964762
616,9.316078,11.7444065714
617,9.521921,11.5810929524
618,11.772892,11.3540012857
619,12.611767,11.0197205238
620,12.611767,10.6454933333
621,12.611767,10.6643276667
622,6.78256,10.9769538571
623,15.65005,11.376952381
624,15.364641,11.3546894762
625,4.26452,11.3460174762
626,4.26452,11.8659226667
627,5.317868,12.3858278571
628,14.029938,12.7109037143
629,14.029938,13.0032404762
630,14.029938,13.1022115238
631,8.284851,13.2011825714
632,18.48123,13.5737291905
633,14.421573,13.0521160952
634,14.421573,13.1918405238
635,14.421573,13.1442097619
636,14.421573,13.096579
637,5.886492,13.0489482381
638,4.752996,13.4077499048
639,4.752996,13.7725304286
640,4.752996,14.3488529524
641,13.007288,14.6953197619
642,19.176917,14.6487250476
643,15.182529,14.3083384762
644,15.182529,13.7696309524
645,15.182529,13.4895374762
646,15.182529,13.3951688095
647,15.182529,13.0193486667
648,12.144461,12.6435285238
649,20.16901,12.4123782857
650,16.10833,11.811794381
651,16.10833,11.7642710952
652,16.10833,11.6097779048
653,7.527355,11.4552847143
654,17.355786,11.709409381
655,13.421327,11.5517693333
656,13.421327,11.5203300952
657,13.421327,11.4888908571
658,13.421327,11.457451619
659,12.413387,11.426012381
660,16.855769,11.6127116667
661,12.028799,11.6668921429
662,12.028799,11.7416729048
663,12.028799,11.7986862857
664,3.869671,11.6330817619
665,9.300566,11.8560071429
666,13.200787,11.8203184762
667,7.290306,11.598905
668,7.290306,11.7500090952
669,7.290306,12.108393381
670,7.556748,12.4442997619
671,15.110341,12.6920220476
672,12.863973,12.3921173333
673,12.863973,11.849179381
674,12.863973,11.3062414286
675,14.045345,11.079516619
676,12.761103,11.1338594762
677,12.761103,11.0078830476
678,12.761103,10.881906619
679,12.761103,10.7559301905
680,16.334072,10.6299537619
681,17.993559,10.4149382857
682,13.599195,10.196853619
683,13.22608,10.0544704286
684,8.551104,9.5424784762
685,8.551104,9.2531044286
686,8.551104,8.963730381
687,8.551104,8.8490421429
688,10.463492,9.1286166667
689,14.816376,9.2860184286
690,14.34434,9.0827968095
691,12.758916,9.0268487619
692,8.812342,8.8526291429
693,1.462276,8.866341619
694,1.462276,9.2300572381
695,8.102752,9.5430832857
696,15.186545,9.8422335714
697,10.115598,9.486838619
698,10.115598,9.3729173333
699,10.115598,9.2589960476
700,10.115598,9.2423929048
701,11.818747,9.2656298571
702,13.413781,9.2719994286
703,10.609148,9.4284383333
704,2.474249,9.6810352381
705,2.474249,10.3210082857
706,2.474249,10.9609813333
707,6.142651,11.600954381
708,14.422169,12.066241619
709,13.768929,11.9639057143
710,10.548722,12.097666619
711,13.169431,12.2062049048
712,9.100304,12.1899475238
713,9.100304,12.3674580952
714,9.100304,12.1439574762
715,8.035823,12.3684244286
716,14.384908,12.4536702381
717,7.723251,11.9587004762
718,7.723251,12.1056204286
719,7.723251,12.3547927143
720,9.766932,12.4994500952
721,10.603574,12.5467893333
722,11.952508,12.5542884762
723,16.698998,12.4975526667
724,15.913683,12.0337977619
725,15.913683,11.8823987619
726,15.913683,11.8853761905
727,15.913683,11.6091278095
728,15.913683,11.3328794286
729,12.273115,11.0566310476
730,16.577908,10.9537430476
731,12.828026,10.6458649048
732,12.828026,10.5165525714
733,12.828026,10.1423471429
734,4.406791,10.2181493333
735,13.81411,10.8581911905
736,9.825985,10.9149766667
737,3.990543,10.5759966667
738,10.80857,10.5148948571
739,12.955869,10.1291250952
740,10.761056,10.093298
741,10.761056,10.0309179048
742,10.761056,9.9685378095
743,10.761056,9.5680558095
744,6.960145,9.3777257619
745,12.734304,9.3501641429
746,15.976209,8.9562775714
747,10.112467,8.4080145714
748,10.112467,8.1967229524
749,10.112467,8.3804261429
750,10.112467,8.517076381
751,10.112467,8.653726619
752,10.112467,8.7903768571
753,4.969712,8.9270270952
754,14.419872,9.5808537619
755,17.84767,9.8317854762
756,15.006605,9.9194887143
757,2.707405,10.1424807619
758,2.707405,10.951149
759,2.707405,11.7598172381
760,12.2035,12.3061445714
761,9.451074,12.6254555238
762,9.451074,12.7598688095
763,2.350934,12.5496300476
764,6.764125,12.7441414286
765,6.381351,12.7285008571
766,4.462686,12.731087619
767,4.462686,12.825039381
768,5.675343,13.371739381
769,13.970234,13.9784298095
770,12.982122,13.9046180476
771,12.982122,13.3702834762
772,12.982122,13.0391011905
773,12.982122,12.7900049524
774,18.700072,12.5409087143
775,19.689438,11.8443782381
776,19.689438,11.5469539048
777,19.689438,11.001098381
778,19.689438,10.4552428571
779,19.689438,9.9093873333
780,14.180279,9.3506111905
781,18.90903,9.4436272381
782,12.273753,9.1517552857
783,5.03606,9.1758489048
784,6.435673,9.5445945714
785,6.435673,10.1561795714
786,6.435673,10.8950248095
787,6.435673,11.6338700476
788,15.943386,12.3727152857
789,18.415842,12.6588122857
790,12.420187,12.373439
791,1.761096,12.5062538571
792,6.027294,12.793950619
793,7.751101,13.0009238095
794,7.751101,13.2509196667
795,4.072932,13.5009155238
796,13.443527,13.9260622857
797,8.226472,13.9049902381
798,8.226472,14.1487604286
799,8.226472,14.6457910476
800,7.955139,15.00549
801,16.133616,15.3781095714
802,12.779719,15.3612778571
803,12.779719,15.5041555238
804,12.779719,15.2204592857
805,19.278958,14.9744338095
806,21.951423,14.3740321905
807,21.951423,13.6463703333
808,21.951423,12.9187084762
809,21.951423,12.3246382857
810,12.423003,12.2520137619
811,15.209299,12.6034171905
812,7.802728,12.8221398571
813,10.373731,13.393556381
814,13.001014,13.8425441905
815,13.001014,13.889137
816,13.001014,13.9853317619
817,13.001014,14.0815265238
818,13.345646,14.1777212857
819,18.664115,14.1445468571
820,15.78015,13.7937308571
821,15.78015,13.5802465238
822,15.78015,13.3667621905
823,15.78015,13.0883282381
824,6.822098,12.4565947619
825,7.613184,12.5232300952
826,6.670524,13.0671014286
827,6.670524,13.6871655238
828,6.670524,13.6555261905
829,9.475949,13.6238868571
830,20.426308,13.4586558571
831,19.802475,12.7719791905
832,19.802475,12.3682475714
833,19.802475,11.8292074762
834,19.802475,11.290167381
835,13.979463,10.7511272857
836,15.021104,10.6088129524
837,15.021104,10.7812870476
838,15.021104,10.5742302857
839,12.648983,10.3671735238
840,11.296979,10.2730749048
841,11.296979,10.5114834286
842,11.296979,10.790602
843,9.933037,10.635244
844,2.513747,10.544835619
845,8.22144,10.6966413333
846,19.034482,10.9902545714
847,19.69187,10.8294262381
848,6.006098,10.203656
849,6.006098,10.2295891905
850,6.006098,10.255522381
851,6.006098,10.2814555714
852,11.324111,10.3073887619
853,8.482633,9.9497556667
854,8.482633,10.5242855238
855,8.482633,10.9632081905
856,10.990862,11.4021308571
857,18.64306,11.7216140476
858,10.672912,11.4236758571
859,10.672912,11.0034505238
860,10.672912,10.5832251905
861,16.303558,10.2469808571
862,17.158469,10.1454351905
863,8.034461,9.6931237143
864,8.034461,9.8677638571
865,5.701667,10.3118267619
866,14.387318,10.2376317619
867,15.657087,9.7498343333
868,6.550695,9.2015717143
869,6.550695,9.9625747619
870,6.550695,10.5471228571
871,6.550695,11.1316709524
872,6.550695,11.7162190476
873,3.813816,11.9955482381
874,20.54776,12.405205
875,17.700009,12.0180072857
876,17.700009,11.7664167619
877,17.700009,11.2428848095
878,12.386358,11.2536660476
879,1.84818,11.4899660476
880,1.84818,12.1248720952
881,3.611781,12.2764402381
882,14.171099,12.344027381
883,7.659928,11.9087898571
884,11.701904,12.5986358571
885,17.359782,13.3373434286
886,4.143572,13.8066282381
887,4.143572,14.905256381
888,4.143572,15.4674302381
889,22.531759,16.7063375714
890,18.826205,15.8958891905
891,18.826205,15.2618957619
892,18.826205,14.8616090952
893,12.416608,15.0999430476
894,12.416608,15.6434959048
895,12.416608,16.1870487619
896,12.416608,16.9950385714
897,6.705838,18.1617221429
898,17.926415,19.6003471429
899,17.348658,20.5046589524
900,15.181207,21.436483
901,5.031111,22.9044220476
902,5.031111,25.1994927143
903,5.031111,26.6433925714
904,22.146694,28.0872924286
905,27.214763,28.7161645238
906,27.214763,29.1037
907,27.214763,28.4616735238
908,15.949223,29.2377884286
909,30.160626,31.1917946667
910,5.512343,31.7564457619
911,5.512343,33.494824619
912,10.420185,35.2332034762
913,23.831218,36.7378755714
914,23.831218,37.6039270476
915,23.831218,39.0283517619
916,29.384394,41.8210244762
917,36.916963,45.2034911905
918,36.916963,47.213846619
919,36.916963,49.2242020476
920,36.916963,51.2345574762
921,46.007927,54.3652440952
922,53.227595,54.6242986667
923,35.353008,57.520038619
924,35.353008,60.1539206667
925,35.353008,62.7878027143
926,35.353008,65.4216847619
927,13.732207,68.0555668095
928,43.513176,71.7190108095
929,56.983354,70.586382
930,42.018299,70.0606399524
931,42.018299,70.1742520952
932,42.018299,69.133059
933,42.018299,68.0918659048
934,42.018299,66.6831271905
935,53.744137,65.8484148095
936,82.477345,64.6440714762
937,100.416195,62.0714801429
938,79.134427,58.6446578571
939,79.134427,56.2312530952
940,79.134427,54.3419177143
941,102.661382,52.1768910952
942,51.448073,48.8915332857
943,114.038134,48.0449044762
944,90.664531,44.2177965714
945,90.664531,42.1973408571
946,90.664531,39.8877974286
947,90.664531,37.578254
948,90.664531,35.2687105714
949,19.727971,32.9591671429
950,45.942771,34.0275551429
951,44.404154,33.8476193333
952,20.153244,32.3450850952
953,20.153244,32.531893381
954,12.434786,32.404717
955,24.489339,32.1671347143
956,28.452927,31.7322185714
957,28.452927,31.4697925714
958,28.452927,31.0945849524
959,28.452927,30.7193773333
960,39.458384,30.3441697143
961,33.668868,29.4448927143
962,33.668868,28.0084899048
963,33.668868,27.8184643333
964,33.668868,27.0832981429
965,48.234961,26.3481319524
966,42.164119,24.9193422857
967,42.164119,23.9853898571
968,42.164119,23.6040388095
969,42.164119,22.7151227619
970,42.164119,21.8262067143
971,42.164119,20.9372906667
972,12.850935,20.048374619
973,24.076218,20.5553244762
974,17.48254,19.9913592381
975,7.445558,19.945568381
976,15.3561,20.3777290476
977,22.941981,20.4331972381
978,20.573567,20.183309
979,20.573567,20.1372177143
980,20.573567,20.0911264286
981,20.573567,20.0450351429
982,3.504409,19.9989438571
983,29.678331,20.8559561429
984,18.230378,21.3424077143
985,18.230378,21.4477890952
986,18.230378,21.5531704762
987,22.551118,21.6585518571
988,34.155747,23.2029485238
989,23.496882,23.8805877619
990,23.496882,25.065792
991,23.496882,26.2509962381
992,23.496882,27.4362004762
993,23.496882,28.5119607619
994,12.232948,29.245494381
995,16.520932,30.5154058095
996,16.520932,31.5811275238
997,16.520932,32.6468492381
998,17.694328,32.8857806667
999,19.60565,33.0554996667
1000,19.60565,33.1342033333
1001,19.60565,33.212907
1002,19.60565,32.8001608095
1003,21.501667,32.3657613333
1004,39.893814,31.8410753333
1005,20.443387,30.4405728095
1006,20.443387,30.4081741429
1007,20.443387,30.3990686667
1008,54.983448,29.5898436667
1009,48.386171,27.1358538571
1010,48.386171,24.9960200952
1011,48.386171,22.8940620476
1012,48.386171,21.3419055238
1013,46.087848,20.0714711429
1014,38.901088,18.5460661429
1015,38.901088,17.3628878095
1016,38.901088,16.1797094762
1017,38.901088,14.9931734762
1018,21.538492,13.6370684286
1019,21.258427,13.1077536667
1020,21.258427,12.5917753333
1021,21.258427,12.075797
1022,10.93798,11.5554628571
1023,10.483261,11.8208466667
1024,10.483261,12.0532719524
1025,10.483261,12.008812381
1026,19.763015,11.9384742857
1027,20.252172,11.6550097143
1028,3.449662,11.3365227143
1029,3.449662,11.8181552381
1030,3.449662,12.2997877619
1031,4.245052,12.7814202857
1032,15.790884,13.5013124286
1033,21.707049,13.7508434762
1034,14.054343,13.718652381
1035,14.054343,14.0508758571
1036,14.054343,14.3830993333
1037,13.983832,14.5639809524
1038,10.422882,14.6074749048
1039,10.422882,14.8205379048
1040,10.422882,15.0336009048
1041,10.422882,15.1224570476
1042,10.33141,15.2113131905
1043,16.51104,15.3045251429
1044,15.364192,14.867868619
1045,9.54961,14.7343743333
1046,9.006161,14.6166454762
1047,13.810259,14.5890172857
1048,13.563945,14.4123290476
1049,13.563945,13.9047839524
1050,13.563945,13.3972388571
1051,13.563945,13.1069600952
1052,19.362787,13.0716605714
1053,21.031036,12.513696
1054,21.031036,11.876291
1055,21.031036,11.238886
1056,21.031036,10.7667122857
1057,17.852857,10.3090291429
1058,14.897205,9.922112619
1059,14.897205,9.8411073333
1060,14.897205,9.6723924286
1061,12.288861,9.5036775238
1062,12.288861,9.4591694762
1063,12.288861,9.285215619
1064,7.341253,9.6116235238
1065,12.560812,9.9475769524
1066,7.077304,9.4815299048
1067,8.425969,9.2766022857
1068,10.099806,9.0074525238
1069,2.905498,8.6585962381
1070,2.905498,8.7834598095
1071,7.468091,9.2405060476
1072,12.822655,9.5479128095
1073,7.645531,9.3651617619
1074,7.645531,9.3587760952
1075,7.645531,9.416811
1076,11.115388,9.352005381
1077,11.41969,9.0212167143
1078,9.72761,8.7953693333
1079,13.196094,8.434096
1080,11.354192,7.9076567619
1081,11.354192,7.4689271429
1082,11.354192,7.4247316667
1083,8.63583,7.9270816667
1084,19.143427,8.439897381
1085,14.396275,7.7896209048
1086,2.773824,7.3653992857
1087,2.773824,7.4946277143
1088,2.773824,7.6238561429
1089,2.773824,7.8036222381
1090,5.527633,8.316880381
1091,12.503469,8.9201658571
1092,13.923633,9.1841582857
1093,8.984883,9.3805238571
1094,7.511432,9.812068
1095,8.864264,10.3137764762
1096,6.284613,10.3563357619
1097,4.168826,10.9019091429
1098,6.676895,11.5271444762
1099,2.14087,11.598568619
1100,2.14087,11.8859939524
1101,2.14087,12.1734192857
1102,10.426087,12.5977544286
1103,21.903542,12.7620165238
1104,19.40496,11.9793268571
1105,5.487621,11.3156172857
1106,5.487621,11.577642
1107,5.487621,11.9655349048
1108,5.487621,12.0541218095
1109,6.548912,12.1427087143
1110,13.552245,12.1807579524
1111,18.196628,11.8853151429
1112,18.04731,11.6569041905
1113,18.04731,11.8122910476
1114,18.04731,11.6721196667
1115,18.04731,11.5319482857
1116,9.758009,11.3917769048
1117,17.741654,11.386135619
1118,17.298768,11.1976020952
1119,8.176802,10.7845890952
1120,8.176802,10.8059554286
1121,8.176802,10.8273217619
1122,11.051908,10.7713039524
1123,13.875591,10.7944294286
1124,5.467059,10.7336147143
1125,5.467059,11.0732062857
1126,10.99014,11.4127978571
1127,13.633372,11.2888249524
1128,7.347946,11.0389838571
1129,7.347946,11.0884487619
1130,7.347946,11.2019205714
1131,7.347946,11.5248994762
1132,13.399998,11.7985357143
1133,21.310434,11.783979
1134,15.103711,11.3927348571
1135,15.103711,10.9140073333
1136,15.103711,10.6662774286
1137,9.639542,10.4185475238
1138,13.78245,10.4310161429
1139,8.625495,10.1456608571
1140,8.625495,10.1514594286
1141,8.625495,10.239058
1142,7.000428,10.5399603333
1143,11.537543,10.9030927619
1144,12.598482,10.6978449048
1145,12.598482,10.4420761429
1146,12.598482,10.186307381
1147,8.386709,9.930538619
1148,8.386709,10.4048232857
1149,8.386709,10.9607394762
1150,9.730854,11.3010200476
1151,14.130503,11.4310435714
1152,13.094307,11.0890762381
1153,13.094307,10.7964515714
1154,13.094307,10.5038269048
1155,5.050433,10.2112022381
1156,9.901383,10.6681197143
1157,9.901383,10.702149381
1158,9.901383,10.7361790476
1159,7.789989,10.7702087143
1160,8.747265,11.0103142857
1161,10.465065,11.3451212381
1162,14.944444,11.3582780476
1163,14.626209,11.1581310952
1164,7.227338,10.9731381905
1165,7.227338,11.1404724762
1166,7.227338,11.3078067619
1167,7.227338,11.5449270476
1168,18.346687,11.8778524762
1169,20.060949,11.2516745238
1170,15.532601,10.5438650476
1171,12.461348,10.0516911905
1172,6.949189,10.0845973333
1173,6.949189,10.5787801905
1174,6.949189,10.8010582381
1175,6.949189,10.6144573333
1176,14.6457,10.7123822857
1177,10.616006,10.4167033333
1178,10.616006,10.3129145714
1179,10.616006,10.2091258095
1180,12.832206,10.3001470476
1181,15.778211,10.2181574286
1182,10.741358,9.9958818571
1183,10.741358,10.0134564286
1184,10.741358,9.7587164762
1185,10.741358,9.816196619
1186,10.741358,9.8891618571
1187,12.206864,9.7950741905
1188,14.218772,9.6312005238
1189,5.19695,9.3715217143
1190,5.19695,9.614676619
1191,5.19695,9.9978747143
1192,13.152377,10.3810728095
1193,17.327029,10.3854410476
1194,11.617028,9.886686619
1195,3.03057,9.961698381
1196,9.005613,9.9657138571
1197,8.436442,9.6852034762
1198,8.436442,9.8492781905
1199,8.436442,10.3396360952
1200,12.527452,10.5690417143
1201,11.110424,10.6036373333
1202,11.110424,10.7057104762
1203,11.110424,10.807783619
1204,5.391819,10.9098567619
1205,11.948441,11.1765939048
1206,12.273628,11.2464228095
1207,8.765517,11.190848381
1208,8.765517,11.1592534286
1209,8.765517,11.2446264286
1210,10.303203,11.2439632857
1211,13.24411,11.170077
1212,13.24411,10.9561475238
1213,13.24411,10.7422180476
1214,6.853186,10.8030481429
1215,13.192275,11.2319095714
1216,3.114895,11.1184982381
1217,3.114895,11.4754397619
1218,11.882011,11.8633439048
1219,18.733958,11.610148
1220,13.25396,11.0306689048
1221,13.25396,10.6374276667
1222,13.25396,10.4877516667
1223,13.25396,10.3380756667
1224,13.25396,10.1883996667
1225,10.993299,10.0387236667
1226,13.414848,10.0257267143
1227,11.106565,10.299216619
1228,8.102023,10.4751080476
1229,10.55835,10.7940729048
1230,8.751591,10.9960698095
1231,8.751591,10.9197372857
1232,8.751591,11.2102114286
1233,8.751591,11.5106160952
1234,14.521542,11.407967619
1235,15.859276,11.0305595714
1236,10.810637,10.5894499048
1237,10.610667,10.4268595238
1238,11.260882,10.4898768571
1239,6.564897,10.3541010476
1240,6.564897,10.426895
1241,4.995894,10.676808381
1242,10.110764,11.0712835238
1243,10.110764,11.063697619
1244,10.110764,11.0561117143
1245,10.110764,11.0485258095
1246,10.720363,10.8901796667
1247,19.158136,10.5028661905
1248,14.800285,9.713754
1249,14.800285,9.1321585238
1250,14.800285,9.046213619
1251,7.148608,9.2216131905
1252,14.851548,9.4579677143
1253,15.060089,9.0249488095
1254,6.595973,8.5023348571
1255,6.595973,8.3827740476
1256,6.595973,8.2632132381
1257,7.396239,8.3316835238
1258,11.934031,8.7380212381
1259,8.40959,8.8254212381
1260,8.09357,8.9463935714
1261,11.813078,9.0824144762
1262,13.279872,9.0413159524
1263,9.95146,8.9780745714
1264,9.95146,8.9439561905
1265,9.95146,8.9098378095
1266,6.785495,8.9184526667
1267,2.58678,9.1879339524
1268,2.58678,9.6573540476
1269,2.58678,10.1267741429
1270,12.995442,10.5856130952
1271,18.483676,10.7539462857
1272,12.112053,10.5205941429
1273,5.758151,10.4401129048
1274,4.085196,10.6621984286
1275,4.085196,10.9639484762
1276,4.085196,11.2656985238
1277,8.033849,11.610930381
1278,15.929331,12.0348627143
1279,13.769431,11.7677509048
1280,10.950009,11.4900738571
1281,10.950009,11.5930604286
1282,10.950009,11.696047
1283,11.951803,11.7990335714
1284,9.234974,11.8543156667
1285,9.234974,12.1091400476
1286,10.132372,12.4889168095
1287,12.444602,12.6283577619
1288,12.444602,12.297919
1289,12.444602,11.9425310476
1290,12.222398,11.5871430952
1291,16.530439,11.2423362857
1292,13.583281,10.8492527143
1293,10.421947,11.2762835238
1294,10.421947,11.4968195238
1295,10.421947,11.7173555238
1296,10.421947,11.9378915238
1297,11.335065,11.7803435714
1298,16.936428,12.3805863333
1299,10.319983,12.6740187619
1300,7.938213,13.28252
1301,13.112727,14.0044388571
1302,13.112727,14.4799522857
1303,13.112727,14.6186714762
1304,13.112727,15.0044295238
1305,14.586286,15.1099947619
1306,17.210286,14.612517381
1307,13.060632,14.133352381
1308,5.505388,14.2284931429
1309,4.981455,14.6789641905
1310,4.981455,15.1543844286
1311,4.981455,15.6298046667
1312,8.275684,16.1052249048
1313,22.550928,16.4237770952
1314,15.053203,16.0625557619
1315,15.053203,17.2944347619
1316,15.053203,19.1669453333
1317,7.11344,21.0394559048
1318,23.940163,23.2900504286
1319,23.098509,24.7393724286
1320,23.098509,24.5338918571
1321,23.098509,26.8382260476
1322,23.098509,28.9157339524
1323,16.02583,28.5293411429
1324,21.213646,28.4797425714
1325,15.329597,28.1831051429
1326,4.139261,28.1666605238
1327,7.147821,28.6830890476
1328,15.058588,28.9240752857
1329,14.96528,29.2898930952
1330,14.96528,29.7923582381
1331,14.96528,29.2672591429
1332,14.96528,28.7421600476
1333,14.96528,28.9128784762
1334,14.96528,28.9493377143
1335,40.922662,28.9857969524
1336,54.375925,27.786190381
1337,54.375925,25.9459522381
1338,54.375925,24.0249533333
1339,54.375925,22.1039544286
1340,18.783417,20.1829555238
1341,71.489527,19.4077770952
1342,66.726175,17.523159381
1343,14.98426,15.7683209048
1344,14.98426,16.4773831429
1345,14.98426,17.186445381
1346,14.98426,17.0391060476
1347,14.98426,17.4579540952
1348,12.208532,17.17957
1349,22.740762,17.0333634286
1350,25.517048,16.3856220952
1351,3.938199,15.6056766667
1352,3.938199,16.801024
1353,18.550367,18.2178181429
1354,15.730924,18.0113979048
1355,15.730924,17.9392368571
1356,15.730924,17.8670758095
1357,15.730924,17.7949147619
1358,14.034948,17.7227537143
1359,14.034948,17.7313534286
1360,14.034948,17.9751008095
1361,2.50467,18.261428381
1362,31.912555,18.9366545238
1363,29.874567,18.1332660952
1364,29.874567,17.5681889048
1365,29.874567,16.8576868571
1366,11.890134,16.1471848095
1367,23.780069,16.2930843333
1368,9.138194,16.667047619
1369,9.138194,18.0261850476
1370,9.138194,19.3853224762
1371,9.138194,20.7444599048
1372,29.040493,22.1035973333
1373,33.690876,23.1576835238
1374,14.215542,24.2737800952
1375,14.215542,25.1836596667
1376,14.215542,26.0935392381
1377,14.215542,27.0034188095
1378,14.215542,27.913298381
1379,14.215542,28.6201532381
1380,19.153643,30.1915716667
1381,20.047827,29.9535110476
1382,16.684419,30.2345160476
1383,15.041398,31.934755619
1384,18.007946,33.7342437143
1385,14.954024,37.0998949048
1386,14.954024,43.0622728095
1387,14.954024,50.4956948571
1388,31.633298,57.9032475238
1389,37.68008,62.633727619
1390,37.68008,63.3169093333
1391,37.68008,64.0000910476
1392,37.68008,64.6832727619
1393,51.176303,65.3664544762
1394,57.128904,65.4069589048
1395,33.323013,65.6339005238
1396,33.323013,67.6275285238
1397,33.323013,67.638236381
1398,33.323013,67.6489442381
1399,29.059494,67.6596520952
1400,47.215329,68.1798977143
1401,14.15437,67.8283390952
1402,25.948932,69.0511118571
1403,52.38945,69.7122388095
1404,52.830648,67.9429222381
1405,88.686621,66.1525962381
1406,140.16396,62.6548429524
1407,171.055887,56.7057878095
1408,170.51263,49.595479381
1409,130.97338,42.5062609048
1410,52.026896,37.2998638571
1411,52.026896,35.7957596667
1412,52.026896,35.2822302857
1413,52.026896,34.2419890476
1414,52.026896,33.2017478095
1415,61.894678,32.1615065714
1416,75.189201,29.6366602857
1417,33.547878,27.5894484286
1418,33.547878,26.8746242857
1419,33.547878,26.1598001429
1420,39.984652,25.444976
1421,39.832598,24.4236388095
1422,39.832598,23.0359761905
1423,39.832598,22.2013426667
1424,15.233802,21.5369439524
1425,15.233802,21.8322697143
1426,15.233802,22.1275954762
1427,15.233802,22.4229212381
1428,21.73941,22.718247
1429,21.639042,22.7037819048
1430,21.639042,22.3403648571
1431,20.440708,22.1540922381
1432,41.242779,21.6864605714
1433,30.18183,19.8977163333
1434,30.18183,18.6607224762
1435,30.18183,17.7489867619
1436,8.872906,16.6524444286
1437,32.197752,16.5706127619
1438,18.536571,15.3780741429
1439,18.536571,15.514688619
1440,18.536571,15.8856876667
1441,18.536571,15.6320275714
1442,10.691683,15.3783674762
1443,22.305294,15.4982734762
1444,25.880225,15.065150381
1445,21.435643,14.2478651905
1446,21.435643,13.5974629524
1447,21.435643,12.9864015238
1448,21.435643,12.3753400952
1449,21.435643,11.7642786667
1450,14.007284,11.1276115238
1451,17.727317,11.0354767143
1452,10.620443,10.7661974762
1453,3.67915,10.8353408095
1454,4.204959,11.2350219048
1455,11.03538,11.8663897619
1456,7.154441,12.4474553333
1457,7.154441,13.1931270952
1458,7.154441,13.5774048095
1459,21.405475,13.9616825238
1460,26.327551,13.6673395714
1461,13.209709,12.8261718571
1462,13.209709,12.8517040952
1463,13.209709,12.8772363333
1464,13.209709,12.9027685714
1465,8.717236,12.6782376667
1466,7.777196,13.0293542857
1467,8.603353,13.3763892381
1468,8.603353,12.9760479048
1469,8.603353,12.5757065714
1470,8.065633,12.1753652381
1471,12.072453,11.9178797619
1472,12.072453,11.7191342857
1473,12.072453,11.6282479048
1474,12.072453,11.7029301905
1475,17.463684,11.943818
1476,23.237757,11.8670110476
1477,22.813548,11.5152482381
1478,15.224273,11.1836858571
1479,15.224273,11.2135175238
1480,15.224273,11.01297975
1481,8.663029,10.7913327368
1482,13.745886,10.9095718333
1483,13.745886,10.7427298235
1484,13.745886,10.5550325625
1485,8.49456,10.342309
1486,16.090685,10.4742910714
1487,15.06493,10.0422607692
1488,0.196185,9.623705
1489,0.196185,10.4807522727
1490,0.196185,11.509209
1491,2.658438,12.7662116667
1492,7.898798,14.029683375
1493,10.163839,14.9055241429
1494,13.640781,15.695805
1495,17.131097,16.1068098
1496,15.850738,15.850738
1497,15.850738,15.850738
1498,15.850738,15.850738
1499,15.850738,15.850738
,,#DIV/0!
