0,0,0
1,0,0.011174594
2,0,0.0201741665
3,0,0.0284903673
4,0,0.0364659699
5,0,0.0442352223
6,0,0.0518646896
7,0,0.0593922728
8,0,0.066841638
9,0,0.0742285789
10,0,0.081564189
11,0,0.0888565811
12,0,0.0961118904
13,0,0.1033348915
14,0,0.1105293942
15,0,0.1176985038
16,0,0.1248448034
17,0,0.1319704823
18,0,0.1390774232
19,0,0.1461672728
20,0,0.1532414887
21,0,0.1603013792
22,0,0.16734813
23,0,0.1743828281
24,0,0.181406478
25,0,0.188420015
26,0,0.1954243158
27,0,0.2024202052
28,0,0.2094084662
29,0,0.2163898421
30,0,0.2233650408
31,0,0.2303347379
32,0,0.2372995811
33,0,0.244260188
34,0,0.2512171515
35,0,0.2581710387
36,0,0.265122391
37,0,0.2720717272
38,0,0.2790195414
39,0,0.285966304
40,0,0.2929124619
41,0,0.2998584393
42,0,0.3068046369
43,0,0.3137514318
44,0,0.3206991783
45,0,0.3276482062
46,0,0.3345988249
47,0,0.3415513179
48,0,0.3485059484
49,0,0.355462957
50,0,0.3624225607
51,0,0.369384957
52,0,0.3763503212
53,0,0.3833188077
54,0,0.3902905521
55,0,0.3972656702
56,0,0.4042442589
57,0,0.4112263974
58,0,0.4182121482
59,0,0.4252015596
60,0,0.4321946617
61,0,0.4391914726
62,0,0.4461919979
63,0,0.4531962299
64,0,0.4602041504
65,0,0.4672157315
66,0,0.4742309377
67,0,0.481249724
68,0,0.4882720397
69,0,0.4952978292
70,0,0.5023270311
71,0,0.5093595822
72,0,0.5163954168
73,0,0.5234344662
74,0,0.5304766617
75,0,0.5375219366
76,0,0.5445702234
77,0,0.5516214576
78,0,0.5586755768
79,0,0.565732522
80,0,0.5727922374
81,0,0.5798546724
82,0,0.5869197809
83,0,0.5939875209
84,0,0.6010578571
85,0,0.6081307594
86,0,0.6152062019
87,0,0.6222841665
88,0,0.6293646391
89,0,0.6364476122
90,0,0.6435330838
91,0,0.6506210559
92,0,0.6577115371
93,0,0.6648045403
94,0,0.6719000827
95,0,0.6789981858
96,0,0.6860988733
97,0,0.693202174
98,0,0.7003081171
99,0,0.7074167347
100,0,0.7145280602
101,0,0.7216421289
102,0,0.7287589753
103,0,0.7358786337
104,0,0.7430011386
105,0,0.7501265209
106,0,0.757254812
107,0,0.7643860408
108,0,0.771520232
109,0,0.7786574071
110,0,0.7857975854
111,0,0.7929407798
112,0,0.8000870021
113,0,0.8072362556
114,0,0.8143885424
115,0,0.8215438571
116,0,0.828702189
117,0,0.8358635242
118,0,0.843027841
119,0,0.8501951139
120,0,0.8573653126
121,0,0.8645384006
122,0,0.8717143373
123,0,0.8788930773
124,0,0.8860745704
125,0,0.8932587626
126,0,0.9004455972
127,0,0.907635014
128,0,0.9148269484
129,0,0.9220213351
130,0,0.9292181063
131,0,0.9364171933
132,0,0.9436185252
133,0,0.9508220333
134,0,0.9580276466
135,0,0.9652352965
136,0,0.9724449141
137,0,0.979656435
138,0,0.9868697948
139,0,0.9940849323
140,0,1.0013017905
141,0,1.0085203158
142,0,1.0157404586
143,0,1.0229621751
144,0,1.0301854243
145,0,1.0374101719
146,0,1.0446363888
147,0,1.0518640526
148,0,1.0590931461
149,0,1.0663236574
150,0,1.0735555822
151,0,1.0807889216
152,0,1.0880236842
153,0,1.0952598829
154,0,1.1024975381
155,0,1.1097366745
156,0,1.1169773244
157,0,1.1242195242
158,0,1.1314633158
159,0,1.1387087454
160,0,1.1459558647
161,0,1.1532047293
162,0,1.1604553974
163,0,1.1677079302
164,0,1.174962391
165,0,1.1822188475
166,0,1.1894773663
167,0,1.196738015
168,0,1.2040008625
169,0,1.2112659774
170,0,1.2185334275
171,0,1.2258032771
172,0,1.2330755908
173,0,1.2403504296
174,0,1.2476278507
175,0,1.2549079087
176,0,1.2621906531
177,0,1.2694761289
178,0,1.2767643759
179,0,1.2840554286
180,0,1.2913493158
181,0,1.298646058
182,0,1.3059456713
183,0,1.3132481643
184,0,1.3205535371
185,0,1.3278617841
186,0,1.3351728915
187,0,1.3424868389
188,0,1.3498035983
189,0,1.3571231332
190,0,1.3644453996
191,0,1.371770348
192,0,1.3790979205
193,0,1.3864280526
194,0,1.3937606735
195,0,1.4010957057
196,0,1.4084330666
197,0,1.415772667
198,0,1.4231144135
199,0,1.4304582062
200,0,1.4378039441
201,0,1.4451515199
202,0,1.4525008249
203,0,1.4598517465
204,0,1.4672041697
205,0,1.4745579796
206,0,1.4819130602
207,0,1.4892692932
208,0,1.4966265628
209,0,1.503984753
210,0,1.5113437487
211,0,1.5187034372
212,0,1.5260637089
213,0,1.5334244554
214,0,1.5407855736
215,0,1.5481469624
216,0,1.5555085263
217,0,1.5628701729
218,0,1.5702318163
219,0,1.5775933749
220,0,1.5849547734
221,0,1.5923159409
222,0,1.5996768131
223,0,1.6070373319
224,0,1.6143974458
225,0,1.6217571085
226,0,1.6291162803
227,0,1.636474927
228,0,1.6438330204
229,0,1.6511905392
230,0,1.6585474662
231,0,1.6659037905
232,0,1.6732595059
233,0,1.6806146112
234,0,1.6879691096
235,0,1.6953230086
236,0,1.702676319
237,0,1.7100290548
238,0,1.717381232
239,0,1.7247328711
240,0,1.7320839914
241,0,1.7394346155
242,0,1.7467847669
243,0,1.7541344683
244,0,1.7614837422
245,0,1.7688326101
246,0,1.7761810924
247,0,1.7835292084
248,0,1.7908769753
249,0,1.798224406
250,0,1.8055715113
251,0,1.8129182975
252,0,1.820264768
253,0,1.8276109216
254,0,1.8349567519
255,0,1.842302247
256,0,1.8496473921
257,0,1.8569921654
258,0,1.8643365392
259,0,1.8716804812
260,0,1.8790239527
261,0,1.8863669098
262,0,1.8937093029
263,0,1.9010510763
264,0,1.9083921686
265,0,1.9157325134
266,0,1.9230720387
267,0,1.9304106692
268,0,1.9377483233
269,0,1.9450849151
270,0,1.9524203555
271,0,1.9597545521
272,0,1.9670874082
273,0,1.9744188249
274,0,1.9817487014
275,0,1.9890769356
276,0,1.9964034232
277,0,2.0037280602
278,0,2.0110507411
279,0,2.018371362
280,0,2.0256898206
281,0,2.033006015
282,0,2.0403198453
283,0,2.0476312159
284,0,2.0549400322
285,0,2.0622462052
286,0,2.0695496498
287,0,2.0768502846
288,0,2.0841480354
289,0,2.0914428314
290,0,2.098734609
291,0,2.1060233115
292,0,2.1133088883
293,0,2.1205912965
294,0,2.1278704995
295,0,2.1351464683
296,0,2.1424191826
297,0,2.1496886284
298,0,2.1569548002
299,0,2.1642177014
300,0,2.1714773416
301,0,2.178733739
302,0,2.1859869184
303,0,2.193236913
304,0,2.2004837626
305,0,2.2077275145
306,0,2.2149682223
307,0,2.2222059441
308,0,2.2294407465
309,0,2.2366726992
310,0,2.2439018786
311,0,2.2511283631
312,0,2.2583522363
313,0,2.2655735843
314,0,2.2727924962
315,0,2.2800090623
316,0,2.2872233749
317,0,2.2944355274
318,0,2.3016456112
319,0,2.3088537186
320,0,2.3160599398
321,0,2.3232643631
322,0,2.330467073
323,0,2.3376681536
324,0,2.3448676821
325,0,2.3520657315
326,0,2.3592623716
327,0,2.3664576649
328,0,2.3736516681
329,0,2.3808444307
330,0,2.3880359957
331,0,2.3952263996
332,0,2.4024156692
333,0,2.4096038238
334,0,2.4167908743
335,0,2.4239768228
336,0,2.4311616627
337,0,2.4383453802
338,0,2.4455279495
339,0,2.4527093383
340,0,2.4598895038
341,0,2.4670683953
342,0,2.4742459538
343,0,2.4814221106
344,0,2.4885967895
345,0,2.4957699066
346,0,2.5029413706
347,0,2.5101110827
348,0,2.5172789377
349,0,2.5244448238
350,0,2.531608623
351,0,2.5387702137
352,0,2.5459294694
353,0,2.5530862578
354,0,2.5602404458
355,0,2.5673918958
356,0,2.5745404694
357,0,2.5816860269
358,0,2.5888284275
359,0,2.5959675306
360,0,2.6031031976
361,0,2.61023529
362,0,2.6173636735
363,0,2.6244882148
364,0,2.6316087863
365,0,2.6387252632
366,0,2.6458375274
367,0,2.6529454662
368,0,2.6600489731
369,0,2.6671479495
370,0,2.6742423029
371,0,2.6813319506
372,0,2.6884168174
373,0,2.6954968378
374,0,2.702571957
375,0,2.7096421278
376,0,2.7167073158
377,0,2.7237674952
378,0,2.7308226531
379,0,2.7378727852
380,0,2.744917899
381,0,2.751958014
382,0,2.7589931611
383,0,2.7660233802
384,0,2.773048724
385,0,2.7800692556
386,0,2.7870850483
387,0,2.7940961858
388,0,2.8011027615
389,0,2.8081048786
390,0,2.8151026488
391,0,2.8220961933
392,0,2.8290856412
393,0,2.8360711278
394,0,2.843052797
395,0,2.850030797
396,0,2.8570052825
397,0,2.8639764135
398,0,2.8709443523
399,0,2.8779092653
400,0,2.8848713212
401,0,2.8918306907
402,0,2.8987875435
403,0,2.9057420516
404,0,2.9126943856
405,0,2.9196447132
406,0,2.9265932009
407,0,2.9335400107
408,0,2.9404853029
409,0,2.947429232
410,0,2.9543719474
411,0,2.9613135918
412,0,2.968254304
413,0,2.9751942137
414,0,2.9821334447
415,0,2.9890721117
416,0,2.9960103233
417,0,3.0029481783
418,0,3.009885768
419,0,3.016823174
420,0,3.0237604705
421,0,3.0306977218
422,0,3.037634986
423,0,3.0445723104
424,0,3.0515097358
425,0,3.0584472954
426,0,3.065385015
427,0,3.072322913
428,0,3.0792610021
429,0,3.08619929
430,0,3.0931377798
431,0,3.1000764694
432,0,3.1070153555
433,0,3.1139544307
434,0,3.1208936885
435,0,3.1278331224
436,0,3.1347727261
437,0,3.1417124973
438,0,3.1486524382
439,0,3.1555925553
440,0,3.1625328636
441,0,3.1694733867
442,0,3.1764141611
443,0,3.1833552352
444,0,3.1902966756
445,0,3.1972385682
446,0,3.2041810215
447,0,3.2111241719
448,0,3.218068189
449,0,3.2250132814
450,0,3.2319597078
451,0,3.2389077863
452,0,3.2458579087
453,0,3.252810565
454,0,3.2597663716
455,0,3.2667261149
456,0,3.2736908185
457,0,3.2806618475
458,0,3.2876410806
459,0,3.2946312105
460,0,3.3016363104
461,0,3.3086630054
462,0,3.3157232213
463,0,3.3228420602
464,0,3.3300889774
465,0,3.3378358206
466,0,3.3428058518
467,0,3.3492646037
468,0,3.3559173265
469,0,3.3626472653
470,0,3.3694191482
471,0,3.376217739
472,0,3.3830351267
473,0,3.3898667164
474,0,3.3967096273
475,0,3.403561957
476,0,3.4104223996
477,0,3.4172900311
478,0,3.4241641826
479,0,3.4310443631
480,0,3.4379302041
481,0,3.4448214264
482,0,3.4517178153
483,0,3.458619203
484,0,3.4655254533
485,0,3.4724364544
486,0,3.4793521096
487,0,3.4862723351
488,0,3.4931970505
489,0,3.5001261783
490,0,3.5070596402
491,0,3.5139973566
492,0,3.5209392427
493,0,3.5278852084
494,0,3.5348351568
495,0,3.5417889839
496,0,3.5487465789
497,0,3.5557078228
498,0,3.5626725886
499,0,3.5696407422
500,0,3.5766121418
501,0,3.5835866391
502,0,3.5905640795
503,0,3.5975443029
504,0,3.6045271429
505,0,3.6115124307
506,0,3.6184999936
507,0,3.6254896552
508,0,3.6324812395
509,0,3.6394745693
510,0,3.6464694683
511,0,3.6534657615
512,0,3.660463276
513,0,3.6674618432
514,0,3.6744612986
515,0,3.6814614834
516,0,3.6884622449
517,0,3.6954634393
518,0,3.7024649291
519,0,3.7094665875
520,0,3.7164682965
521,0,3.7234699484
522,0,3.7304714468
523,0,3.7374727068
524,0,3.7444736552
525,0,3.7514742331
526,0,3.758474391
527,0,3.7654740956
528,0,3.7724733244
529,0,3.7794720687
530,0,3.786470333
531,0,3.7934681343
532,0,3.8004655027
533,0,3.8074624801
534,0,3.8144591214
535,0,3.821455493
536,0,3.8284516724
537,0,3.8354477465
538,0,3.8424438142
539,0,3.8494399828
540,0,3.8564363673
541,0,3.8634330924
542,0,3.8704302889
543,0,3.8774280945
544,0,3.884426652
545,0,3.8914261096
546,0,3.8984266176
547,0,3.9054283319
548,0,3.9124314082
549,0,3.9194360054
550,0,3.9264422814
551,0,3.9334503953
552,0,3.9404605048
553,0,3.9474727648
554,0,3.9544873287
555,0,3.9615043469
556,0,3.9685239656
557,0,3.9755463265
558,0,3.9825715671
559,0,3.9895998195
560,0,3.9966312105
561,0,4.0036658593
562,0,4.0107038808
563,0,4.0177453802
564,0,4.0247904586
565,0,4.0318392084
566,0,4.0388917143
567,0,4.0459480548
568,0,4.0530083008
569,0,4.0600725145
570,0,4.0671407519
571,0,4.0742130612
572,0,4.0812894834
573,0,4.0883700526
574,0,4.0954547948
575,0,4.1025437304
576,0,4.1096368733
577,0,4.1167342299
578,0,4.1238358013
579,0,4.1309415832
580,0,4.138051565
581,0,4.1451657315
582,0,4.1522840623
583,0,4.1594065328
584,0,4.1665331128
585,0,4.1736637691
586,0,4.1807984651
587,0,4.18793716
588,0,4.195079811
589,0,4.2022263716
590,0,4.2093767938
591,0,4.2165310269
592,0,4.2236890172
593,0,4.2308507111
594,0,4.2380160526
595,0,4.245184986
596,0,4.2523574522
597,0,4.2595333942
598,0,4.266712753
599,0,4.2738954694
600,0,4.2810814844
601,0,4.2882707401
602,0,4.2954631772
603,0,4.302658739
604,0,4.3098573673
605,0,4.3170590054
606,0,4.3242635983
607,0,4.3314710913
608,0,4.3386814307
609,0,4.345894565
610,0,4.3531104425
611,0,4.3603290129
612,0,4.3675502288
613,0,4.374774044
614,0,4.3820004125
615,0,4.3892292911
616,0,4.3964606369
617,0,4.4036944103
618,0,4.4109305714
619,0,4.4181690838
620,0,4.4254099108
621,0,4.4326530183
622,0,4.4398983727
623,0,4.4471459431
624,0,4.4543957003
625,0,4.4616476155
626,0,4.4689016606
627,0,4.4761578099
628,0,4.4834160387
629,0,4.4906763233
630,0,4.4979386412
631,0,4.5052029699
632,0,4.5124692889
633,0,4.5197375779
634,0,4.5270078163
635,0,4.534279986
636,0,4.5415540677
637,0,4.548830043
638,0,4.5561078947
639,0,4.5633876037
640,0,4.5706691525
641,0,4.577952522
642,0,4.585237695
643,0,4.5925246509
644,0,4.5998133716
645,0,4.6071038378
646,0,4.6143960279
647,0,4.6216899216
648,0,4.6289854973
649,0,4.6362827325
650,0,4.6435816026
651,0,4.6508820838
652,0,4.6581841504
653,0,4.6654877755
654,0,4.6727929323
655,0,4.6800995908
656,0,4.6874077218
657,0,4.6947172954
658,0,4.7020282782
659,0,4.709340638
660,0,4.7166543416
661,0,4.7239693534
662,0,4.7312856369
663,0,4.7386031568
664,0,4.7459218765
665,0,4.7532417573
666,0,4.7605627605
667,0,4.7678848475
668,0,4.7752079796
669,0,4.7825321182
670,0,4.7898572234
671,0,4.7971832556
672,0,4.8045101762
673,0,4.8118379452
674,0,4.8191665252
675,0,4.8264958786
676,0,4.8338259678
677,0,4.8411567573
678,0,4.8484882105
679,0,4.8558202932
680,0,4.8631529721
681,0,4.8704862137
682,0,4.8778199882
683,0,4.8851542653
684,0,4.8924890172
685,0,4.8998242159
686,0,4.9071598357
687,0,4.9144958518
688,0,4.9218322417
689,0,4.9291689839
690,0,4.9365060569
691,0,4.9438434425
692,0,4.9511811224
693,0,4.9585190795
694,0,4.9658572965
695,0,4.9731957594
696,0,4.9805344533
697,0,4.9878733641
698,0,4.9952124791
699,0,5.0025517841
700,0,5.0098912653
701,0,5.0172309098
702,0,5.0245707035
703,0,5.0319106327
704,0,5.0392506821
705,0,5.0465908357
706,0,5.0539310773
707,0,5.0612713878
708,0,5.0686117476
709,0,5.0759521364
710,0,5.0832925306
711,0,5.0906329044
712,0,5.097973232
713,0,5.1053134834
714,0,5.1126536273
715,0,5.1199936294
716,0,5.1273334533
717,0,5.1346730602
718,0,5.1420124082
719,0,5.1493514522
720,0,5.1566901461
721,0,5.1640284404
722,0,5.1713662814
723,0,5.1787036155
724,0,5.1860403856
725,0,5.1933765317
726,0,5.2007119914
727,0,5.2080467014
728,0,5.2153805961
729,0,5.2227136069
730,0,5.2300456649
731,0,5.2373766992
732,0,5.2447066369
733,0,5.252035406
734,0,5.2593629323
735,0,5.2666891418
736,0,5.2740139603
737,0,5.2813373126
738,0,5.2886591246
739,0,5.2959793222
740,0,5.3032978324
741,0,5.3106145832
742,0,5.3179295038
743,0,5.3252425242
744,0,5.3325535757
745,0,5.339862594
746,0,5.3471695145
747,0,5.354474275
748,0,5.3617768163
749,0,5.3690770827
750,0,5.3763750193
751,0,5.3836705747
752,0,5.3909637014
753,0,5.3982543545
754,0,5.4055424919
755,0,5.4128280741
756,0,5.4201110655
757,0,5.4273914339
758,0,5.4346691493
759,0,5.4419441858
760,0,5.4492165199
761,0,5.456486131
762,0,5.4637530011
763,0,5.471017116
764,0,5.4782784629
765,0,5.4855370322
766,0,5.4927928163
767,0,5.5000458099
768,0,5.5072960097
769,0,5.5145434135
770,0,5.5217880204
771,0,5.5290298324
772,0,5.5362688507
773,0,5.5435050784
774,0,5.5507385199
775,0,5.5579691783
776,0,5.565197058
777,0,5.5724221633
778,0,5.5796444984
779,0,5.5868640666
780,0,5.5940808711
781,0,5.6012949141
782,0,5.6085061976
783,0,5.6157147207
784,0,5.6229204823
785,0,5.6301234791
786,0,5.6373237078
787,0,5.6445211622
788,0,5.6517158346
789,0,5.6589077154
790,0,5.6660967938
791,0,5.6732830569
792,0,5.6804664898
793,0,5.6876470752
794,0,5.6948247938
795,0,5.7019996262
796,0,5.7091715499
797,0,5.7163405403
798,0,5.7235065725
799,0,5.7306696187
800,0,5.7378296509
801,0,5.7449866402
802,0,5.7521405564
803,0,5.7592913673
804,0,5.7664390419
805,0,5.7735835467
806,0,5.7807248496
807,0,5.7878629194
808,0,5.7949977229
809,0,5.8021292277
810,0,5.8092574039
811,0,5.8163822202
812,0,5.8235036488
813,0,5.8306216627
814,0,5.8377362363
815,0,5.8448473459
816,0,5.8519549699
817,0,5.8590590892
818,0,5.8661596885
819,0,5.873256754
820,0,5.880350276
821,0,5.8874402481
822,0,5.894526667
823,0,5.9016095328
824,0,5.9086888507
825,0,5.9157646284
826,0,5.9228368797
827,0,5.9299056208
828,0,5.9369708733
829,0,5.9440326617
830,0,5.9510910172
831,0,5.9581459731
832,0,5.9651975693
833,0,5.9722458485
834,0,5.9792908571
835,0,5.9863326477
836,0,5.993371276
837,0,6.0004068013
838,0,6.0074392857
839,0,6.014468797
840,0,6.0214954049
841,0,6.0285191826
842,0,6.0355402062
843,0,6.0425585532
844,0,6.049574304
845,0,6.0565875414
846,0,6.063598348
847,0,6.0706068088
848,0,6.0776130097
849,0,6.0846170354
850,0,6.0916189721
851,0,6.0986189033
852,0,6.1056169141
853,0,6.1126130859
854,0,6.1196074995
855,0,6.1266002331
856,0,6.1335913631
857,0,6.1405809613
858,0,6.1475690977
859,0,6.1545558367
860,0,6.1615412406
861,0,6.1685253663
862,0,6.1755082653
863,0,6.182489985
864,0,6.1894705671
865,0,6.1964500473
866,0,6.2034284565
867,0,6.2104058206
868,0,6.2173821568
869,0,6.2243574791
870,0,6.2313317938
871,0,6.238305102
872,0,6.2452773985
873,0,6.2522486713
874,0,6.2592189033
875,0,6.266188072
876,0,6.2731561482
877,0,6.2801230988
878,0,6.287088884
879,0,6.2940534597
880,0,6.3010167766
881,0,6.307978782
882,0,6.3149394178
883,0,6.321898623
884,0,6.3288563319
885,0,6.3358124769
886,0,6.3427669871
887,0,6.3497197884
888,0,6.3566708045
889,0,6.363619957
890,0,6.3705671643
891,0,6.3775123448
892,0,6.3844554146
893,0,6.3913962879
894,0,6.3983348765
895,0,6.4052710924
896,0,6.4122048432
897,0,6.4191360365
898,0,6.4260645768
899,0,6.4329903663
900,0,6.4399133018
901,0,6.4468332771
902,0,6.4537501794
903,0,6.4606638894
904,0,6.4675742803
905,0,6.4744812148
906,0,6.4813845435
907,0,6.4882840999
908,0,6.4951797003
909,0,6.5020711375
910,0,6.5089581762
911,0,6.5158405478
912,0,6.5227179409
913,0,6.5295899903
914,0,6.5364562685
915,0,6.5433162642
916,0,6.5501693652
917,0,6.5570148281
918,0,6.5638517401
919,0,6.5706789646
920,0,6.5774950698
921,0,6.584298217
922,0,6.5910859989
923,0,6.597855189
924,0,6.6046013298
925,0,6.6113180344
926,0,6.6179957121
927,0,6.624619015
928,0,6.6311611332
929,0,6.6375686595
930,0,6.6437090043
931,10.403547,6.6490561815
932,8.378602,6.6432287648
933,7.742383,6.6429359012
934,7.425286,6.6424195338
935,7.233174,6.641955884
936,7.103034,6.6415570301
937,7.00818,6.641213855
938,6.935359,6.6409169151
939,6.877242,6.6406587207
940,6.829453,6.6404335553
941,6.789217,6.6402370311
942,6.754693,6.6400657229
943,6.724614,6.6399169001
944,6.698082,6.6397883405
945,6.674441,6.6396781944
946,6.653205,6.6395848969
947,6.634007,6.6395070924
948,6.616562,6.6394435886
949,6.60065,6.6393933212
950,6.586095,6.6393553222
951,6.572758,6.6393287035
952,6.560525,6.639312638
953,6.549304,6.6393063491
954,6.539018,6.639309102
955,6.529603,6.6393201966
956,6.521004,6.6393389603
957,6.513173,6.6393647476
958,6.506071,6.6393969356
959,6.499661,6.6394349205
960,6.49391,6.6394781182
961,6.488788,6.6395259624
962,6.484269,6.6395779066
963,6.480325,6.63963342
964,6.476933,6.6396919903
965,6.474069,6.6397531246
966,6.471709,6.6398163469
967,6.469832,6.6398812019
968,6.468415,6.6399472535
969,6.467436,6.6400140859
970,6.466873,6.640081304
971,6.466705,6.6401485371
972,6.46691,6.6402154329
973,6.467466,6.6402816638
974,6.468352,6.640346927
975,6.469545,6.6404109398
976,6.471026,6.6404734479
977,6.472771,6.640534217
978,6.474761,6.6405930397
979,6.476975,6.6406497315
980,6.479391,6.6407041321
981,6.481991,6.6407561063
982,6.484754,6.6408055403
983,6.487661,6.6408523448
984,6.490694,6.6408964522
985,6.493835,6.6409378163
986,6.497066,6.6409764135
987,6.500371,6.6410122385
988,6.503734,6.6410453072
989,6.507142,6.6410756509
990,6.510578,6.641103319
991,6.514031,6.6411283781
992,6.517489,6.6411509066
993,6.52094,6.6411709979
994,6.524374,6.6411887562
995,6.527782,6.6412042965
996,6.531157,6.6412177433
997,6.53449,6.6412292277
998,6.537776,6.6412388872
999,6.54101,6.6412468647
1000,6.544187,6.6412533061
1001,6.547305,6.6412583588
1002,6.550362,6.6412621697
1003,6.553355,6.6412648861
1004,6.556284,6.6412666531
1005,6.559151,6.6412676133
1006,6.561955,6.6412679023
1007,6.564699,6.6412676531
1008,6.567385,6.6412669893
1009,6.570016,6.641266029
1010,6.572595,6.6412648808
1011,6.575127,6.6412636445
1012,6.577616,6.6412624103
1013,6.580066,6.6412612578
1014,6.582483,6.6412602567
1015,6.584872,6.6412594651
1016,6.587237,6.6412589291
1017,6.589585,6.6412586853
1018,6.59192,6.6412587573
1019,6.594248,6.6412591579
1020,6.596574,6.6412598894
1021,6.598902,6.6412609431
1022,6.601238,6.6412622997
1023,6.603586,6.6412639302
1024,6.60595,6.6412657959
1025,6.608334,6.6412678496
1026,6.61074,6.6412700365
1027,6.613173,6.6412722954
1028,6.615633,6.6412745553
1029,6.618123,6.6412767444
1030,6.620644,6.6412787841
1031,6.623198,6.6412805929
1032,6.625784,6.6412820849
1033,6.628402,6.641283174
1034,6.631052,6.6412837744
1035,6.633731,6.6412838002
1036,6.636439,6.6412831676
1037,6.639174,6.6412817927
1038,6.641932,6.6412795972
1039,6.64471,6.641276507
1040,6.647506,6.6412724522
1041,6.650314,6.6412673684
1042,6.653133,6.6412612009
1043,6.655955,6.641253898
1044,6.658779,6.64124542
1045,6.661598,6.6412357325
1046,6.664407,6.641224812
1047,6.667203,6.6412126445
1048,6.669979,6.6411992234
1049,6.672731,6.6411845553
1050,6.675455,6.6411686541
1051,6.678145,6.6411515446
1052,6.680797,6.6411332621
1053,6.683407,6.6411138507
1054,6.68597,6.6410933641
1055,6.688483,6.6410718668
1056,6.690943,6.6410494318
1057,6.693347,6.6410261386
1058,6.695691,6.6410020763
1059,6.697974,6.6409773416
1060,6.700194,6.6409520365
1061,6.70235,6.6409262707
1062,6.70444,6.6409001568
1063,6.706466,6.6408738153
1064,6.708426,6.6408473663
1065,6.710322,6.6408209356
1066,6.712154,6.6407946498
1067,6.713926,6.6407686369
1068,6.715638,6.6407430226
1069,6.717293,6.6407179345
1070,6.718895,6.6406934984
1071,6.720447,6.6406698367
1072,6.721953,6.6406470677
1073,6.723418,6.6406253061
1074,6.724845,6.6406046617
1075,6.72624,6.6405852385
1076,6.727608,6.6405671332
1077,6.728955,6.6405504372
1078,6.730286,6.6405352309
1079,6.731606,6.6405215886
1080,6.732922,6.6405095768
1081,6.734239,6.6404992513
1082,6.735564,6.6404906584
1083,6.736901,6.6404838335
1084,6.738257,6.6404788045
1085,6.739636,6.6404755875
1086,6.741045,6.6404741912
1087,6.742488,6.6404746101
1088,6.74397,6.6404768303
1089,6.745495,6.6404808292
1090,6.747068,6.6404865747
1091,6.748693,6.6404940226
1092,6.750372,6.6405031214
1093,6.752108,6.640513812
1094,6.753903,6.6405260258
1095,6.755761,6.6405396885
1096,6.757681,6.6405547154
1097,6.759664,6.6405710183
1098,6.761711,6.6405885027
1099,6.763822,6.6406070687
1100,6.765996,6.6406266112
1101,6.76823,6.6406470215
1102,6.770524,6.6406681901
1103,6.772875,6.6406900032
1104,6.775279,6.6407123459
1105,6.777734,6.6407351042
1106,6.780235,6.6407581611
1107,6.782778,6.6407814028
1108,6.785358,6.6408047164
1109,6.78797,6.6408279903
1110,6.790609,6.640851116
1111,6.793267,6.6408739882
1112,6.79594,6.640896507
1113,6.798621,6.6409185757
1114,6.801302,6.640940102
1115,6.803978,6.6409610011
1116,6.806641,6.6409811923
1117,6.809285,6.6410006037
1118,6.811903,6.6410191665
1119,6.814487,6.6410368206
1120,6.81703,6.6410535124
1121,6.819527,6.6410691976
1122,6.82197,6.6410838378
1123,6.824353,6.6410974006
1124,6.82667,6.6411098636
1125,6.828915,6.6411212095
1126,6.831083,6.6411314296
1127,6.833168,6.641140522
1128,6.835166,6.641148493
1129,6.837071,6.6411553523
1130,6.838882,6.6411611203
1131,6.840593,6.6411658206
1132,6.842203,6.6411694834
1133,6.843708,6.6411721429
1134,6.845106,6.64117384
1135,6.846397,6.6411746208
1136,6.84758,6.6411745338
1137,6.848653,6.6411736305
1138,6.849618,6.6411719678
1139,6.850475,6.6411696037
1140,6.851225,6.6411665972
1141,6.85187,6.6411630118
1142,6.852413,6.6411589087
1143,6.852855,6.6411543512
1144,6.853201,6.6411494039
1145,6.853453,6.6411441289
1146,6.853616,6.6411385875
1147,6.853693,6.64113284
1148,6.85369,6.6411269452
1149,6.853611,6.6411209581
1150,6.853462,6.6411149334
1151,6.853247,6.6411089205
1152,6.852972,6.6411029656
1153,6.852643,6.6410971139
1154,6.852266,6.6410914028
1155,6.851846,6.6410858668
1156,6.851389,6.6410805371
1157,6.8509,6.6410754393
1158,6.850385,6.6410705951
1159,6.84985,6.6410660204
1160,6.849299,6.6410617272
1161,6.848738,6.641057724
1162,6.848171,6.6410540118
1163,6.847603,6.6410505886
1164,6.847038,6.6410474479
1165,6.84648,6.64104458
1166,6.845932,6.6410419689
1167,6.845397,6.6410395951
1168,6.844877,6.6410374382
1169,6.844376,6.6410354726
1170,6.843893,6.6410336681
1171,6.843431,6.6410319968
1172,6.842991,6.6410304243
1173,6.842572,6.6410289151
1174,6.842174,6.6410274339
1175,6.841796,6.6410259431
1176,6.841437,6.6410244071
1177,6.841096,6.6410227873
1178,6.840771,6.6410210473
1179,6.840458,6.6410191493
1180,6.840155,6.6410170591
1181,6.839858,6.6410147433
1182,6.839564,6.6410121719
1183,6.839269,6.6410093158
1184,6.838968,6.6410061482
1185,6.838656,6.6410026477
1186,6.83833,6.6409987959
1187,6.837984,6.6409945768
1188,6.837612,6.6409899807
1189,6.83721,6.640985
1190,6.836772,6.6409796337
1191,6.836293,6.6409738851
1192,6.835768,6.6409677615
1193,6.835191,6.640961276
1194,6.834557,6.6409544458
1195,6.833861,6.6409472954
1196,6.833098,6.6409398518
1197,6.832265,6.6409321493
1198,6.831356,6.6409242245
1199,6.830367,6.6409161203
1200,6.829295,6.640907884
1201,6.828137,6.6408995661
1202,6.826889,6.6408912223
1203,6.825549,6.6408829108
1204,6.824115,6.640874695
1205,6.822586,6.6408666391
1206,6.82096,6.6408588099
1207,6.819237,6.6408512771
1208,6.817416,6.6408441117
1209,6.815498,6.6408373867
1210,6.813485,6.640831174
1211,6.811377,6.6408255456
1212,6.809176,6.6408205736
1213,6.806886,6.6408163298
1214,6.804508,6.6408128818
1215,6.802047,6.6408102975
1216,6.799507,6.6408086412
1217,6.796891,6.6408079731
1218,6.794206,6.6408083512
1219,6.791455,6.640809826
1220,6.788645,6.6408124458
1221,6.785782,6.6408162535
1222,6.782872,6.6408212846
1223,6.779922,6.6408275682
1224,6.776938,6.6408351278
1225,6.773927,6.6408439796
1226,6.770897,6.6408541321
1227,6.767854,6.6408655865
1228,6.764806,6.6408783351
1229,6.761761,6.6408923641
1230,6.758725,6.6409076498
1231,6.755706,6.64092416
1232,6.75271,6.640941855
1233,6.749745,6.6409606885
1234,6.746817,6.6409806026
1235,6.743933,6.6410015328
1236,6.741099,6.6410234082
1237,6.738319,6.6410461472
1238,6.735601,6.6410696649
1239,6.732948,6.6410938657
1240,6.730366,6.6411186509
1241,6.727857,6.6411439119
1242,6.725426,6.6411695392
1243,6.723075,6.6411954146
1244,6.720807,6.6412214178
1245,6.718623,6.6412474232
1246,6.716525,6.6412733029
1247,6.714514,6.641298927
1248,6.712588,6.6413241633
1249,6.710748,6.6413488797
1250,6.708992,6.641372942
1251,6.707318,6.6413962191
1252,6.705723,6.64141858
1253,6.704206,6.641439898
1254,6.702761,6.6414600451
1255,6.701384,6.6414789012
1256,6.700072,6.6414963502
1257,6.698818,6.6415122793
1258,6.697617,6.6415265832
1259,6.696462,6.6415391622
1260,6.695347,6.641549927
1261,6.694266,6.6415587927
1262,6.69321,6.6415656842
1263,6.692172,6.6415705371
1264,6.691144,6.6415732954
1265,6.690118,6.641573913
1266,6.689086,6.6415723555
1267,6.688041,6.6415685983
1268,6.686972,6.6415626273
1269,6.685873,6.6415544415
1270,6.684734,6.6415440494
1271,6.683548,6.6415314726
1272,6.682307,6.6415167444
1273,6.681002,6.6414999076
1274,6.679626,6.6414810193
1275,6.678172,6.6414601461
1276,6.676633,6.6414373663
1277,6.675002,6.6414127669
1278,6.673273,6.641386449
1279,6.67144,6.6413585199
1280,6.669497,6.6413290988
1281,6.667441,6.6412983147
1282,6.665267,6.6412663018
1283,6.66297,6.641233203
1284,6.660549,6.6411991708
1285,6.658,6.6411643609
1286,6.655322,6.6411289356
1287,6.652514,6.6410930634
1288,6.649575,6.6410569141
1289,6.646505,6.6410206627
1290,6.643306,6.6409844866
1291,6.639978,6.6409485618
1292,6.636525,6.6409130687
1293,6.632948,6.6408781837
1294,6.629252,6.6408440838
1295,6.62544,6.6408109441
1296,6.621518,6.6407789356
1297,6.617491,6.6407482245
1298,6.613365,6.6407189742
1299,6.609147,6.6406913405
1300,6.604843,6.6406654726
1301,6.600462,6.6406415145
1302,6.596011,6.6406195994
1303,6.591499,6.6405998539
1304,6.586936,6.6405823953
1305,6.582329,6.6405673276
1306,6.57769,6.6405547487
1307,6.573027,6.6405447411
1308,6.568352,6.6405373792
1309,6.563673,6.6405327229
1310,6.559001,6.6405308217
1311,6.554347,6.6405317132
1312,6.549722,6.64053542
1313,6.545134,6.6405419527
1314,6.540595,6.6405513104
1315,6.536115,6.640563478
1316,6.531703,6.6405784286
1317,6.527369,6.6405961214
1318,6.523122,6.6406165059
1319,6.518971,6.6406395177
1320,6.514924,6.6406650827
1321,6.51099,6.6406931149
1322,6.507176,6.6407235166
1323,6.503488,6.6407561805
1324,6.499934,6.6407909925
1325,6.496518,6.6408278271
1326,6.493246,6.6408665542
1327,6.490123,6.6409070333
1328,6.487151,6.6409491203
1329,6.484334,6.6409926649
1330,6.481674,6.6410375124
1331,6.479173,6.6410835059
1332,6.47683,6.6411304844
1333,6.474647,6.6411782879
1334,6.472623,6.641226754
1335,6.470755,6.6412757218
1336,6.469042,6.6413250333
1337,6.46748,6.6413745317
1338,6.466067,6.6414240644
1339,6.464798,6.6414734834
1340,6.463668,6.6415226466
1341,6.462671,6.6415714178
1342,6.461803,6.6416196692
1343,6.461056,6.6416672793
1344,6.460424,6.6417141386
1345,6.459899,6.6417601439
1346,6.459475,6.6418052052
1347,6.459143,6.6418492417
1348,6.458896,6.6418921847
1349,6.458725,6.6419339764
1350,6.458623,6.6419745725
1351,6.458581,6.6420139409
1352,6.458593,6.6420520634
1353,6.458649,6.6420889323
1354,6.458743,6.6421245542
1355,6.458868,6.6421589495
1356,6.459017,6.6421921493
1357,6.459183,6.6422241976
1358,6.459361,6.6422551536
1359,6.459546,6.642285087
1360,6.459734,6.6423140773
1361,6.45992,6.642342217
1362,6.460103,6.6423696101
1363,6.460279,6.6423963684
1364,6.460449,6.6424226155
1365,6.460613,6.6424484812
1366,6.460771,6.6424741042
1367,6.460927,6.6424996316
1368,6.461085,6.6425252159
1369,6.461249,6.642551015
1370,6.461427,6.6425771923
1371,6.461627,6.6426039141
1372,6.461861,6.6426313523
1373,6.46214,6.6426596788
1374,6.462481,6.6426890698
1375,6.462902,6.6427197003
1376,6.463424,6.6427517487
1377,6.464073,6.6427853931
1378,6.46488,6.6428208131
1379,6.465881,6.6428581869
1380,6.467123,6.6428976971
1381,6.468661,6.6429395252
1382,6.470564,6.6429838561
1383,6.472923,6.6430308818
1384,6.475856,6.6430807991
1385,6.479521,6.6431338142
1386,6.484139,6.6431901472
1387,6.490028,6.6432500333
1388,6.497666,6.6433137293
1389,6.507811,6.6433815059
1390,6.521748,6.6434536337
1391,6.541853,6.6435303158
1392,6.573061,6.6436114715
1393,6.627639,6.6436959925
1394,6.74688,6.6437787325
1395,7.212311,6.6438338464
1396,4.627099,6.6436191171
1397,6.013098,6.6472993523
1398,6.193685,6.6459304436
1399,6.265573,6.6456494791
1400,6.304623,6.6455335628
1401,6.329488,6.6454797905
1402,6.346988,6.6454579914
1403,6.36021,6.6454555811
1404,6.37075,6.6454661686
1405,6.379519,6.6454860612
1406,6.387072,6.6455129173
1407,6.393765,6.6455451386
1408,6.399835,6.6455815725
1409,6.405448,6.6456213459
1410,6.410718,6.6456637701
1411,6.415728,6.6457082857
1412,6.420538,6.6457544253
1413,6.425192,6.6458017884
1414,6.429719,6.6458500247
1415,6.434142,6.6458988281
1416,6.438475,6.6459479248
1417,6.44273,6.6459970698
1418,6.44691,6.6460460397
1419,6.451018,6.6460946337
1420,6.455053,6.6461426702
1421,6.459014,6.646189985
1422,6.462896,6.6462364286
1423,6.466694,6.646281869
1424,6.470402,6.6463261869
1425,6.474013,6.6463692782
1426,6.477521,6.6464110516
1427,6.480918,6.6464514286
1428,6.484197,6.6464903437
1429,6.487351,6.6465277422
1430,6.490373,6.6465635822
1431,6.493257,6.6465978314
1432,6.495997,6.6466304694
1433,6.498588,6.6466614844
1434,6.501024,6.6466908754
1435,6.503303,6.646718652
1436,6.505421,6.6467448281
1437,6.507375,6.6467694296
1438,6.509165,6.6467924887
1439,6.51079,6.646814043
1440,6.512251,6.6468341375
1441,6.513549,6.6468528217
1442,6.514686,6.6468701504
1443,6.515666,6.6468861847
1444,6.516493,6.646900986
1445,6.517172,6.6469146219
1446,6.517709,6.64692716
1447,6.518112,6.6469386713
1448,6.518387,6.6469492266
1449,6.518544,6.646958899
1450,6.518591,6.6469677605
1451,6.518538,6.646975884
1452,6.518395,6.6469833405
1453,6.518173,6.6469902009
1454,6.517883,6.6469965338
1455,6.517538,6.647002406
1456,6.517147,6.6470078808
1457,6.516725,6.6470130204
1458,6.516282,6.6470178829
1459,6.515831,6.6470225242
1460,6.515384,6.6470269968
1461,6.514953,6.6470313491
1462,6.51455,6.6470356251
1463,6.514186,6.6470398668
1464,6.513873,6.6470441117
1465,6.513622,6.6470483921
1466,6.513443,6.6470527379
1467,6.513345,6.647057174
1468,6.513339,6.647061724
1469,6.513433,6.6470664039
1470,6.513634,6.6470712288
1471,6.513951,6.6470762105
1472,6.51439,6.6470813555
1473,6.514957,6.647086667
1474,6.515657,6.6470921472
1475,6.516495,6.6470977938
1476,6.517473,6.6471036015
1477,6.518596,6.647109565
1478,6.519864,6.6471156724
1479,6.52128,6.647121913
1480,6.522843,6.6471282728
1481,6.524554,6.6471347358
1482,6.526412,6.6471412846
1483,6.528414,6.6471479001
1484,6.530559,6.6471545628
1485,6.532844,6.6471612513
1486,6.535265,6.6471679431
1487,6.537818,6.6471746155
1488,6.540499,6.647181246
1489,6.543303,6.647187811
1490,6.546225,6.6471942868
1491,6.549258,6.6472006477
1492,6.552398,6.6472068711
1493,6.555636,6.6472129323
1494,6.558968,6.6472188099
1495,6.562386,6.6472244791
1496,6.565883,6.6472299173
1497,6.569453,6.6472351042
1498,6.573089,6.6472400193
1499,6.576783,6.6472446412
1500,6.580529,6.6472489517
1501,6.58432,6.6472529334
1502,6.588149,6.6472565693
1503,6.59201,6.6472598443
1504,6.595895,6.6472627433
1505,6.599799,6.6472652556
1506,6.603716,6.6472673695
1507,6.607639,6.6472690752
1508,6.611563,6.6472703652
1509,6.615483,6.6472712331
1510,6.619393,6.6472716745
1511,6.623289,6.6472716874
1512,6.627166,6.6472712707
1513,6.63102,6.6472704253
1514,6.634846,6.6472691536
1515,6.638641,6.6472674608
1516,6.642402,6.6472653534
1517,6.646125,6.64726284
1518,6.649808,6.6472599302
1519,6.653448,6.6472566359
1520,6.657043,6.6472529699
1521,6.660591,6.6472489484
1522,6.664089,6.6472445875
1523,6.667537,6.6472399066
1524,6.670933,6.6472349259
1525,6.674277,6.647229666
1526,6.677566,6.6472241493
1527,6.680802,6.6472184017
1528,6.683983,6.6472124458
1529,6.687109,6.6472063083
1530,6.69018,6.6472000161
1531,6.693197,6.6471935972
1532,6.696159,6.6471870784
1533,6.699068,6.6471804898
1534,6.701923,6.6471738582
1535,6.704725,6.6471672137
1536,6.707476,6.6471605854
1537,6.710176,6.6471540011
1538,6.712826,6.6471474887
1539,6.715428,6.6471410773
1540,6.717982,6.6471347927
1541,6.720489,6.6471286617
1542,6.722952,6.64712271
1543,6.725372,6.6471169613
1544,6.727749,6.6471114382
1545,6.730086,6.6471061633
1546,6.732383,6.6471011557
1547,6.734643,6.647096435
1548,6.736866,6.6470920161
1549,6.739055,6.6470879162
1550,6.74121,6.6470841472
1551,6.743333,6.6470807197
1552,6.745425,6.6470776445
1553,6.747488,6.647074928
1554,6.749524,6.6470725747
1555,6.751533,6.6470705875
1556,6.753516,6.6470689678
1557,6.755475,6.6470677132
1558,6.757411,6.6470668217
1559,6.759325,6.6470662868
1560,6.761218,6.647066101
1561,6.76309,6.6470662546
1562,6.764943,6.6470667368
1563,6.766777,6.6470675338
1564,6.768592,6.6470686305
1565,6.77039,6.6470700118
1566,6.77217,6.6470716584
1567,6.773933,6.647073551
1568,6.77568,6.6470756692
1569,6.777409,6.6470779893
1570,6.779122,6.6470804909
1571,6.780817,6.6470831482
1572,6.782496,6.6470859388
1573,6.784156,6.6470888357
1574,6.785799,6.6470918153
1575,6.787424,6.6470948518
1576,6.789029,6.6470979194
1577,6.790615,6.6471009936
1578,6.792181,6.6471040483
1579,6.793726,6.647107058
1580,6.795248,6.64711
1581,6.796748,6.6471128507
1582,6.798224,6.6471155875
1583,6.799675,6.6471181901
1584,6.801101,6.6471206369
1585,6.802499,6.6471229098
1586,6.80387,6.6471249914
1587,6.805213,6.6471268657
1588,6.806525,6.6471285177
1589,6.807807,6.6471299366
1590,6.809058,6.6471311096
1591,6.810276,6.6471320279
1592,6.81146,6.6471326842
1593,6.812611,6.6471330741
1594,6.813728,6.6471331933
1595,6.814809,6.6471330397
1596,6.815854,6.6471326144
1597,6.816863,6.6471319205
1598,6.817836,6.6471309613
1599,6.818773,6.6471297422
1600,6.819673,6.6471282707
1601,6.820536,6.6471265564
1602,6.821363,6.6471246112
1603,6.822153,6.6471224468
1604,6.822908,6.6471200773
1605,6.823628,6.6471175166
1606,6.824313,6.647114782
1607,6.824965,6.6471118894
1608,6.825583,6.6471088571
1609,6.826169,6.6471057046
1610,6.826724,6.6471024501
1611,6.827248,6.6470991139
1612,6.827744,6.6470957164
1613,6.828212,6.6470922771
1614,6.828654,6.6470888163
1615,6.82907,6.6470853523
1616,6.829462,6.6470819055
1617,6.829831,6.6470784952
1618,6.830179,6.6470751396
1619,6.830507,6.6470718561
1620,6.830815,6.6470686606
1621,6.831106,6.6470655704
1622,6.83138,6.6470625983
1623,6.831638,6.6470597573
1624,6.83188,6.6470570602
1625,6.832109,6.6470545177
1626,6.832324,6.6470521386
1627,6.832526,6.6470499291
1628,6.832716,6.6470478969
1629,6.832893,6.6470460451
1630,6.833057,6.647044377
1631,6.833209,6.6470428937
1632,6.833348,6.6470415951
1633,6.833474,6.6470404801
1634,6.833586,6.6470395446
1635,6.833683,6.6470387841
1636,6.833765,6.6470381923
1637,6.833829,6.6470377615
1638,6.833875,6.6470374855
1639,6.833902,6.6470373534
1640,6.833907,6.6470373545
1641,6.833888,6.647037478
1642,6.833845,6.6470377121
1643,6.833774,6.647038044
1644,6.833674,6.6470384608
1645,6.833542,6.6470389495
1646,6.833376,6.6470394973
1647,6.833174,6.6470400902
1648,6.832933,6.6470407143
1649,6.83265,6.6470413577
1650,6.832324,6.6470420075
1651,6.831952,6.6470426509
1652,6.83153,6.647043275
1653,6.831058,6.6470438711
1654,6.830533,6.6470444286
1655,6.829952,6.6470449377
1656,6.829313,6.6470453899
1657,6.828615,6.6470457787
1658,6.827856,6.6470460977
1659,6.827033,6.6470463416
1660,6.826146,6.6470465081
1661,6.825193,6.6470465929
1662,6.824172,6.6470465961
1663,6.823084,6.6470465177
1664,6.821927,6.6470463577
1665,6.820701,6.6470461192
1666,6.819406,6.6470458067
1667,6.818041,6.6470454232
1668,6.816607,6.6470449742
1669,6.815104,6.6470444672
1670,6.813533,6.6470439098
1671,6.811895,6.6470433104
1672,6.810191,6.6470426767
1673,6.808422,6.6470420193
1674,6.806589,6.647041348
1675,6.804696,6.6470406735
1676,6.802743,6.6470400054
1677,6.800732,6.6470393555
1678,6.798666,6.6470387347
1679,6.796548,6.6470381536
1680,6.794379,6.6470376219
1681,6.792162,6.6470371515
1682,6.789901,6.6470367519
1683,6.787598,6.6470364318
1684,6.785256,6.6470361987
1685,6.782877,6.6470360612
1686,6.780465,6.6470360279
1687,6.778023,6.6470361042
1688,6.775553,6.6470362954
1689,6.773059,6.6470366058
1690,6.770543,6.6470370387
1691,6.768008,6.6470375961
1692,6.765456,6.6470382803
1693,6.762891,6.6470390924
1694,6.760314,6.6470400301
1695,6.757728,6.6470410934
1696,6.755135,6.6470422793
1697,6.752537,6.6470435854
1698,6.749936,6.6470450064
1699,6.747333,6.6470465381
1700,6.744729,6.6470481751
1701,6.742127,6.647049913
1702,6.739526,6.6470517444
1703,6.736928,6.6470536638
1704,6.734334,6.6470556638
1705,6.731743,6.6470577379
1706,6.729156,6.6470598797
1707,6.726573,6.6470620838
1708,6.723994,6.6470643437
1709,6.721418,6.6470666541
1710,6.718845,6.6470690107
1711,6.716274,6.6470714092
1712,6.713705,6.6470738475
1713,6.711135,6.6470763212
1714,6.708564,6.6470788314
1715,6.70599,6.6470813792
1716,6.703413,6.6470839656
1717,6.70083,6.6470865929
1718,6.69824,6.6470892664
1719,6.695641,6.6470919914
1720,6.693032,6.6470947766
1721,6.690411,6.6470976294
1722,6.687776,6.6471005607
1723,6.685125,6.6471035832
1724,6.682456,6.64710671
1725,6.679769,6.647109956
1726,6.677061,6.6471133373
1727,6.67433,6.6471168711
1728,6.671576,6.6471205768
1729,6.668796,6.6471244737
1730,6.66599,6.6471285832
1731,6.663157,6.6471329259
1732,6.660296,6.6471375242
1733,6.657405,6.6471423996
1734,6.654485,6.6471475768
1735,6.651534,6.6471530773
1736,6.648553,6.6471589248
1737,6.645543,6.6471651429
1738,6.642502,6.6471717508
1739,6.639431,6.6471787723
1740,6.636332,6.6471862277
1741,6.633204,6.6471941364
1742,6.63005,6.6472025166
1743,6.626871,6.6472113856
1744,6.623668,6.6472207573
1745,6.620443,6.6472306455
1746,6.617198,6.6472410623
1747,6.613935,6.6472520172
1748,6.610658,6.6472635166
1749,6.607368,6.647275565
1750,6.604069,6.6472881654
1751,6.600764,6.6473013169
1752,6.597456,6.647315015
1753,6.594148,6.6473292556
1754,6.590845,6.647344029
1755,6.587549,6.6473593233
1756,6.584266,6.6473751257
1757,6.580998,6.6473914168
1758,6.57775,6.6474081783
1759,6.574525,6.6474253867
1760,6.571329,6.6474430172
1761,6.568164,6.6474610408
1762,6.565036,6.6474794275
1763,6.561948,6.6474981439
1764,6.558903,6.6475171557
1765,6.555907,6.6475364253
1766,6.552963,6.6475559141
1767,6.550074,6.6475755789
1768,6.547243,6.6475953792
1769,6.544475,6.6476152707
1770,6.541772,6.6476352084
1771,6.539137,6.647655145
1772,6.536573,6.6476750344
1773,6.534081,6.6476948281
1774,6.531664,6.6477144791
1775,6.529324,6.6477339388
1776,6.527061,6.647753159
1777,6.524877,6.6477720924
1778,6.522773,6.6477906907
1779,6.520748,6.6478089076
1780,6.518803,6.6478266971
1781,6.516936,6.647844014
1782,6.515148,6.6478608153
1783,6.513436,6.647877058
1784,6.511799,6.6478927025
1785,6.510235,6.6479077089
1786,6.508742,6.6479220408
1787,6.507316,6.6479356617
1788,6.505955,6.6479485392
1789,6.504654,6.6479606412
1790,6.503411,6.6479719398
1791,6.502221,6.6479824071
1792,6.501079,6.6479920183
1793,6.499981,6.6480007519
1794,6.498922,6.6480085886
1795,6.497896,6.6480155113
1796,6.496899,6.6480215048
1797,6.495926,6.6480265575
1798,6.494969,6.6480306563
1799,6.494025,6.6480337959
1800,6.493087,6.6480359699
1801,6.49215,6.6480371751
1802,6.491208,6.6480374082
1803,6.490255,6.6480366713
1804,6.489286,6.6480349656
1805,6.488296,6.6480322965
1806,6.487279,6.6480286681
1807,6.486231,6.6480240892
1808,6.485146,6.6480185671
1809,6.48402,6.6480121117
1810,6.482848,6.6480047336
1811,6.481627,6.6479964458
1812,6.480352,6.6479872589
1813,6.47902,6.6479771869
1814,6.477627,6.6479662427
1815,6.476171,6.6479544404
1816,6.474649,6.6479417916
1817,6.473058,6.6479283104
1818,6.471396,6.6479140086
1819,6.469661,6.647898899
1820,6.46785,6.6478829914
1821,6.465963,6.6478662975
1822,6.463998,6.6478488249
1823,6.461953,6.64783058
1824,6.459826,6.6478115682
1825,6.457617,6.6477917927
1826,6.455322,6.6477712535
1827,6.452941,6.6477499495
1828,6.450471,6.6477278754
1829,6.44791,6.6477050226
1830,6.445253,6.6476813792
1831,6.442497,6.6476569302
1832,6.439636,6.6476316552
1833,6.436664,6.6476055306
1834,6.433574,6.6475785263
1835,6.430356,6.6475506069
1836,6.426999,6.6475217315
1837,6.423487,6.6474918507
1838,6.419804,6.6474609098
1839,6.415928,6.6474288453
1840,6.411833,6.6473955832
1841,6.407488,6.6473610408
1842,6.402853,6.6473251214
1843,6.397878,6.6472877164
1844,6.392505,6.6472487014
1845,6.386656,6.6472079334
1846,6.380237,6.6471652513
1847,6.373126,6.6471204662
1848,6.365165,6.6470733609
1849,6.356146,6.6470236831
1850,6.345794,6.6469711407
1851,6.33373,6.6469153888
1852,6.319425,6.6468560215
1853,6.302116,6.6467925585
1854,6.280657,6.646724435
1855,6.253252,6.6466509903
1856,6.216918,6.6465714834
1857,6.166295,6.6464851665
1858,6.090712,6.6463915886
1859,5.965407,6.6462916477
1860,5.716661,6.6461917787
1861,4.978222,6.6461251611
1862,4.978222,6.6463401966
1863,8.105946,6.644406073
1864,7.261645,6.6543701858
1865,6.993628,6.655372464
1866,6.861841,6.6558324125
1867,6.783538,6.6561160677
1868,6.731729,6.6563154372
1869,6.69498,6.6564660977
1870,6.667613,6.6565852062
1871,6.646489,6.6566822546
1872,6.629729,6.6567630086
1873,6.616139,6.6568312245
1874,6.604925,6.6568894801
1875,6.595536,6.6569396208
1876,6.587581,6.656983014
1877,6.580769,6.6570207025
1878,6.574885,6.6570535016
1879,6.569763,6.6570820644
1880,6.565273,6.6571069205
1881,6.561313,6.6571285124
1882,6.557801,6.6571472105
1883,6.55467,6.657163334
1884,6.551867,6.657177159
1885,6.549347,6.657188927
1886,6.547072,6.6571988539
1887,6.545012,6.6572071332
1888,6.54314,6.6572139388
1889,6.541435,6.6572194307
1890,6.539878,6.6572237562
1891,6.538453,6.6572270505
1892,6.537148,6.6572294415
1893,6.535952,6.6572310473
1894,6.534854,6.6572319774
1895,6.533849,6.6572323373
1896,6.532929,6.6572322234
1897,6.532089,6.6572317282
1898,6.531326,6.6572309377
1899,6.530636,6.6572299323
1900,6.530016,6.6572287884
1901,6.529467,6.6572275768
1902,6.528985,6.657226362
1903,6.528571,6.6572252052
1904,6.528226,6.6572241611
1905,6.527948,6.6572232782
1906,6.52774,6.6572226037
1907,6.527602,6.6572221751
1908,6.527535,6.6572220279
1909,6.527541,6.6572221912
1910,6.527622,6.6572226874
1911,6.527779,6.6572235349
1912,6.528014,6.6572247465
1913,6.528329,6.6572263298
1914,6.528725,6.6572282857
1915,6.529204,6.6572306112
1916,6.529769,6.6572332986
1917,6.530419,6.657236333
1918,6.531158,6.6572396971
1919,6.531984,6.6572433652
1920,6.532901,6.6572473126
1921,6.533908,6.6572515038
1922,6.535005,6.6572559044
1923,6.536194,6.6572604748
1924,6.537473,6.6572651697
1925,6.538842,6.6572699431
1926,6.540301,6.6572747465
1927,6.541849,6.6572795274
1928,6.543483,6.657284232
1929,6.545203,6.6572888056
1930,6.547007,6.6572931912
1931,6.548891,6.6572973319
1932,6.550853,6.6573011719
1933,6.552891,6.6573046541
1934,6.555,6.6573077229
1935,6.557178,6.6573103244
1936,6.55942,6.6573124049
1937,6.561723,6.6573139151
1938,6.564081,6.6573148067
1939,6.566491,6.6573150354
1940,6.568947,6.6573145607
1941,6.571444,6.6573133459
1942,6.573978,6.6573113588
1943,6.576543,6.6573085714
1944,6.579134,6.6573049613
1945,6.581746,6.6573005113
1946,6.584373,6.6572952095
1947,6.58701,6.6572890505
1948,6.589652,6.6572820344
1949,6.592293,6.6572741665
1950,6.594929,6.6572654608
1951,6.597555,6.6572559356
1952,6.600165,6.6572456144
1953,6.602756,6.6572345295
1954,6.605323,6.6572227175
1955,6.607862,6.6572102202
1956,6.61037,6.657197087
1957,6.612843,6.6571833706
1958,6.615277,6.6571691289
1959,6.617671,6.6571544275
1960,6.620022,6.657139333
1961,6.622328,6.6571239162
1962,6.624587,6.6571082535
1963,6.626798,6.6570924221
1964,6.628961,6.6570765038
1965,6.631076,6.65706058
1966,6.633142,6.6570447347
1967,6.635159,6.6570290516
1968,6.63713,6.6570136176
1969,6.639055,6.6569985156
1970,6.640935,6.6569838292
1971,6.642773,6.6569696412
1972,6.644572,6.6569560322
1973,6.646334,6.6569430773
1974,6.648062,6.6569308518
1975,6.64976,6.6569194264
1976,6.651431,6.6569088668
1977,6.653079,6.6568992352
1978,6.654708,6.6568905875
1979,6.656323,6.6568829753
1980,6.657927,6.6568764425
1981,6.659526,6.656871029
1982,6.661124,6.6568667669
1983,6.662725,6.656863681
1984,6.664334,6.6568617916
1985,6.665956,6.6568611106
1986,6.667596,6.6568616423
1987,6.669257,6.6568633845
1988,6.670945,6.6568663287
1989,6.672663,6.6568704576
1990,6.674415,6.6568757487
1991,6.676206,6.6568821719
1992,6.678038,6.6568896907
1993,6.679916,6.6568982642
1994,6.681842,6.6569078421
1995,6.683819,6.6569183716
1996,6.68585,6.6569297927
1997,6.687936,6.6569420408
1998,6.690079,6.6569550483
1999,6.692281,6.6569687422
2000,6.694543,6.6569830473
2001,6.696866,6.6569978851
2002,6.699249,6.6570131729
2003,6.701693,6.6570288281
2004,6.704198,6.6570447669
2005,6.706762,6.6570609023
2006,6.709384,6.6570771493
2007,6.712064,6.6570934232
2008,6.714798,6.6571096369
2009,6.717585,6.6571257089
2010,6.720423,6.6571415564
2011,6.723309,6.6571570988
2012,6.726239,6.6571722589
2013,6.72921,6.6571869624
2014,6.732219,6.6572011386
2015,6.735262,6.6572147197
2016,6.738336,6.6572276434
2017,6.741435,6.6572398496
2018,6.744555,6.6572512846
2019,6.747693,6.6572619001
2020,6.750844,6.657271652
2021,6.754002,6.6572804995
2022,6.757164,6.6572884114
2023,6.760325,6.6572953577
2024,6.763479,6.6573013169
2025,6.766623,6.6573062718
2026,6.769751,6.6573102105
2027,6.772859,6.6573131267
2028,6.775942,6.6573150204
2029,6.778996,6.6573158969
2030,6.782016,6.6573157648
2031,6.784998,6.6573146402
2032,6.787938,6.6573125424
2033,6.790832,6.6573094962
2034,6.793676,6.6573055295
2035,6.796467,6.6573006756
2036,6.7992,6.657294971
2037,6.801873,6.6572884565
2038,6.804483,6.6572811751
2039,6.807026,6.6572731729
2040,6.8095,6.6572645005
2041,6.811903,6.6572552095
2042,6.814232,6.6572453523
2043,6.816486,6.657234986
2044,6.818662,6.6572241654
2045,6.820759,6.6572129495
2046,6.822776,6.6572013974
2047,6.824713,6.6571895671
2048,6.826567,6.6571775156
2049,6.828339,6.657165304
2050,6.830027,6.6571529893
2051,6.831633,6.6571406294
2052,6.833157,6.6571282803
2053,6.834597,6.6571159957
2054,6.835956,6.6571038292
2055,6.837233,6.6570918324
2056,6.83843,6.6570800548
2057,6.839548,6.6570685424
2058,6.840589,6.6570573394
2059,6.841552,6.6570464866
2060,6.842441,6.6570360247
2061,6.843258,6.6570259893
2062,6.844003,6.6570164125
2063,6.844679,6.6570073244
2064,6.845288,6.6569987519
2065,6.845833,6.6569907175
2066,6.846316,6.6569832417
2067,6.846739,6.6569763416
2068,6.847105,6.6569700301
2069,6.847417,6.6569643169
2070,6.847676,6.656759529
2071,6.847887,6.6565540215
2072,6.84805,6.6563478438
2073,6.84817,6.6561410453
2074,6.848249,6.6559336706
2075,6.84829,6.6557257622
2076,6.848294,6.6555173593
2077,6.848265,6.6553085005
2078,6.848205,6.6550992202
2079,6.848116,6.6548895505
2080,6.848002,6.6546795217
2081,6.847864,6.65446916
2082,6.847703,6.6542584902
2083,6.847524,6.6540475365
2084,6.847326,6.6538363177
2085,6.847112,6.6536248536
2086,6.846884,6.6534131608
2087,6.846643,6.6532012541
2088,6.84639,6.6529891469
2089,6.846126,6.6527768518
2090,6.845853,6.6525643802
2091,6.845572,6.6523517415
2092,6.845282,6.6521389438
2093,6.844984,6.6519259967
2094,6.844679,6.6517129084
2095,6.844368,6.6514996862
2096,6.844049,6.6512863363
2097,6.843722,6.6510728671
2098,6.843389,6.6508592871
2099,6.843047,6.6506456027
2100,6.842696,6.6504318233
2101,6.842337,6.6502179588
2102,6.841967,6.6500040178
2103,6.841586,6.6497900123
2104,6.841193,6.6495759542
2105,6.840786,6.649361857
2106,6.840366,6.649147736
2107,6.839929,6.6489336058
2108,6.839476,6.6487194854
2109,6.839004,6.6485053928
2110,6.838512,6.6482913494
2111,6.837999,6.648077378
2112,6.837464,6.6478635023
2113,6.836905,6.6476497475
2114,6.83632,6.6474361411
2115,6.835709,6.647222713
2116,6.83507,6.6470094932
2117,6.834402,6.6467965142
2118,6.833705,6.6465838095
2119,6.832975,6.6463714132
2120,6.832214,6.6461593636
2121,6.83142,6.6459476974
2122,6.830592,6.6457364533
2123,6.82973,6.6455256716
2124,6.828832,6.6453153927
2125,6.8279,6.6451056594
2126,6.826931,6.6448965126
2127,6.825927,6.6446879966
2128,6.824887,6.6444801537
2129,6.823811,6.6442730276
2130,6.822699,6.6440666621
2131,6.821551,6.6438611013
2132,6.820369,6.6436563894
2133,6.819151,6.6434525686
2134,6.8179,6.6432496836
2135,6.816615,6.6430477757
2136,6.815297,6.6428468877
2137,6.813947,6.6426470614
2138,6.812566,6.6424483376
2139,6.811155,6.6422507561
2140,6.809714,6.6420543558
2141,6.808245,6.6418591758
2142,6.806748,6.6416652529
2143,6.805225,6.6414726243
2144,6.803676,6.6412813248
2145,6.802102,6.6410913895
2146,6.800505,6.6409028525
2147,6.798885,6.6407157456
2148,6.797243,6.6405301009
2149,6.795579,6.6403459495
2150,6.793894,6.6401633224
2151,6.79219,6.6399822497
2152,6.790466,6.6398027594
2153,6.788722,6.6396248808
2154,6.78696,6.639448643
2155,6.785179,6.6392740734
2156,6.783379,6.6391012002
2157,6.781561,6.6389300522
2158,6.779723,6.6387606568
2159,6.777867,6.638593044
2160,6.775992,6.6384272417
2161,6.774096,6.6382632789
2162,6.77218,6.6381011874
2163,6.770244,6.6379409976
2164,6.768285,6.6377827404
2165,6.766303,6.6376264503
2166,6.764299,6.6374721619
2167,6.762269,6.6373199088
2168,6.760214,6.6371697296
2169,6.758132,6.6370216619
2170,6.756023,6.6368757458
2171,6.753884,6.6367320217
2172,6.751716,6.6365905338
2173,6.749516,6.6364513253
2174,6.747284,6.6363144431
2175,6.745018,6.6361799345
2176,6.742717,6.6360478495
2177,6.740381,6.6359182394
2178,6.738009,6.6357911557
2179,6.735599,6.6356666516
2180,6.73315,6.6355447829
2181,6.730663,6.6354256068
2182,6.728136,6.6353091797
2183,6.72557,6.6351955606
2184,6.722963,6.6350848076
2185,6.720316,6.6349769816
2186,6.717629,6.6348721425
2187,6.714902,6.6347703506
2188,6.712135,6.6346716663
2189,6.709328,6.6345761504
2190,6.706484,6.6344838642
2191,6.703601,6.6343948653
2192,6.700682,6.6343092141
2193,6.697728,6.6342269678
2194,6.69474,6.6341481824
2195,6.691719,6.634072913
2196,6.688668,6.6340012139
2197,6.685588,6.6339331357
2198,6.682482,6.6338687282
2199,6.679351,6.6338080375
2200,6.676198,6.6337511088
2201,6.673025,6.6336979837
2202,6.669836,6.6336487018
2203,6.666632,6.6336032974
2204,6.663417,6.633561804
2205,6.660193,6.6335242503
2206,6.656964,6.6334906625
2207,6.653731,6.6334610618
2208,6.6505,6.6334354684
2209,6.647271,6.6334138951
2210,6.644049,6.6333963544
2211,6.640837,6.633382853
2212,6.637637,6.6333733934
2213,6.634452,6.6333679759
2214,6.631286,6.6333665967
2215,6.628141,6.6333692471
2216,6.625019,6.6333759158
2217,6.621925,6.6333865888
2218,6.618859,6.6334012455
2219,6.615825,6.6334198656
2220,6.612825,6.6334424231
2221,6.60986,6.6334688896
2222,6.606934,6.6334992352
2223,6.604047,6.6335334247
2224,6.601201,6.6335714227
2225,6.598399,6.633613191
2226,6.59564,6.6336586873
2227,6.592926,6.6337078706
2228,6.590259,6.6337606969
2229,6.587638,6.6338171193
2230,6.585064,6.6338770922
2231,6.582538,6.6339405683
2232,6.580059,6.6340074987
2233,6.577628,6.6340778357
2234,6.575245,6.63415153
2235,6.572908,6.634228532
2236,6.570618,6.6343087945
2237,6.568373,6.6343922687
2238,6.566173,6.6344789081
2239,6.564017,6.6345686662
2240,6.561903,6.6346614974
2241,6.559831,6.6347573584
2242,6.557798,6.6348562058
2243,6.555804,6.634958
2244,6.553846,6.6350627011
2245,6.551923,6.6351702728
2246,6.550034,6.6352806804
2247,6.548175,6.6353938898
2248,6.546347,6.6355098723
2249,6.544546,6.6356285979
2250,6.542772,6.6357500413
2251,6.541022,6.6358741776
2252,6.539294,6.6360009853
2253,6.537586,6.6361304458
2254,6.535898,6.6362625429
2255,6.534227,6.6363972604
2256,6.532573,6.636534586
2257,6.530932,6.6366745074
2258,6.529306,6.6368170175
2259,6.527691,6.6369621066
2260,6.526087,6.6371097703
2261,6.524494,6.6372600041
2262,6.52291,6.6374128035
2263,6.521335,6.6375681669
2264,6.519769,6.6377260924
2265,6.518212,6.6378865782
2266,6.516664,6.6380496226
2267,6.515125,6.6382152237
2268,6.513595,6.6383833798
2269,6.512076,6.6385540889
2270,6.510569,6.6387273466
2271,6.509074,6.6389031468
2272,6.507593,6.6390814835
2273,6.506128,6.639262348
2274,6.504682,6.6394457287
2275,6.503255,6.6396316097
2276,6.501851,6.6398199751
2277,6.500473,6.6400108036
2278,6.499123,6.6402040693
2279,6.497804,6.6403997434
2280,6.49652,6.6405977931
2281,6.495275,6.6407981794
2282,6.494073,6.6410008579
2283,6.492918,6.6412057782
2284,6.491813,6.6414128841
2285,6.490765,6.6416221147
2286,6.489777,6.6418333992
2287,6.488854,6.642046662
2288,6.488003,6.6422618202
2289,6.487229,6.6424787806
2290,6.486536,6.6426974423
2291,6.485932,6.6429176982
2292,6.485423,6.6431394294
2293,6.485015,6.6433625078
2294,6.484715,6.643586796
2295,6.48453,6.6438121461
2296,6.484468,6.6440383991
2297,6.484537,6.6442653841
2298,6.484746,6.6444929174
2299,6.485104,6.6447208017
2300,6.48562,6.6449488257
2301,6.486305,6.6451767639
2302,6.487172,6.6454043739
2303,6.488233,6.6456313931
2304,6.489503,6.6458575402
2305,6.490998,6.6460825108
2306,6.492739,6.6463059755
2307,6.494747,6.6465275729
2308,6.497049,6.646746909
2309,6.499675,6.6469635485
2310,6.502665,6.6471770101
2311,6.506065,6.6473867518
2312,6.509933,6.6475921613
2313,6.514345,6.6477925386
2314,6.519396,6.6479870685
2315,6.525213,6.6481747927
2316,6.531967,6.6483545614
2317,6.539893,6.6485249678
2318,6.549329,6.6486842522
2319,6.560766,6.6488301483
2320,6.574962,6.6489596544
2321,6.593139,6.6490686348
2322,6.617409,6.6491511268
2323,6.65175,6.6491980133
2324,6.70467,6.6491942382
2325,6.798191,6.6491120519
2326,7.012398,6.6488908665
2327,8.053398,6.648350737
2328,4.738644,6.6462598929
2329,5.932107,6.6491028376
2330,6.157655,6.6501729806
2331,6.254561,6.6509091809
2332,6.309193,6.6515025165
2333,6.344744,6.6520157241
2334,6.370067,6.6524770931
2335,6.38927,6.6529017699
2336,6.404522,6.6532988057
2337,6.41707,6.6536740347
2338,6.427685,6.6540314426
2339,6.436864,6.6543738729
2340,6.444945,6.6547034333
2341,6.452162,6.6550217314
2342,6.458684,6.6553300289
2343,6.464633,6.6556293379
2344,6.4701,6.6559204909
2345,6.475155,6.6562041863
2346,6.479851,6.6564810199
2347,6.484229,6.65675151
2348,6.488321,6.657016115
2349,6.492151,6.6572752473
2350,6.49574,6.6575292846
2351,6.499103,6.6577785747
2352,6.502253,6.6580234444
2353,6.505201,6.6582642025
2354,6.507954,6.6585011424
2355,6.51052,6.6587345488
2356,6.512904,6.6589646957
2357,6.515112,6.6591918507
2358,6.517148,6.6594162741
2359,6.519015,6.6596382215
2360,6.520718,6.6598579453
2361,6.522259,6.6600756917
2362,6.523643,6.6602917053
2363,6.524872,6.6605062245
2364,6.525951,6.6607194858
2365,6.526884,6.6609317197
2366,6.527673,6.6611431514
2367,6.528325,6.6613540047
2368,6.528843,6.6615644937
2369,6.529232,6.6617748288
2370,6.529498,6.6619852143
2371,6.529646,6.6621958458
2372,6.529682,6.6624069124
2373,6.529614,6.6626185949
2374,6.529446,6.6628310623
2375,6.529188,6.6630444784
2376,6.528845,6.663258992
2377,6.528426,6.6634747448
2378,6.527939,6.663691865
2379,6.527392,6.6639104686
2380,6.526794,6.6641306597
2381,6.526154,6.6643525283
2382,6.52548,6.6645761505
2383,6.524782,6.66480159
2384,6.524069,6.6650288945
2385,6.52335,6.6652580976
2386,6.522635,6.6654892182
2387,6.521932,6.6657222594
2388,6.521252,6.6659572108
2389,6.520603,6.6661940442
2390,6.519995,6.666432718
2391,6.519436,6.6666731741
2392,6.518934,6.6669153405
2393,6.518499,6.6671591318
2394,6.518138,6.6674044455
2395,6.517858,6.6676511669
2396,6.517668,6.6678991689
2397,6.517573,6.6681483085
2398,6.517581,6.6683984336
2399,6.517696,6.6686493777
2400,6.517925,6.6689009667
2401,6.518272,6.6691530134
2402,6.518741,6.6694053227
2403,6.519335,6.6696576918
2404,6.520059,6.6699099111
2405,6.520914,6.6701617613
2406,6.521902,6.6704130202
2407,6.523025,6.6706634604
2408,6.524282,6.6709128497
2409,6.525674,6.671160956
2410,6.527201,6.6714075441
2411,6.52886,6.6716523769
2412,6.530651,6.6718952211
2413,6.532571,6.6721358416
2414,6.534617,6.6723740068
2415,6.536786,6.6726094889
2416,6.539074,6.6728420634
2417,6.541477,6.6730715111
2418,6.543991,6.6732976186
2419,6.546611,6.6735201773
2420,6.549332,6.6737389862
2421,6.552147,6.6739538515
2422,6.555052,6.67416459
2423,6.558041,6.6743710243
2424,6.561108,6.6745729861
2425,6.564246,6.6747703165
2426,6.567449,6.6749628676
2427,6.570712,6.6751505009
2428,6.574029,6.6753330857
2429,6.577392,6.6755105009
2430,6.580796,6.6756826386
2431,6.584236,6.6758493989
2432,6.587705,6.6760106901
2433,6.591198,6.6761664321
2434,6.594709,6.676316553
2435,6.598234,6.6764609912
2436,6.601767,6.6765996915
2437,6.605304,6.6767326092
2438,6.60884,6.6768597064
2439,6.612371,6.6769809537
2440,6.615894,6.6770963286
2441,6.619405,6.677205814
2442,6.622901,6.6773093996
2443,6.626379,6.6774070808
2444,6.629836,6.6774988579
2445,6.63327,6.6775847369
2446,6.636679,6.6776647274
2447,6.640062,6.6777388427
2448,6.643416,6.6778070978
2449,6.646741,6.6778695136
2450,6.650035,6.6779261109
2451,6.653299,6.6779769144
2452,6.656531,6.6780219471
2453,6.659731,6.6780612358
2454,6.6629,6.6780948077
2455,6.666036,6.6781226881
2456,6.669141,6.6781449063
2457,6.672215,6.678161488
2458,6.675257,6.6781724594
2459,6.678269,6.6781778484
2460,6.681251,6.6781776796
2461,6.684204,6.6781719777
2462,6.687128,6.6781607658
2463,6.690025,6.678144067
2464,6.692894,6.6781219011
2465,6.695737,6.6780942897
2466,6.698554,6.6780612509
2467,6.701346,6.678022803
2468,6.704113,6.6779789624
2469,6.706857,6.6779297458
2470,6.709577,6.677875166
2471,6.712274,6.6778152382
2472,6.714948,6.6777499754
2473,6.7176,6.6776793909
2474,6.72023,6.6776034962
2475,6.722838,6.6775223029
2476,6.725424,6.6774358225
2477,6.727988,6.6773440669
2478,6.730529,6.6772470479
2479,6.733049,6.6771447793
2480,6.735546,6.6770372712
2481,6.738019,6.6769245376
2482,6.74047,6.6768065946
2483,6.742896,6.6766834545
2484,6.745297,6.6765551357
2485,6.747674,6.6764216563
2486,6.750025,6.6762830331
2487,6.752348,6.6761392865
2488,6.754645,6.6759904414
2489,6.756913,6.6758365186
2490,6.759152,6.6756775451
2491,6.761361,6.6755135481
2492,6.763539,6.6753445571
2493,6.765685,6.6751706036
2494,6.767798,6.6749917213
2495,6.769878,6.6748079465
2496,6.771923,6.6746193155
2497,6.773932,6.6744258688
2498,6.775905,6.6742276494
2499,6.77784,6.6740247006
2500,6.779738,6.67381707
2501,6.781596,6.6736048036
2502,6.783415,6.6733879538
2503,6.785193,6.6731665714
2504,6.78693,6.6729407117
2505,6.788626,6.6727104303
2506,6.79028,6.6724757834
2507,6.791891,6.6722368296
2508,6.793459,6.6719936301
2509,6.794983,6.6717462464
2510,6.796465,6.6714947429
2511,6.797902,6.67123918
2512,6.799296,6.670979625
2513,6.800647,6.6707161417
2514,6.801953,6.6704487942
2515,6.803217,6.6701776515
2516,6.804437,6.6699027769
2517,6.805615,6.6696242381
2518,6.806751,6.6693420996
2519,6.807846,6.6690564262
2520,6.808899,6.6687672813
2521,6.809913,6.6684747307
2522,6.810887,6.6681788347
2523,6.811823,6.6678796562
2524,6.812722,6.6675772542
2525,6.813585,6.6672716863
2526,6.814413,6.6669630084
2527,6.815208,6.6666512748
2528,6.81597,6.666336536
2529,6.816701,6.6660188429
2530,6.817403,6.6656982426
2531,6.818077,6.6653747783
2532,6.818725,6.6650484915
2533,6.819348,6.6647194197
2534,6.819947,6.6643875987
2535,6.820524,6.6640530624
2536,6.821082,6.6637158405
2537,6.82162,6.6633759568
2538,6.822142,6.6630334372
2539,6.822648,6.6626882993
2540,6.823139,6.6623405609
2541,6.823618,6.6619902375
2542,6.824085,6.6616373384
2543,6.824542,6.6612818731
2544,6.82499,6.6609238465
2545,6.825429,6.6605632615
2546,6.825861,6.6602001211
2547,6.826287,6.6598344238
2548,6.826707,6.6594661659
2549,6.827122,6.6590953437
2550,6.827532,6.6587219511
2551,6.827938,6.6583459822
2552,6.828339,6.6579674286
2553,6.828735,6.6575862841
2554,6.829127,6.6572025426
2555,6.829513,6.6568161955
2556,6.829894,6.6564272387
2557,6.830267,6.6560356659
2558,6.830634,6.6556414774
2559,6.830992,6.6552446689
2560,6.83134,6.6548452432
2561,6.831676,6.654443205
2562,6.832,6.6540385639
2563,6.83231,6.6536313295
2564,6.832603,6.6532215161
2565,6.832878,6.6528091448
2566,6.833132,6.6523942396
2567,6.833364,6.6519768314
2568,6.833572,6.6515569537
2569,6.833752,6.651134645
2570,6.833903,6.6507099535
2571,6.834022,6.6502829301
2572,6.834106,6.6498536332
2573,6.834154,6.6494221288
2574,6.834162,6.6489884859
2575,6.834129,6.6485527835
2576,6.834052,6.6481151038
2577,6.833928,6.6476755366
2578,6.833755,6.6472341801
2579,6.833532,6.6467911378
2580,6.833255,6.6463465167
2581,6.832923,6.6459004344
2582,6.832533,6.645453012
2583,6.832085,6.6450043789
2584,6.831577,6.6445546659
2585,6.831007,6.6441040096
2586,6.830373,6.6436525531
2587,6.829675,6.6432004455
2588,6.828912,6.6427478374
2589,6.828083,6.6422948832
2590,6.827188,6.6418417415
2591,6.826225,6.6413885721
2592,6.825196,6.6409355417
2593,6.824099,6.6404828133
2594,6.822935,6.6400305567
2595,6.821705,6.6395789407
2596,6.82041,6.6391281337
2597,6.819049,6.6386783027
2598,6.817623,6.6382296194
2599,6.816135,6.6377822544
2600,6.814585,6.6373363725
2601,6.812975,6.6368921404
2602,6.811305,6.6364497211
2603,6.809579,6.6360092796
2604,6.807797,6.6355709722
2605,6.805961,6.635134957
2606,6.804074,6.6347013883
2607,6.802138,6.6342704148
2608,6.800154,6.6338421811
2609,6.798125,6.6334168312
2610,6.796053,6.6329945026
2611,6.793941,6.632575329
2612,6.79179,6.6321594381
2613,6.789603,6.6317469561
2614,6.787381,6.6313380026
2615,6.785128,6.6309326961
2616,6.782846,6.6305311458
2617,6.780536,6.6301334569
2618,6.778201,6.629739733
2619,6.775842,6.6293500709
2620,6.773462,6.6289645658
2621,6.771062,6.6285833061
2622,6.768645,6.6282063783
2623,6.766212,6.6278338621
2624,6.763764,6.6274658351
2625,6.761304,6.6271023733
2626,6.758832,6.6267435455
2627,6.756351,6.6263894209
2628,6.75386,6.6260400618
2629,6.751362,6.6256955337
2630,6.748857,6.6253558946
2631,6.746347,6.6250212033
2632,6.743832,6.6246915136
2633,6.741313,6.6243668801
2634,6.73879,6.6240473552
2635,6.736265,6.6237329918
2636,6.733737,6.6234238379
2637,6.731208,6.6231199449
2638,6.728677,6.6228213591
2639,6.726145,6.6225281302
2640,6.723612,6.6222403056
2641,6.721078,6.6219579331
2642,6.718544,6.6216810615
2643,6.716008,6.6214097367
2644,6.713472,6.6211440112
2645,6.710936,6.6208839324
2646,6.708398,6.620629548
2647,6.705859,6.6203809122
2648,6.703319,6.6201380767
2649,6.700777,6.619901094
2650,6.698234,6.61967002
2651,6.695688,6.6194449083
2652,6.69314,6.619225819
2653,6.69059,6.6190128098
2654,6.688036,6.6188059393
2655,6.685478,6.6186052725
2656,6.682917,6.618410875
2657,6.680351,6.6182228105
2658,6.67778,6.6180411491
2659,6.675204,6.6178659619
2660,6.672622,6.6176973206
2661,6.670033,6.6175353009
2662,6.667438,6.6173799822
2663,6.664835,6.6172314421
2664,6.662225,6.6170897649
2665,6.659606,6.6169550328
2666,6.656978,6.6168273353
2667,6.654342,6.6167067628
2668,6.651695,6.6165934036
2669,6.649039,6.6164873565
2670,6.646372,6.6163887152
2671,6.643695,6.6162975805
2672,6.641006,6.6162140518
2673,6.638307,6.6161382355
2674,6.635596,6.6160702331
2675,6.632874,6.6160101538
2676,6.630141,6.6159581049
2677,6.627397,6.615914195
2678,6.624641,6.6158785342
2679,6.621875,6.6158512368
2680,6.619099,6.6158324125
2681,6.616313,6.6158221724
2682,6.613517,6.6158206289
2683,6.610714,6.6158278959
2684,6.607902,6.6158440791
2685,6.605084,6.6158692921
2686,6.602261,6.6159036401
2687,6.599433,6.6159472268
2688,6.596603,6.6160001571
2689,6.593771,6.6160625273
2690,6.590939,6.6161344355
2691,6.588109,6.6162159741
2692,6.585282,6.6163072305
2693,6.582461,6.6164082899
2694,6.579648,6.6165192288
2695,6.576843,6.616640118
2696,6.574051,6.6167710296
2697,6.571271,6.6169120198
2698,6.568508,6.617063149
2699,6.565762,6.6172244618
2700,6.563037,6.6173960033
2701,6.560333,6.617577806
2702,6.557654,6.6177699027
2703,6.555001,6.6179723131
2704,6.552376,6.6181850541
2705,6.549781,6.6184081356
2706,6.547218,6.6186415612
2707,6.544688,6.6188853276
2708,6.542192,6.6191394281
2709,6.539733,6.6194038522
2710,6.53731,6.6196785793
2711,6.534925,6.6199635917
2712,6.532578,6.6202588646
2713,6.53027,6.6205643728
2714,6.528001,6.6208800874
2715,6.52577,6.6212059789
2716,6.523578,6.6215420211
2717,6.521423,6.6218881837
2718,6.519305,6.6222444433
2719,6.517222,6.6226107758
2720,6.515173,6.6229871643
2721,6.513156,6.623373595
2722,6.511169,6.6237700612
2723,6.50921,6.6241765632
2724,6.507277,6.6245931087
2725,6.505367,6.6250197127
2726,6.503476,6.6254564015
2727,6.501603,6.6259032161
2728,6.499742,6.6263602022
2729,6.497892,6.626827428
2730,6.496049,6.6273049667
2731,6.494209,6.6277929071
2732,6.492367,6.6282913545
2733,6.490522,6.6288004345
2734,6.488667,6.6293202782
2735,6.486801,6.6298510453
2736,6.484918,6.6303929015
2737,6.483016,6.630946038
2738,6.48109,6.6315106565
2739,6.479136,6.6320869808
2740,6.477151,6.6326752538
2741,6.475132,6.6332757336
2742,6.473074,6.6338886938
2743,6.470975,6.6345144319
2744,6.468831,6.6351532578
2745,6.466639,6.635805502
2746,6.464395,6.6364715118
2747,6.462098,6.6371516561
2748,6.459743,6.6378463135
2749,6.457329,6.6385558884
2750,6.454851,6.639280796
2751,6.452308,6.6400214779
2752,6.449696,6.6407783871
2753,6.447012,6.641552
2754,6.444253,6.642342813
2755,6.441415,6.6431513429
2756,6.438495,6.6439781311
2757,6.435488,6.6448237407
2758,6.43239,6.6456887645
2759,6.429195,6.6465738216
2760,6.425898,6.6474795667
2761,6.422491,6.6484066862
2762,6.418966,6.6493559118
2763,6.415314,6.6503280211
2764,6.411523,6.6513238432
2765,6.407581,6.6523442723
2766,6.403473,6.6533902692
2767,6.39918,6.6544628755
2768,6.394681,6.6555632328
2769,6.389952,6.6566925931
2770,6.384961,6.6578523348
2771,6.379674,6.659044
2772,6.374047,6.660269307
2773,6.368029,6.6615301982
2774,6.361555,6.6628288761
2775,6.35455,6.6641678711
2776,6.346919,6.6655500938
2777,6.338542,6.6669789327
2778,6.329271,6.6684583784
2779,6.318915,6.6699931629
2780,6.307229,6.6715889727
2781,6.293889,6.6732527169
2782,6.278459,6.6749929174
2783,6.260341,6.6768202627
2784,6.238693,6.6787484074
2785,6.21228,6.6807951767
2786,6.179231,6.6829845
2787,6.136557,6.6853495399
2788,6.079174,6.687938184
2789,5.997667,6.6908233223
2790,5.872429,6.6941240667
2791,5.65464,6.698055622
2792,5.17842,6.7030720433
2793,3.177553,6.7104375121
2794,17.382535,6.7275874369
2795,8.194766,6.6756120829
2796,7.42184,6.66816525
2797,7.125924,6.6644525665
2798,6.969151,6.6621680545
2799,6.871994,6.6606407761
2800,6.80587,6.65958401
2801,6.757965,6.6588489045
2802,6.721671,6.6583483182
2803,6.693238,6.6580268832
2804,6.670375,6.6578472347
2805,6.651606,6.6577829897
2806,6.635935,6.6578148299
2807,6.622669,6.6579281969
2808,6.611305,6.6581118385
2809,6.601477,6.6583569005
2810,6.592904,6.6586562684
2811,6.585375,6.659004164
2812,6.578721,6.6593958085
2813,6.572812,6.6598272246
2814,6.567541,6.6602950484
2815,6.562823,6.6607964216
2816,6.558589,6.6613288859
2817,6.55478,6.661890306
2818,6.551348,6.6624788242
2819,6.548253,6.6630928066
2820,6.545462,6.6637308056
2821,6.542945,6.6643915251
2822,6.540679,6.665073809
2823,6.538643,6.6657766045
2824,6.536818,6.6664989545
2825,6.535189,6.6672399886
2826,6.533743,6.6679989023
2827,6.532468,6.668774948
2828,6.531353,6.6695674302
2829,6.53039,6.6703757018
2830,6.529571,6.6711991471
2831,6.528888,6.6720371834
2832,6.528336,6.6728892619
2833,6.527908,6.6737548503
2834,6.527599,6.6746334458
2835,6.527404,6.6755245636
2836,6.52732,6.6764277378
2837,6.527341,6.6773425092
2838,6.527465,6.6782684444
2839,6.527687,6.6792051118
2840,6.528003,6.6801521
2841,6.528411,6.6811090126
2842,6.528907,6.6820754557
2843,6.529488,6.683051051
2844,6.53015,6.6840354295
2845,6.53089,6.6850282387
2846,6.531706,6.6860291364
2847,6.532594,6.6870377843
2848,6.533551,6.6880538618
2849,6.534573,6.6890770596
2850,6.535659,6.6901070867
2851,6.536803,6.691143651
2852,6.538005,6.6921864932
2853,6.53926,6.6932353469
2854,6.540565,6.6942899726
2855,6.541917,6.6953501448
2856,6.543314,6.6964156528
2857,6.544752,6.6974862937
2858,6.546229,6.6985618873
2859,6.547741,6.6996422624
2860,6.549286,6.7007272714
2861,6.550862,6.701816777
2862,6.552466,6.7029106522
2863,6.554095,6.7040087883
2864,6.555748,6.7051110956
2865,6.557422,6.7062174889
2866,6.559115,6.707327903
2867,6.560826,6.7084422857
2868,6.562553,6.7095605909
2869,6.564294,6.7106827863
2870,6.566049,6.7118088538
2871,6.567816,6.7129387752
2872,6.569594,6.7140725469
2873,6.571383,6.7152101732
2874,6.573182,6.7163516587
2875,6.574991,6.717497016
2876,6.57681,6.7186462581
2877,6.578639,6.7197993984
2878,6.580478,6.7209564508
2879,6.582327,6.7221174298
2880,6.584188,6.72328235
2881,6.586061,6.7244512101
2882,6.587946,6.7256240085
2883,6.589845,6.7268007436
2884,6.591759,6.7279813966
2885,6.593688,6.7291659391
2886,6.595635,6.7303543421
2887,6.5976,6.7315465487
2888,6.599584,6.7327425
2889,6.60159,6.7339421261
2890,6.603618,6.7351453273
2891,6.605669,6.736352
2892,6.607746,6.7375620278
2893,6.609848,6.7387752617
2894,6.611978,6.7399915566
2895,6.614136,6.7412107333
2896,6.616324,6.7424326058
2897,6.618541,6.7436569612
2898,6.62079,6.7448835882
2899,6.62307,6.7461122376
2900,6.625382,6.74734266
2901,6.627726,6.7485745859
2902,6.630103,6.7498077347
2903,6.632511,6.7510418041
2904,6.634952,6.7522765
2905,6.637425,6.7535114947
2906,6.639929,6.7547464574
2907,6.642464,6.7559810538
2908,6.645028,6.7572149348
2909,6.647621,6.7584477582
2910,6.650241,6.7596791667
2911,6.652887,6.760908809
2912,6.655558,6.7621363295
2913,6.658251,6.7633613678
2914,6.660966,6.7645835814
2915,6.6637,6.7658026118
2916,6.666451,6.767018119
2917,6.669218,6.7682297711
2918,6.671998,6.7694372317
2919,6.674789,6.7706401852
2920,6.677589,6.771838325
2921,6.680395,6.7730313544
2922,6.683206,6.774219
2923,6.68602,6.775400987
2924,6.688833,6.7765770526
2925,6.691645,6.7777469733
2926,6.694452,6.7789105135
2927,6.697253,6.7800674795
2928,6.700046,6.7812176806
2929,6.702828,6.7823609437
2930,6.705599,6.7834971286
2931,6.708357,6.784626087
2932,6.711099,6.7857476912
2933,6.713824,6.7868618507
2934,6.716532,6.7879684848
2935,6.71922,6.7890675077
2936,6.721888,6.790158875
2937,6.724535,6.7912425397
2938,6.727159,6.7923184677
2939,6.729761,6.7933866557
2940,6.732339,6.7944470833
2941,6.734893,6.7954997627
2942,6.737423,6.7965447069
2943,6.739928,6.7975819298
2944,6.742408,6.7986114643
2945,6.744863,6.7996333455
2946,6.747294,6.8006476111
2947,6.7497,6.801654283
2948,6.752081,6.8026534038
2949,6.754438,6.8036450196
2950,6.756772,6.80462916
2951,6.759081,6.8056058367
2952,6.761368,6.8065751042
2953,6.763631,6.8075369574
2954,6.765873,6.8084914348
2955,6.768092,6.8094385111
2956,6.77029,6.8103782045
2957,6.772466,6.8113104884
2958,6.774622,6.8122353571
2959,6.776758,6.8131527561
2960,6.778873,6.814062625
2961,6.780969,6.8149649231
2962,6.783045,6.8158595526
2963,6.785102,6.8167464324
2964,6.787139,6.8176254444
2965,6.789157,6.8184964857
2966,6.791156,6.8193594118
2967,6.793135,6.8202140606
2968,6.795094,6.8210602813
2969,6.797033,6.8218979032
2970,6.798952,6.8227267333
2971,6.80085,6.8235465517
2972,6.802726,6.8243571429
2973,6.804581,6.8251582963
2974,6.806412,6.8259497308
2975,6.80822,6.82673124
2976,6.810004,6.8275025417
2977,6.811762,6.8282633478
2978,6.813493,6.8290134091
2979,6.815198,6.8297524762
2980,6.816874,6.8304802
2981,6.81852,6.8311963158
2982,6.820136,6.8319005556
2983,6.82172,6.8325925882
2984,6.82327,6.833272125
2985,6.824787,6.8339389333
2986,6.826268,6.8345926429
2987,6.827712,6.835233
2988,6.829118,6.83585975
2989,6.830485,6.8364726364
2990,6.831812,6.8370714
2991,6.833098,6.8376557778
2992,6.834342,6.8382255
2993,6.835542,6.8387802857
2994,6.836698,6.83932
2995,6.837808,6.8398444
2996,6.838873,6.8403535
2997,6.839892,6.840847
2998,6.840863,6.8413245
2999,6.841786,6.841786
