0,0,0
1,0,0.0179870941
2,0,0.0359221075
3,0,0.0538122097
4,0,0.0716648575
5,0,0.089487836
6,0,0.1072892661
7,0,0.1250775887
8,0,0.1428615054
9,0,0.1606498952
10,0,0.1784516855
11,0,0.1962757016
12,0,0.2141304919
13,0,0.2320241505
14,0,0.2499641263
15,0,0.2679570538
16,0,0.2860085941
17,0,0.3041233118
18,0,0.322304578
19,0,0.3405545215
20,0,0.3588740134
21,0,0.3772626989
22,0,0.3957190511
23,0,0.4142404785
24,0,0.4328234355
25,0,0.4514635699
26,0,0.470155871
27,0,0.488894828
28,0,0.5076745887
29,0,0.5264890968
30,0,0.5453322339
31,0,0.5641979328
32,0,0.5830802849
33,0,0.6019736129
34,0,0.6208725403
35,0,0.6397720349
36,0,0.6586674355
37,0,0.6775544785
38,0,0.6964292957
39,0,0.7152884194
40,0,0.7341287796
41,0,0.7529476935
42,0,0.7717428522
43,0,0.7905123199
44,0,0.8092545108
45,0,0.8279681801
46,0,0.846652414
47,0,0.8653066022
48,0,0.8839304113
49,0,0.9025237634
50,0,0.921086793
51,0,0.9396198038
52,0,0.9581232204
53,0,0.9765975323
54,0,0.9950432392
55,0,1.0134607957
56,0,1.0318505538
57,0,1.0502127177
58,0,1.0685473011
59,0,1.0868541075
60,0,1.1051327231
61,0,1.1233825134
62,0,1.1416026586
63,0,1.1597921935
64,0,1.177950078
65,0,1.1960752661
66,0,1.2141668065
67,0,1.2322239355
68,0,1.2502461828
69,0,1.2682334839
70,0,1.2861862634
71,0,1.3041055349
72,0,1.321992957
73,0,1.3398508871
74,0,1.3576824005
75,0,1.3754912823
76,0,1.3932819946
77,0,1.4110596102
78,0,1.4288297258
79,0,1.4465983495
80,0,1.4643717661
81,0,1.4821563978
82,0,1.4999586586
83,0,1.5177848011
84,0,1.5356407796
85,0,1.5535321237
86,0,1.5714638333
87,0,1.5894402876
88,0,1.6074651882
89,0,1.6255415242
90,0,1.6436715565
91,0,1.661856836
92,0,1.6800982285
93,0,1.6983959704
94,0,1.7167497177
95,0,1.735158621
96,0,1.7536213844
97,0,1.772136336
98,0,1.7907014812
99,0,1.8093145511
100,0,1.8279730376
101,0,1.8466742124
102,0,1.8654151371
103,0,1.8841926505
104,0,1.9030033495
105,0,1.9218435645
106,0,1.9407093172
107,0,1.9595962876
108,0,1.9784997688
109,0,1.9974146478
110,0,2.016335371
111,0,2.0352559409
112,0,2.0541699274
113,0,2.0730704866
114,0,2.0919504194
115,0,2.1108022366
116,0,2.1296182446
117,0,2.1483906694
118,0,2.1671117769
119,0,2.1857740323
120,0,2.20437025
121,0,2.2228937661
122,0,2.2413386129
123,0,2.2596996828
124,0,2.2779728898
125,0,2.2961553172
126,0,2.3142453414
127,0,2.3322427258
128,0,2.3501486882
129,0,2.3679659194
130,0,2.3856985699
131,0,2.4033521855
132,0,2.4209335995
133,0,2.4384507823
134,0,2.4559126452
135,0,2.4733288226
136,0,2.4907094167
137,0,2.5080647312
138,0,2.525405
139,0,2.542740129
140,0,2.5600794435
141,0,2.5774314812
142,0,2.5948038011
143,0,2.6122028548
144,0,2.6296339005
145,0,2.6471009516
146,0,2.6646067957
147,0,2.6821530403
148,0,2.6997402016
149,0,2.717367828
150,0,2.7350346452
151,0,2.7527387204
152,0,2.770477629
153,0,2.788248629
154,0,2.8060488145
155,0,2.8238752742
156,0,2.8417252151
157,0,2.8595960726
158,0,2.8774855914
159,0,2.8953918817
160,0,2.9133134489
161,0,2.9312492043
162,0,2.9491984409
163,0,2.9671608038
164,0,2.9851362339
165,0,3.0031249005
166,0,3.0211271263
167,0,3.0391433038
168,0,3.0571738065
169,0,3.0752188952
170,0,3.093278629
171,0,3.1113527608
172,0,3.1294406505
173,0,3.147541164
174,0,3.1656525833
175,0,3.1837725108
176,0,3.2018977849
177,0,3.2200244059
178,0,3.238147457
179,0,3.2562610645
180,0,3.2743583548
181,0,3.2924314543
182,0,3.3104715134
183,0,3.3284687742
184,0,3.3464126747
185,0,3.3642919973
186,0,3.3820950806
187,0,3.3998100726
188,0,3.4174252419
189,0,3.4349293306
190,0,3.4523119651
191,0,3.469564078
192,0,3.4866783817
193,0,3.5036498199
194,0,3.5204760242
195,0,3.5371577177
196,0,3.5536990672
197,0,3.570107922
198,0,3.5863959301
199,0,3.6025785081
200,0,3.6186746263
201,0,3.6347064005
202,0,3.6506985027
203,0,3.6666774005
204,0,3.6826704516
205,0,3.6987049194
206,0,3.7148069462
207,0,3.7310005672
208,0,3.7473068118
209,0,3.7637429597
210,0,3.7803219543
211,0,3.7970520511
212,0,3.8139366559
213,0,3.8309743763
214,0,3.8481592661
215,0,3.8654812446
216,0,3.8829266425
217,0,3.9004788683
218,0,3.918119164
219,0,3.9358274113
220,0,3.9535829677
221,0,3.9713655
222,0,3.9891558065
223,0,4.0069365806
224,0,4.0246931075
225,0,4.0424138656
226,0,4.0600910108
227,0,4.0777207258
228,0,4.0953034059
229,0,4.1128436801
230,0,4.1303502554
231,0,4.1478355753
232,0,4.1653153253
233,0,4.1828077715
234,0,4.2003329946
235,0,4.2179120323
236,0,4.2355659892
237,0,4.2533151559
238,0,4.271178172
239,0,4.2891712876
240,0,4.3073077285
241,0,4.3255972043
242,0,4.3440455672
243,0,4.3626545968
244,0,4.3814219355
245,0,4.4003411263
246,0,4.4194017742
247,0,4.4385897769
248,0,4.4578876237
249,0,4.4772747392
250,0,4.4967278629
251,0,4.5162214194
252,0,4.5357279113
253,0,4.5552182661
254,0,4.574662164
255,0,4.5940283253
256,0,4.6132847124
257,0,4.6323986801
258,0,4.6513370188
259,0,4.6700658737
260,0,4.6885505403
261,0,4.7067550484
262,0,4.7246415349
263,0,4.7421692688
264,0,4.7592932527
265,0,4.775962164
266,0,4.7921153226
267,0,4.8076780995
268,0,4.8225546935
269,0,4.836616164
270,0,4.8496790376
271,0,4.86146275
272,0,4.8714888548
273,0,4.8787449247
274,0,4.8860009946
275,0,4.8932570645
276,0,4.9005131344
277,0,4.9077692043
278,0,4.9150252742
279,0,4.9222813441
280,0,5.0128890323
281,0,5.0583665941
282,0,5.0945434651
283,0,5.1263200806
284,0,5.1554471532
285,0,5.1827664651
286,0,5.2087503414
287,0,5.2336901398
288,0,5.2577773333
289,0,5.2811434892
290,0,5.3038820591
291,0,5.3260611774
292,0,5.3477316882
293,0,5.3689324113
294,0,5.3896937661
295,0,5.4100403468
296,0,5.4299927769
297,0,5.4495690833
298,0,5.4687857043
299,0,5.4876582151
300,0,5.5062018441
301,0,5.5244318145
302,0,5.5423635484
303,0,5.5600127742
304,0,5.5773955484
305,0,5.5945282392
306,0,5.6114274758
307,0,5.6281100968
308,0,5.6445931102
309,0,5.660893672
310,0,5.6770290914
311,0,5.6930168575
312,0,5.7088746935
313,0,5.7246206022
314,0,5.7402729274
315,0,5.7558503656
316,0,5.7713719624
317,0,5.7868570484
318,0,5.8023251183
319,0,5.8177956478
320,0,5.8332878629
321,0,5.8488204516
322,0,5.8644112554
323,0,5.8800769489
324,0,5.8958327231
325,0,5.911692
326,0,5.9276662097
327,0,5.9437646129
328,0,5.9599942043
329,0,5.9763596962
330,0,5.9928635618
331,0,6.0095061667
332,0,6.0262859489
333,0,6.0431996371
334,0,6.0602425215
335,0,6.0774087204
336,0,6.0946914704
337,0,6.1120833952
338,0,6.1295767527
339,0,6.147163664
340,0,6.1648363038
341,0,6.1825870403
342,0,6.2004085457
343,0,6.2182938656
344,0,6.2362364462
345,0,6.2542301398
346,0,6.2722691747
347,0,6.2903481129
348,0,6.3084617957
349,0,6.3266052849
350,0,6.3447738065
351,0,6.3629626935
352,0,6.3811673548
353,0,6.3993832366
354,0,6.4176058065
355,0,6.435830543
356,0,6.4540529435
357,0,6.4722685242
358,0,6.490472836
359,0,6.5086614758
360,0,6.5268300995
361,0,6.5449744355
362,0,6.5630902903
363,0,6.5811735538
364,0,6.5992202097
365,0,6.6172263414
366,0,6.6351881452
367,0,6.6531019624
368,0,6.6709643065
369,0,6.6887719167
370,0,6.706521836
371,0,6.7242114812
372,6.691199,6.7418387608
373,6.671825,6.7414150941
374,6.655118,6.7409789032
375,6.641185,6.7405231344
376,6.630148,6.7400414516
377,6.622132,6.7395283091
378,6.617256,6.7389790538
379,6.615617,6.7383900054
380,6.617281,6.7377585511
381,6.622266,6.7370832151
382,6.630534,6.7363637258
383,6.641982,6.7356010403
384,6.656441,6.7347973548
385,6.673671,6.7339560565
386,6.693369,6.7330816425
387,6.715173,6.7321795941
388,6.738675,6.7312562204
389,6.763431,6.7303184543
390,6.788979,6.7293736398
391,6.814851,6.7284292849
392,6.840591,6.7274928306
393,6.865763,6.7265714167
394,6.889971,6.7256716747
395,6.91286,6.7247995296
396,6.93413,6.7239600591
397,6.953536,6.7231573817
398,6.970892,6.7223945833
399,6.986071,6.7216736909
400,6.998997,6.7209956855
401,7.009647,6.7203605618
402,7.01804,6.719767414
403,7.024235,6.7192145565
404,7.028318,6.7186996559
405,7.030401,6.7182198925
406,7.030612,6.7177721156
407,7.029089,6.7173530027
408,7.02598,6.7169592124
409,7.021432,6.7165875081
410,7.015594,6.7162348763
411,7.008614,6.7158986075
412,7.000636,6.7155763495
413,6.991799,6.7152661237
414,6.982242,6.7149663387
415,6.972095,6.7146757312
416,6.961485,6.714393336
417,6.950535,6.7141184086
418,6.939358,6.7138503441
419,6.928057,6.7135885995
420,6.916727,6.7133326371
421,6.905447,6.7130818495
422,6.89428,6.7128355349
423,6.883271,6.7125928763
424,6.872444,6.7123529516
425,6.861803,6.7121147769
426,6.851331,6.7118773522
427,6.84099,6.7116397392
428,6.830725,6.7114011586
429,6.820465,6.7111610645
430,6.810132,6.7109192554
431,6.799645,6.7106759328
432,6.788922,6.7104317688
433,6.777894,6.7101879489
434,6.766507,6.7099461667
435,6.754733,6.7097086048
436,6.74257,6.7094778737
437,6.730053,6.709256922
438,6.717252,6.709048914
439,6.704276,6.7088570941
440,6.691276,6.7086846263
441,6.678434,6.708534422
442,6.665969,6.7084089892
443,6.654121,6.7083102742
444,6.64315,6.7082395323
445,6.633323,6.7081972231
446,6.624904,6.7081829489
447,6.618145,6.7081954167
448,6.613273,6.7082324543
449,6.610483,6.7082910645
450,6.609928,6.7083675161
451,6.611711,6.7084574651
452,6.615883,6.7085561183
453,6.622441,6.7086583952
454,6.631325,6.7087591183
455,6.642424,6.7088531909
456,6.65558,6.7089357849
457,6.670596,6.7090024946
458,6.687241,6.7090494785
459,6.705263,6.7090735753
460,6.724397,6.7090723763
461,6.744372,6.7090442823
462,6.764924,6.7089885161
463,6.785798,6.7089051075
464,6.80676,6.7087948575
465,6.827594,6.7086592581
466,6.848112,6.7085004274
467,6.868148,6.7083209973
468,6.887562,6.7081240215
469,6.906234,6.7079128602
470,6.924062,6.707691086
471,6.940957,6.7074623817
472,6.956837,6.7072304543
473,6.971624,6.7069989731
474,6.985235,6.7067714946
475,6.99758,6.7065514382
476,7.00856,6.7063420484
477,7.01806,6.7061463844
478,7.025953,6.7059673226
479,7.032095,6.7058075591
480,7.036335,6.7056696371
481,7.038509,6.7055559543
482,7.038452,6.7054687984
483,7.036003,6.7054103602
484,7.031008,6.7053827581
485,7.023335,6.705388043
486,7.012876,6.7054282043
487,6.999555,6.7055051667
488,6.983342,6.7056207769
489,6.964252,6.7057767742
490,6.942359,6.7059747688
491,6.917793,6.7062161828
492,6.890748,6.7065022177
493,6.861483,6.706833793
494,6.830318,6.7072114892
495,6.797633,6.7076354866
496,6.763863,6.7081055161
497,6.729489,6.7086207957
498,6.695027,6.7091799919
499,6.661018,6.7097811801
500,6.62801,6.7104218306
501,6.596546,6.7110987984
502,6.567145,6.7118083441
503,6.540286,6.7125461694
504,6.516392,6.7133074812
505,6.495813,6.7140870699
506,6.478818,6.7148794247
507,6.465581,6.7156788468
508,6.456177,6.7164795914
509,6.45058,6.7172760188
510,6.448668,6.7180627392
511,6.450225,6.7188347554
512,6.454958,6.7195875995
513,6.462503,6.7203174382
514,6.472448,6.7210211747
515,6.484349,6.7216964973
516,6.497743,6.7223419167
517,6.512174,6.7229567688
518,6.527203,6.7235411774
519,6.542424,6.7240959946
520,6.557477,6.7246227204
521,6.572056,6.7251233978
522,6.585916,6.7256004973
523,6.598874,6.7260567849
524,6.610812,6.7264951962
525,6.621669,6.726918707
526,6.631443,6.7273302285
527,6.640178,6.7277324839
528,6.647959,6.7281279409
529,6.654901,6.7285187366
530,6.66114,6.7289066398
531,6.666823,6.7292930296
532,6.672101,6.7296789005
533,6.677116,6.7300648925
534,6.681999,6.7304513387
535,6.68686,6.7308383226
536,6.691784,6.7312257661
537,6.696828,6.7316135161
538,6.702018,6.7320014409
539,6.707347,6.7323895161
540,6.712773,6.7327779301
541,6.718221,6.733167172
542,6.723577,6.7335580995
543,6.728695,6.7339520242
544,6.733391,6.7343507608
545,6.737448,6.734756672
546,6.740613,6.7351726989
547,6.742602,6.7356023817
548,6.743103,6.7360498575
549,6.741775,6.7365198522
550,6.738262,6.7370176586
551,6.732192,6.7375490968
552,6.723193,6.7381204677
553,6.710902,6.7387384946
554,6.694981,6.7394102339
555,6.675131,6.7401429812
556,6.651108,6.7409441586
557,6.622747,6.7418211774
558,6.589977,6.7427812715
559,6.552843,6.7438313065
560,6.511521,6.7449775591
561,6.46634,6.7462254731
562,6.417786,6.7475793817
563,6.366521,6.7490422151
564,6.313375,6.7506151774
565,6.259348,6.7522974435
566,6.20559,6.7540858468
567,6.153382,6.7559746075
568,6.104094,6.7579551129
569,6.059139,6.7600157661
570,6.019919,6.7621419704
571,5.987756,6.764316207
572,5.96382,6.7665182876
573,5.949062,6.7687257742
574,5.94415,6.770914543
575,5.949415,6.7730595054
576,5.964822,6.7751354462
577,5.989954,6.7771179167
578,6.024027,6.7789841667
579,6.065923,6.7807140027
580,6.114247,6.7822905699
581,6.167386,6.7837009651
582,6.223596,6.7849366935
583,6.281073,6.7859939005
584,6.338032,6.7868734274
585,6.392779,6.7875806613
586,6.443776,6.788125207
587,6.489688,6.7885204194
588,6.529428,6.7887828199
589,6.56219,6.7889314167
590,6.587468,6.7889869624
591,6.605067,6.7889711747
592,6.615102,6.7889059597
593,6.617994,6.7888126371
594,6.614448,6.7887112016
595,6.605428,6.7886196452
596,6.592122,6.7885533468
597,6.575898,6.7885245565
598,6.558254,6.7885419946
599,6.540757,6.7886105645
600,6.524982,6.7887312204
601,6.512446,6.7889009785
602,6.504539,6.789113086
603,6.502467,6.7893573575
604,6.50719,6.7896206344
605,6.519383,6.7898873952
606,6.539402,6.7901404651
607,6.567272,6.7903617849
608,6.60269,6.7905332124
609,6.645042,6.7906373118
610,6.693439,6.7906580914
611,6.746756,6.7905816586
612,6.803685,6.7903967634
613,6.862791,6.7900952258
614,6.922559,6.7896722151
615,6.98145,6.7891264274
616,7.037939,6.788460129
617,7.090561,6.7876791075
618,7.137937,6.7867925215
619,7.178799,6.7858126909
620,7.212007,6.7847548441
621,7.236562,6.7836368118
622,7.251603,6.7824787097
623,7.256415,6.781302621
624,7.250412,6.7801322742
625,7.23313,6.7789927581
626,7.204212,6.7779102581
627,7.163376,6.7769118333
628,7.110396,6.7760252661
629,7.045062,6.7752789758
630,6.967134,6.7747020188
631,6.876296,6.7743242177
632,6.772077,6.7741764086
633,6.653773,6.7742908925
634,6.520317,6.7747020968
635,6.370122,6.7754475806
636,6.200835,6.776569457
637,6.008975,6.7781164731
638,5.789353,6.7801470618
639,5.534093,6.7827339435
640,5.230867,6.7859713575
641,4.859389,6.7899870269
642,4.383541,6.7949635511
643,3.729711,6.8011809462
644,2.699258,6.8091174113
645,2.699258,6.8197854032
646,2.699258,6.8304151452
647,2.699258,6.8410070806
648,2.699258,6.8515617823
649,2.699258,6.8620798844
650,2.699258,6.8725620161
651,33.70606,6.8830087339
652,16.917653,6.810068828
653,13.457796,6.7822242339
654,11.820901,6.7636454409
655,10.835271,6.7494316102
656,10.162784,6.7378312769
657,9.666002,6.7280015376
658,9.277605,6.7194685887
659,8.960436,6.7119392688
660,8.69221,6.705220043
661,8.458748,6.6991771075
662,8.250632,6.6937147097
663,8.06143,6.6887624892
664,7.886669,6.6842676048
665,7.723224,6.680189629
666,7.568928,6.6764970941
667,7.422304,6.6731650833
668,7.282386,6.6701735161
669,7.148583,6.6675059005
670,7.020574,6.665148414
671,6.89823,6.6630892177
672,6.781549,6.6613179382
673,6.670605,6.6598252634
674,6.565512,6.6586026263
675,6.466392,6.6576419328
676,6.373361,6.6569353306
677,6.286516,6.6564749839
678,6.205935,6.6562528629
679,6.131681,6.6562605269
680,6.063809,6.6564889167
681,6.002376,6.6569281478
682,5.947449,6.6575673333
683,5.899115,6.6583944274
684,5.857478,6.6593961129
685,5.822665,6.6605577608
686,5.794807,6.6618634409
687,5.774034,6.663296043
688,5.760452,6.6648374516
689,5.754122,6.6664688333
690,5.755037,6.6681709866
691,5.763104,6.6699247661
692,5.778123,6.6717115242
693,5.799779,6.6735135887
694,5.827638,6.675314707
695,5.861148,6.6771004355
696,5.899651,6.6788584462
697,5.942406,6.6805787392
698,5.988606,6.6822536962
699,6.037408,6.6838780323
700,6.087963,6.6854486048
701,6.139438,6.6869640833
702,6.191049,6.6884245618
703,6.242079,6.6898310591
704,6.291892,6.691185
705,6.339953,6.6924876962
706,6.385826,6.693739836
707,6.429183,6.6949410457
708,6.469796,6.6960895188
709,6.507529,6.6971817366
710,6.542331,6.6982123091
711,6.574222,6.6991739113
712,6.603274,6.7000573226
713,6.6296,6.7008515753
714,6.653339,6.701544172
715,6.67464,6.7021213737
716,6.693654,6.7025685215
717,6.710521,6.7028703737
718,6.725365,6.7030114382
719,6.73829,6.7029762608
720,6.749378,6.7027496505
721,6.75869,6.7023168199
722,6.766266,6.7016634167
723,6.772134,6.7007754301
724,6.776308,6.6996389489
725,6.778796,6.6982397715
726,6.779602,6.6965628575
727,6.778733,6.694591586
728,6.776196,6.6923068091
729,6.772004,6.689685672
730,6.766174,6.6867000968
731,6.758728,6.6833148091
732,6.749693,6.6794846586
733,6.739098,6.6751507688
734,6.726974,6.6702346828
735,6.713356,6.6646287312
736,6.698281,6.6581788226
737,6.681791,6.6506500618
738,6.66394,6.6416453495
739,6.644792,6.6303400161
740,6.624431,6.6190861559
741,6.60297,6.6078870296
742,6.580548,6.5967455941
743,6.557348,6.5856644328
744,6.533595,6.5746456371
745,6.509562,6.5636906935
746,6.485572,6.5856372285
747,6.461999,6.5964780645
748,6.439259,6.6028994301
749,6.417809,6.6067921022
750,6.39813,6.6089876048
751,6.380716,6.6099376559
752,6.366056,6.6099229167
753,6.354616,6.6091358495
754,6.346815,6.6077191048
755,6.343011,6.6057851989
756,6.343478,6.6034272473
757,6.348389,6.6007250269
758,6.357807,6.5977484543
759,6.371678,6.5945595269
760,6.389826,6.5912133978
761,6.41196,6.5877589839
762,6.437679,6.5842393145
763,6.46649,6.580691836
764,6.497825,6.5771486989
765,6.531059,6.5736371102
766,6.565533,6.5701797661
767,6.600577,6.5667953145
768,6.635534,6.5634988763
769,6.669775,6.5603025591
770,6.70272,6.5572159785
771,6.733853,6.55424675
772,6.762731,6.5514009355
773,6.788996,6.548683457
774,6.812377,6.5460984462
775,6.832692,6.543649543
776,6.849846,6.5413401425
777,6.863828,6.5391735806
778,6.874702,6.5371532581
779,6.882599,6.5352827124
780,6.887706,6.5335656237
781,6.890253,6.5320057715
782,6.890502,6.5306069409
783,6.888734,6.5293727688
784,6.885232,6.5283065538
785,6.880279,6.5274110457
786,6.874136,6.5266881774
787,6.867044,6.526138828
788,6.859212,6.5257625457
789,6.850815,6.5255573118
790,6.841989,6.5255193091
791,6.832839,6.5256427473
792,6.823434,6.5259197097
793,6.813818,6.5263400672
794,6.804011,6.5268914462
795,6.794019,6.5275592608
796,6.783843,6.5283268065
797,6.773481,6.529175414
798,6.762939,6.5300846747
799,6.752238,6.5310327177
800,6.74141,6.5319965484
801,6.730512,6.5329524382
802,6.719616,6.5338763575
803,6.708816,6.5347444489
804,6.698221,6.5355335296
805,6.687951,6.5362216075
806,6.678134,6.5367884113
807,6.668901,6.5372159059
808,6.660376,6.5374887742
809,6.652674,6.5375948656
810,6.645895,6.5375255672
811,6.640118,6.5372760968
812,6.6354,6.5368456855
813,6.631773,6.5362376263
814,6.629247,6.5354592043
815,6.627805,6.534521457
816,6.627411,6.5334388145
817,6.628013,6.5322285833
818,6.629542,6.530910336
819,6.631923,6.5295052097
820,6.635076,6.5280351586
821,6.638923,6.5265222016
822,6.643389,6.5249877097
823,6.64841,6.5234517608
824,6.65393,6.5219325914
825,6.65991,6.5204461801
826,6.66632,6.5190059462
827,6.673149,6.5176225941
828,6.680396,6.5163040565
829,6.688074,6.5150555618
830,6.696205,6.5138797715
831,6.704817,6.5127769946
832,6.713946,6.511745457
833,6.723627,6.5107815726
834,6.733896,6.5098802527
835,6.744785,6.5090352016
836,6.756317,6.5082392016
837,6.768509,6.5074843952
838,6.781364,6.5067625081
839,6.794873,6.5060650941
840,6.80901,6.5053837097
841,6.823734,6.5047100914
842,6.838984,6.5040362984
843,6.85468,6.5033548387
844,6.870726,6.5026587823
845,6.887002,6.5019418441
846,6.903374,6.5011984758
847,6.919687,6.5004239382
848,6.935773,6.4996143656
849,6.951449,6.4987668253
850,6.966521,6.4978793656
851,6.980788,6.4969510618
852,6.994045,6.4959820484
853,7.006087,6.4949735296
854,7.016713,6.4939277823
855,7.025735,6.4928481478
856,7.032974,6.4917389785
857,7.038275,6.490605586
858,7.041506,6.4894541559
859,7.042562,6.4882916317
860,7.041373,6.4871255914
861,7.037906,6.485964086
862,7.032165,6.4848154677
863,7.024198,6.4836882151
864,7.014094,6.4825907285
865,7.001986,6.4815311371
866,6.988045,6.4805171075
867,6.972484,6.4795556613
868,6.955547,6.4786530081
869,6.93751,6.4778144005
870,6.918669,6.4770440215
871,6.89934,6.4763448952
872,6.879842,6.4757188306
873,6.860497,6.4751664113
874,6.841616,6.4746870081
875,6.823494,6.474278836
876,6.806399,6.4739390269
877,6.790569,6.47366375
878,6.776203,6.4734483306
879,6.763458,6.4732874086
880,6.752448,6.4731750914
881,6.74324,6.4731051129
882,6.735858,6.4730709946
883,6.730283,6.4730661989
884,6.726458,6.4730842715
885,6.724293,6.4731189651
886,6.723668,6.4731643548
887,6.724445,6.4732149247
888,6.726468,6.4732656452
889,6.729574,6.4733120215
890,6.733595,6.4733501398
891,6.738366,6.4733766882
892,6.743729,6.4733889624
893,6.749537,6.473384871
894,6.755655,6.4733629167
895,6.761963,6.4733221747
896,6.768358,6.4732622634
897,6.774755,6.4731833091
898,6.781082,6.4730858844
899,6.787288,6.4729709704
900,6.793335,6.4728398763
901,6.799201,6.4726941694
902,6.804877,6.4725355941
903,6.810367,6.4723659866
904,6.81569,6.4721871774
905,6.820874,6.4720008978
906,6.825957,6.4718086801
907,6.830989,6.4716117769
908,6.836027,6.4714110645
909,6.841136,6.4712069812
910,6.846382,6.4709994677
911,6.851837,6.4707879409
912,6.857571,6.4705712769
913,6.863646,6.470347828
914,6.870117,6.4701154758
915,6.877025,6.4698716962
916,6.88439,6.4696136613
917,6.89221,6.4693383683
918,6.900455,6.4690427876
919,6.909063,6.4687240161
920,6.917941,6.468379457
921,6.926959,6.4680069839
922,6.935957,6.4676051156
923,6.944742,6.4671731586
924,6.953099,6.4667113414
925,6.960789,6.4662208952
926,6.967563,6.4657041317
927,6.973169,6.465164457
928,6.977359,6.4646063468
929,6.979902,6.4640352796
930,6.98059,6.463457629
931,6.979249,6.4628805323
932,6.975745,6.4623116989
933,6.969994,6.4617592312
934,6.96196,6.4612313952
935,6.951663,6.4607364167
936,6.939178,6.4602822608
937,6.924634,6.4598764274
938,6.908209,6.4595257688
939,6.89013,6.4592363333
940,6.870657,6.4590132285
941,6.850087,6.4588605403
942,6.828735,6.4587812581
943,6.80693,6.4587772608
944,6.785005,6.4588493253
945,6.763284,6.458997164
946,6.742076,6.4592194919
947,6.721665,6.459514121
948,6.702301,6.4598780672
949,6.684199,6.4603076694
950,6.667526,6.4607987151
951,6.652406,6.4613465645
952,6.638914,6.4619462796
953,6.627077,6.4625927285
954,6.616877,6.4632806989
955,6.608257,6.4640049758
956,6.601123,6.464760414
957,6.59535,6.4655419866
958,6.590795,6.4663448306
959,6.587301,6.4671642581
960,6.584706,6.4679957554
961,6.582853,6.4688349758
962,6.581595,6.4696777231
963,6.580807,6.4705199274
964,6.580386,6.4713576102
965,6.58026,6.4721868629
966,6.580389,6.4730038226
967,6.580765,6.4738046586
968,6.581412,6.4745855726
969,6.582385,6.4753428091
970,6.583762,6.4760726747
971,6.585641,6.4767715887
972,6.588132,6.477436129
973,6.59135,6.4780631102
974,6.595408,6.4786496478
975,6.600406,6.4791932527
976,6.606425,6.4796919167
977,6.613525,6.4801441909
978,6.621733,6.4805492634
979,6.631043,6.4809070215
980,6.641415,6.4812180968
981,6.652772,6.481483879
982,6.665006,6.4817065269
983,6.677975,6.4818889194
984,6.691513,6.4820346156
985,6.705431,6.4821477661
986,6.719526,6.4822330161
987,6.733587,6.4822953871
988,6.747399,6.4823401425
989,6.760751,6.4823726532
990,6.77344,6.4823982715
991,6.78528,6.4824221962
992,6.796099,6.4824493468
993,6.805748,6.4824842796
994,6.814098,6.4825310914
995,6.821046,6.4825933763
996,6.826512,6.4826741774
997,6.83044,6.4827759812
998,6.832798,6.4829007177
999,6.833573,6.4830497957
1000,6.832776,6.4832241505
1001,6.830434,6.4834242903
1002,6.826592,6.4836503737
1003,6.821311,6.4839022715
1004,6.814665,6.4841796478
1005,6.806741,6.4844820215
1006,6.797637,6.4848088306
1007,6.78746,6.4851594919
1008,6.776325,6.4855334355
1009,6.764354,6.4859301425
1010,6.751673,6.486349164
1011,6.738411,6.486790129
1012,6.724696,6.4872527446
1013,6.710656,6.4877367823
1014,6.696412,6.4882420726
1015,6.682076,6.4887684812
1016,6.667751,6.4893159005
1017,6.653522,6.4898842285
1018,6.639458,6.4904733737
1019,6.625607,6.4910832419
1020,6.611992,6.4917137527
1021,6.598611,6.4923648495
1022,6.585437,6.4930365296
1023,6.572415,6.4937288656
1024,6.559464,6.4944420376
1025,6.546485,6.495176379
1026,6.533356,6.4959323817
1027,6.519947,6.4967107446
1028,6.506121,6.4975123602
1029,6.491745,6.4983383306
1030,6.476698,6.4991899382
1031,6.460884,6.5000686075
1032,6.444238,6.5009758495
1033,6.426736,6.5019131801
1034,6.408406,6.5028820323
1035,6.389333,6.5038836452
1036,6.369662,6.5049189489
1037,6.349601,6.5059884435
1038,6.32942,6.5070920887
1039,6.309441,6.5082291882
1040,6.290033,6.5093983199
1041,6.271598,6.5105972715
1042,6.254553,6.5118230081
1043,6.239314,6.5130716935
1044,6.226274,6.5143387446
1045,6.215784,6.5156189247
1046,6.208134,6.5169064785
1047,6.203536,6.5181953011
1048,6.202112,6.5194791371
1049,6.203887,6.5207517876
1050,6.208786,6.5220073172
1051,6.216642,6.5232402527
1052,6.227203,6.5244457554
1053,6.240153,6.5256197473
1054,6.255128,6.5267589866
1055,6.271742,6.5278610941
1056,6.289611,6.5289245161
1057,6.308378,6.5299484274
1058,6.327735,6.5309325833
1059,6.347438,6.531877129
1060,6.367326,6.5327823817
1061,6.387323,6.5336485968
1062,6.407443,6.5344757312
1063,6.427778,6.5352632231
1064,6.448491,6.5360098226
1065,6.469795,6.5367134489
1066,6.491929,6.5373711237
1067,6.515128,6.5379789704
1068,6.5396,6.538532293
1069,6.56549,6.5390257312
1070,6.592859,6.5394534892
1071,6.621661,6.539809621
1072,6.651721,6.5400883683
1073,6.682736,6.540284543
1074,6.714266,6.5403938925
1075,6.745745,6.5404134785
1076,6.776495,6.5403420188
1077,6.805749,6.5401801747
1078,6.832676,6.5399307769
1079,6.856415,6.5395989731
1080,6.876101,6.539192293
1081,6.890902,6.538720629
1082,6.900047,6.5381961425
1083,6.902851,6.537633086
1084,6.898736,6.5370475726
1085,6.887246,6.5364572957
1086,6.868058,6.5358812124
1087,6.840979,6.5353392124
1088,6.805943,6.534851793
1089,6.762997,6.5344397473
1090,6.712279,6.5341238871
1091,6.653991,6.5339248306
1092,6.588365,6.5338628441
1093,6.515624,6.5339577796
1094,6.435935,6.5342291048
1095,6.349363,6.534696043
1096,6.255814,6.5353778306
1097,6.154984,6.536294121
1098,6.046289,6.5374655054
1099,5.928796,6.5389142312
1100,5.801133,6.5406650887
1101,5.66137,6.5427465457
1102,5.506847,6.5451921962
1103,5.333912,6.5480426909
1104,5.137486,6.5513483629
1105,4.910314,6.5551730349
1106,4.64156,6.5595998548
1107,4.31399,6.5647409113
1108,3.897582,6.5707544301
1109,3.332038,6.5778791505
1110,2.458356,6.5865157204
1111,2.458356,6.5974920296
1112,2.458356,6.6084588522
1113,2.458356,6.6194153871
1114,2.458356,6.6303606398
1115,2.458356,6.6412934005
1116,2.458356,6.6522122258
1117,14.673673,6.6631154032
1118,10.518363,6.6411640645
1119,8.850747,6.6303629651
1120,7.887333,6.6240221371
1121,7.234536,6.6202456452
1122,6.751549,6.6181953172
1123,6.375233,6.6174113065
1124,6.073267,6.6176034113
1125,5.827587,6.6185683871
1126,5.627402,6.6201517903
1127,5.465853,6.6222286559
1128,5.338252,6.624693164
1129,5.241104,6.6274530699
1130,5.171526,6.6304267554
1131,5.126918,6.6335418199
1132,5.104784,6.6367345403
1133,5.102643,6.6399497419
1134,5.118017,6.6431408414
1135,5.148443,6.646269828
1136,5.191514,6.6493071156
1137,5.244927,6.6522311801
1138,5.306517,6.6550279489
1139,5.374302,6.6576900161
1140,5.446504,6.6602156532
1141,5.521567,6.6626077124
1142,5.598167,6.6648724624
1143,5.67521,6.6670184059
1144,5.751829,6.6690551452
1145,5.827372,6.670992336
1146,5.901385,6.6728387554
1147,5.973595,6.6746015403
1148,6.043885,6.676285578
1149,6.112268,6.6778930833
1150,6.178859,6.6794233602
1151,6.243842,6.6808727312
1152,6.307441,6.6822346344
1153,6.369888,6.6834998683
1154,6.43139,6.6846569462
1155,6.492102,6.685692586
1156,6.552103,6.6865922527
1157,6.611372,6.6873407661
1158,6.669778,6.6879229516
1159,6.727067,6.6883242661
1160,6.782865,6.6885314301
1161,6.836678,6.688533
1162,6.887908,6.6883198978
1163,6.935869,6.6878858468
1164,6.979807,6.6872277312
1165,7.018931,6.6863458602
1166,7.052438,6.6852441398
1167,7.079546,6.6839301398
1168,7.099525,6.682415078
1169,7.111726,6.6807137043
1170,7.115611,6.6788441129
1171,7.110783,6.6768274812
1172,7.097001,6.6746877177
1173,7.07421,6.6724510806
1174,7.042546,6.6701456989
1175,7.002354,6.6678010753
1176,6.954186,6.6654475188
1177,6.898802,6.6631155538
1178,6.837162,6.6608352984
1179,6.770408,6.6586358172
1180,6.699842,6.6565444839
1181,6.626895,6.6545863683
1182,6.553092,6.6527836613
1183,6.480005,6.6511551774
1184,6.409202,6.6497159597
1185,6.3422,6.6484770269
1186,6.280405,6.6474452473
1187,6.225062,6.6466234086
1188,6.177205,6.6460104543
1189,6.137625,6.6456019167
1190,6.106835,6.6453904731
1191,6.085064,6.6453666747
1192,6.072256,6.6455197419
1193,6.068092,6.6458384328
1194,6.072016,6.6463119059
1195,6.083279,6.6469305753
1196,6.100985,6.6476868952
1197,6.124143,6.6485760941
1198,6.151713,6.6495968306
1199,6.182653,6.6507518306
1200,6.215956,6.6520485484
1201,6.25068,6.6534999758
1202,6.285972,6.65512575
1203,6.321085,6.6569539032
1204,6.355381,6.6590238038
1205,6.388336,6.6613914274
1206,6.419537,6.6641393952
1207,6.448673,6.6673976156
1208,6.475529,6.671390957
1209,6.499967,6.6765700161
1210,6.521926,6.6840929597
1211,6.541398,6.699239043
1212,6.558424,6.7143327823
1213,6.573083,6.7293807527
1214,6.585481,6.7239257231
1215,6.595747,6.7209019435
1216,6.604025,6.7190693737
1217,6.610469,6.717959043
1218,6.615246,6.7173356613
1219,6.618526,6.7170598844
1220,6.620488,6.7170389812
1221,6.621314,6.7172055591
1222,6.621192,6.71750725
1223,6.620315,6.7179013172
1224,6.618876,6.7183516801
1225,6.617069,6.7188272688
1226,6.615089,6.7193011048
1227,6.613124,6.7197498091
1228,6.611352,6.7201533763
1229,6.609943,6.7204951075
1230,6.609047,6.7207615914
1231,6.608795,6.7209427554
1232,6.609293,6.7210318737
1233,6.61062,6.7210255565
1234,6.612827,6.7209236801
1235,6.615933,6.7207292366
1236,6.619926,6.7204480968
1237,6.624767,6.7200887043
1238,6.630387,6.7196616532
1239,6.636697,6.7191792151
1240,6.643585,6.7186547957
1241,6.650929,6.7181023629
1242,6.658594,6.7175358468
1243,6.666444,6.716968578
1244,6.674342,6.7164127554
1245,6.682159,6.7158789839
1246,6.689776,6.7153758952
1247,6.697085,6.7149098737
1248,6.703996,6.7144848925
1249,6.710433,6.7141024516
1250,6.71634,6.7137616344
1251,6.721676,6.71345925
1252,6.726416,6.7131900806
1253,6.730548,6.7129471909
1254,6.734074,6.7127223118
1255,6.737006,6.7125062419
1256,6.739364,6.7122892984
1257,6.741178,6.7120617554
1258,6.74248,6.7118142769
1259,6.743313,6.7115383253
1260,6.74372,6.7112264946
1261,6.743754,6.7108728226
1262,6.743471,6.7104729812
1263,6.742932,6.7100244113
1264,6.742207,6.7095263602
1265,6.74137,6.7089798038
1266,6.740499,6.7083872984
1267,6.739676,6.7077527473
1268,6.738987,6.7070810941
1269,6.738513,6.7063779624
1270,6.738334,6.7056492876
1271,6.738521,6.7049009247
1272,6.739132,6.7041382849
1273,6.740211,6.7033660349
1274,6.741783,6.7025878306
1275,6.74385,6.7018061505
1276,6.746394,6.7010222151
1277,6.749369,6.7002359785
1278,6.752709,6.6994462392
1279,6.756324,6.6986507957
1280,6.760108,6.6978466855
1281,6.763941,6.6970304677
1282,6.767694,6.696198543
1283,6.771238,6.6953474704
1284,6.774448,6.6944742903
1285,6.777211,6.6935768145
1286,6.779431,6.6926538817
1287,6.781036,6.6917055511
1288,6.781981,6.6907332392
1289,6.782254,6.6897397849
1290,6.781872,6.6887294328
1291,6.780887,6.6877077554
1292,6.779381,6.6866814973
1293,6.777464,6.6856583656
1294,6.775269,6.6846467554
1295,6.772946,6.6836554624
1296,6.770653,6.6826933441
1297,6.768553,6.6817690134
1298,6.766804,6.6808905027
1299,6.765552,6.6800649785
1300,6.764922,6.6792984919
1301,6.765016,6.6785957769
1302,6.76591,6.6779600995
1303,6.767643,6.6773931613
1304,6.770227,6.6768950914
1305,6.773639,6.6764644624
1306,6.777828,6.6760983737
1307,6.782717,6.675792586
1308,6.788208,6.675541672
1309,6.794189,6.6753392204
1310,6.800539,6.6751780323
1311,6.807135,6.6750503468
1312,6.813857,6.6749480538
1313,6.820594,6.6748629059
1314,6.827248,6.6747867204
1315,6.833738,6.6747115565
1316,6.840001,6.6746298737
1317,6.84599,6.6745346694
1318,6.851678,6.6744195914
1319,6.857053,6.6742790188
1320,6.862113,6.6741081156
1321,6.866868,6.6739028737
1322,6.871326,6.6736601075
1323,6.8755,6.6733774704
1324,6.879393,6.6730533978
1325,6.883002,6.6726870941
1326,6.886308,6.6722784597
1327,6.88928,6.6718280511
1328,6.891868,6.6713370161
1329,6.894008,6.6708070296
1330,6.895622,6.6702402446
1331,6.896618,6.6696392231
1332,6.896896,6.6690069032
1333,6.896355,6.6683465457
1334,6.894895,6.6676616962
1335,6.892425,6.6669561452
1336,6.888868,6.6662339032
1337,6.884169,6.6654991613
1338,6.8783,6.6647562527
1339,6.871265,6.6640096156
1340,6.863104,6.6632637446
1341,6.853895,6.6625231452
1342,6.843758,6.6617922688
1343,6.83285,6.6610754382
1344,6.821369,6.6603767876
1345,6.809542,6.6597001667
1346,6.797629,6.6590490699
1347,6.785909,6.6584265457
1348,6.774671,6.6578351183
1349,6.764212,6.6572767204
1350,6.754819,6.6567526237
1351,6.746763,6.6562633978
1352,6.740286,6.6558088817
1353,6.735597,6.6553881801
1354,6.732856,6.6549996774
1355,6.732174,6.6546410887
1356,6.733605,6.6543095134
1357,6.737144,6.6540015323
1358,6.742728,6.6537133145
1359,6.750236,6.6534407446
1360,6.759493,6.6531795511
1361,6.770281,6.652925457
1362,6.78234,6.6526743199
1363,6.79538,6.6524222661
1364,6.809094,6.652165828
1365,6.823162,6.651902043
1366,6.837268,6.6516285672
1367,6.851104,6.6513437258
1368,6.864383,6.6510465753
1369,6.876842,6.6507369167
1370,6.888255,6.650415293
1371,6.898433,6.6500829543
1372,6.907228,6.6497418011
1373,6.914537,6.6493943145
1374,6.920298,6.6490434489
1375,6.924495,6.6486925323
1376,6.927148,6.6483451344
1377,6.928314,6.6480049516
1378,6.928083,6.6476756828
1379,6.926567,6.6473608952
1380,6.9239,6.6470639274
1381,6.92023,6.646787793
1382,6.915712,6.646535086
1383,6.910504,6.6463079274
1384,6.904758,6.6461079194
1385,6.898624,6.6459361263
1386,6.892236,6.6457930618
1387,6.885716,6.6456787124
1388,6.879169,6.6455925726
1389,6.872684,6.6455336882
1390,6.866329,6.6455007151
1391,6.860157,6.6454920027
1392,6.8542,6.6455056586
1393,6.848476,6.6455396478
1394,6.842986,6.6455918763
1395,6.837715,6.6456602796
1396,6.832639,6.6457429247
1397,6.827718,6.6458380806
1398,6.822907,6.6459443172
1399,6.818148,6.6460605618
1400,6.813382,6.6461861801
1401,6.808543,6.6463210108
1402,6.803563,6.6464654032
1403,6.798378,6.6466202339
1404,6.792925,6.6467868952
1405,6.787149,6.6469672608
1406,6.781006,6.6471636371
1407,6.774466,6.647378672
1408,6.767514,6.6476152554
1409,6.760157,6.6478763978
1410,6.752421,6.6481650753
1411,6.744358,6.6484840914
1412,6.736043,6.6488359032
1413,6.727572,6.6492224651
1414,6.719064,6.649645086
1415,6.710657,6.6501042876
1416,6.702501,6.6505996962
1417,6.694754,6.651129957
1418,6.687576,6.6516927016
1419,6.681123,6.6522845296
1420,6.675538,6.6529010484
1421,6.670944,6.6535369543
1422,6.667438,6.6541861505
1423,6.665089,6.6548419113
1424,6.663928,6.6554970618
1425,6.66395,6.6561442016
1426,6.665112,6.6567759382
1427,6.667335,6.6573851317
1428,6.670506,6.6579651398
1429,6.674484,6.6585100484
1430,6.679106,6.6590148817
1431,6.684192,6.659475793
1432,6.689558,6.659890207
1433,6.695017,6.6602569194
1434,6.70039,6.6605761532
1435,6.705513,6.6608495672
1436,6.71024,6.6610801962
1437,6.71445,6.6612723575
1438,6.718048,6.6614314946
1439,6.720964,6.6615639973
1440,6.723159,6.6616769731
1441,6.724616,6.6617779946
1442,6.72534,6.6618748548
1443,6.725355,6.661975293
1444,6.724698,6.66208675
1445,6.723414,6.6622161371
1446,6.721552,6.6623696425
1447,6.719162,6.6625525672
1448,6.716289,6.6627692016
1449,6.712973,6.6630227661
1450,6.709245,6.6633153763
1451,6.70513,6.6636480726
1452,6.700642,6.664020871
1453,6.695793,6.6644328763
1454,6.69059,6.6648823871
1455,6.68504,6.6653670538
1456,6.679153,6.6658840296
1457,6.672943,6.6664301317
1458,6.666434,6.6670020081
1459,6.659659,6.6675962823
1460,6.652662,6.6682096935
1461,6.645497,6.6688392204
1462,6.63823,6.6694821801
1463,6.630932,6.6701363011
1464,6.623681,6.6707997876
1465,6.616557,6.6714713387
1466,6.609636,6.6721501559
1467,6.602988,6.6728359274
1468,6.596674,6.6735287876
1469,6.590739,6.6742292581
1470,6.585215,6.6749381747
1471,6.580115,6.6756566022
1472,6.575435,6.6763857339
1473,6.571152,6.6771267903
1474,6.567231,6.6778809274
1475,6.563622,6.678649121
1476,6.560264,6.6794320914
1477,6.557091,6.6802302231
1478,6.554033,6.6810435027
1479,6.551019,6.6818714839
1480,6.547978,6.6827132715
1481,6.544842,6.6835675349
1482,6.541543,6.6844325511
1483,6.538014,6.6853062715
1484,6.534187,6.686186422
1485,6.52999,6.6870706237
1486,6.525343,6.6879565269
1487,6.520159,6.6888419812
1488,6.514338,6.6897251828
1489,6.507775,6.6906048522
1490,6.500354,6.6914803629
1491,6.491959,6.692351879
1492,6.482478,6.6932204435
1493,6.471814,6.6940880215
1494,6.459897,6.6949574946
1495,6.446696,6.6958325941
1496,6.432238,6.6967177715
1497,6.416613,6.6976179946
1498,6.399996,6.6985385081
1499,6.38265,6.6994845054
1500,6.364937,6.7004607984
1501,6.347315,6.7014714247
1502,6.33033,6.7025192769
1503,6.31461,6.7036057527
1504,6.300839,6.7047304274
1505,6.289732,6.7058908065
1506,6.282,6.7070821667
1507,6.278314,6.7082975108
1508,6.279266,6.7095276371
1509,6.285325,6.7107613441
1510,6.296806,6.7119857608
1511,6.313839,6.7131867957
1512,6.33635,6.7143496667
1513,6.364054,6.7154595134
1514,6.396458,6.7165020215
1515,6.432877,6.7174640538
1516,6.472464,6.7183342312
1517,6.51424,6.7191034301
1518,6.557141,6.7197651935
1519,6.600057,6.7203159946
1520,6.641877,6.7207554032
1521,6.681531,6.7210860914
1522,6.718025,6.7213137285
1523,6.75047,6.7214467661
1524,6.778108,6.7214961263
1525,6.800321,6.7214748172
1526,6.816648,6.7213975081
1527,6.826778,6.7212800699
1528,6.83055,6.7211391156
1529,6.827945,6.7209915591
1530,6.819067,6.7208541909
1531,6.804132,6.7207433091
1532,6.783449,6.7206744005
1533,6.757404,6.7206618763
1534,6.726441,6.7207188522
1535,6.69105,6.7208570054
1536,6.651751,6.7210864677
1537,6.609091,6.7214157608
1538,6.56363,6.7218517581
1539,6.515943,6.7223996935
1540,6.466614,6.7230631505
1541,6.416238,6.7238440941
1542,6.365424,6.7247428817
1543,6.314791,6.7257582769
1544,6.264972,6.7268874704
1545,6.216608,6.7281260887
1546,6.170346,6.7294682231
1547,6.126831,6.7309064489
1548,6.086695,6.732431879
1549,6.050547,6.7340342312
1550,6.018955,6.7357019247
1551,5.992432,6.7374222124
1552,5.971423,6.7391813441
1553,5.956288,6.7409647715
1554,5.947296,6.7427573629
1555,5.944616,6.7445436532
1556,5.948319,6.746308086
1557,5.958378,6.7480352554
1558,5.974681,6.7497101263
1559,5.997043,6.7513182204
1560,6.025229,6.7528457554
1561,6.058968,6.7542797204
1562,6.097982,6.7556079059
1563,6.142005,6.7568188575
1564,6.190809,6.7579017715
1565,6.244224,6.758846328
1566,6.302161,6.7596424812
1567,6.36463,6.7602801801
1568,6.431767,6.7607490645
1569,6.503857,6.7610380941
1570,6.581373,6.7611351237
1571,6.665032,6.7610263952
1572,6.755887,6.7606958817
1573,6.855468,6.7601244113
1574,6.966045,6.7592884032
1575,7.091088,6.7581579328
1576,7.236137,6.7566935403
1577,7.41058,6.7548407312
1578,7.631595,6.7525196774
1579,7.934196,6.7496043441
1580,8.402139,6.745874586
1581,9.298502,6.7408851747
1582,12.156269,6.7334837849
1583,12.156269,6.7183972984
1584,12.156269,6.7033075
1585,4.543812,6.6882141613
1586,5.460635,6.6935807823
1587,5.914031,6.6964792231
1588,6.190982,6.6981553817
1589,6.378571,6.6990837581
1590,6.512657,6.6995047823
1591,6.61075,6.6995624812
1592,6.682455,6.6993537688
1593,6.733543,6.6989496828
1594,6.767785,6.6984056694
1595,6.78785,6.6977669758
1596,6.795795,6.6970716183
1597,6.793336,6.6963520591
1598,6.782007,6.6956361613
1599,6.763251,6.6949477258
1600,6.738476,6.6943067903
1601,6.709075,6.6937297634
1602,6.67644,6.6932295188
1603,6.641947,6.6928154247
1604,6.606943,6.6924934005
1605,6.572722,6.6922659973
1606,6.540494,6.6921325054
1607,6.511349,6.6920891425
1608,6.486232,6.6921292984
1609,6.465904,6.692243836
1610,6.45092,6.6924214812
1611,6.441613,6.6926492634
1612,6.43808,6.6929129866
1613,6.440185,6.6931977554
1614,6.44757,6.6934884866
1615,6.459678,6.6937704247
1616,6.475779,6.6940296102
1617,6.49501,6.6942532957
1618,6.516416,6.6944303065
1619,6.538992,6.6945512984
1620,6.561728,6.6946089543
1621,6.583649,6.6945980833
1622,6.603853,6.6945156371
1623,6.621545,6.6943606586
1624,6.636061,6.6941341559
1625,6.646893,6.6938389328
1626,6.653696,6.6934793522
1627,6.656303,6.6930611075
1628,6.654718,6.6925909355
1629,6.649116,6.6920763522
1630,6.639826,6.691525371
1631,6.627312,6.6909462527
1632,6.612154,6.6903472661
1633,6.595013,6.6897364839
1634,6.576603,6.6891216183
1635,6.557657,6.6885098817
1636,6.538888,6.6879078952
1637,6.520958,6.6873216398
1638,6.504446,6.6867564274
1639,6.489821,6.686216914
1640,6.477422,6.6857071156
1641,6.467446,6.6852304489
1642,6.459943,6.6847897608
1643,6.454819,6.6843873575
1644,6.451855,6.6840250188
1645,6.450719,6.6837039812
1646,6.450998,6.6834249167
1647,6.452226,6.683187879
1648,6.453914,6.6829922312
1649,6.455586,6.6828365806
1650,6.456804,6.6827186989
1651,6.457195,6.6826354624
1652,6.456475,6.682582828
1653,6.454465,6.6825558333
1654,6.451095,6.6825486452
1655,6.446415,6.6825547097
1656,6.440587,6.6825669301
1657,6.43388,6.6825779704
1658,6.426652,6.6825806371
1659,6.419336,6.6825683656
1660,6.412416,6.6825358199
1661,6.406403,6.6824795941
1662,6.401808,6.6823990376
1663,6.399119,6.682297207
1664,6.398776,6.6821819462
1665,6.401145,6.6820671532
1666,6.406508,6.6819743011
1667,6.415038,6.6819343468
1668,6.426802,6.6819903656
1669,6.441747,6.6822014301
1670,6.459709,6.6826489597
1671,6.480419,6.6834479785
1672,6.503512,6.6847690833
1673,6.528544,6.6868862608
1674,6.555009,6.6902980403
1675,6.582361,6.6961181237
1676,6.610033,6.7081007903
1677,6.637454,6.7200090699
1678,6.664075,6.7318436371
1679,6.689377,6.7436066425
1680,6.712896,6.7327233441
1681,6.734227,6.7251062581
1682,6.75304,6.7191196774
1683,6.769082,6.7141795887
1684,6.782182,6.709995836
1685,6.792253,6.7063984597
1686,6.799287,6.7032761102
1687,6.803352,6.7005493145
1688,6.804585,6.6981573629
1689,6.803181,6.6960513656
1690,6.799385,6.694190414
1691,6.793477,6.6925393763
1692,6.785763,6.6910676613
1693,6.776559,6.6897485027
1694,6.766185,6.6885585672
1695,6.754945,6.6874777285
1696,6.743128,6.6864889409
1697,6.73099,6.6855781048
1698,6.718756,6.684733957
1699,6.706615,6.6839478871
1700,6.694713,6.6832137016
1701,6.683164,6.6825273575
1702,6.672042,6.6818866129
1703,6.661395,6.6812906586
1704,6.651243,6.680739707
1705,6.641591,6.6802345995
1706,6.63243,6.6797764086
1707,6.623751,6.6793660968
1708,6.615544,6.6790042016
1709,6.607807,6.6786906237
1710,6.600551,6.6784244758
1711,6.593801,6.6782040027
1712,6.587601,6.6780266075
1713,6.582009,6.677888922
1714,6.577097,6.6777869731
1715,6.572952,6.6777163817
1716,6.569666,6.6776726048
1717,6.567334,6.6776511909
1718,6.56605,6.6776480511
1719,6.565898,6.6776596855
1720,6.566947,6.6776833978
1721,6.569248,6.6777174435
1722,6.572827,6.6777611102
1723,6.577683,6.6778147231
1724,6.583785,6.6778795726
1725,6.591074,6.67795775
1726,6.599461,6.6780519032
1727,6.608828,6.6781649409
1728,6.619036,6.6782996801
1729,6.629927,6.6784584597
1730,6.641332,6.67864275
1731,6.653072,6.6788527903
1732,6.66497,6.6790872554
1733,6.676858,6.6793429973
1734,6.688576,6.6796148468
1735,6.699985,6.6798955349
1736,6.710966,6.6801756855
1737,6.721429,6.6804439328
1738,6.731307,6.6806871237
1739,6.740564,6.680890629
1740,6.74919,6.6810387231
1741,6.757198,6.6811150511
1742,6.764625,6.6811031559
1743,6.771524,6.6809870269
1744,6.777963,6.6807516801
1745,6.784015,6.6803837366
1746,6.789757,6.6798719758
1747,6.795263,6.6792078414
1748,6.8006,6.6783858683
1749,6.805826,6.6774040269
1750,6.810982,6.6762639355
1751,6.816095,6.6749709597
1752,6.821178,6.6735341478
1753,6.826223,6.6719660215
1754,6.831209,6.6702822285
1755,6.836101,6.6685010457
1756,6.840851,6.6666427823
1757,6.845404,6.6647291048
1758,6.849698,6.6627823091
1759,6.853672,6.6608246022
1760,6.857264,6.6588774032
1761,6.860418,6.6569607312
1762,6.863088,6.6550926828
1763,6.865237,6.6532890242
1764,6.866844,6.6515629005
1765,6.867905,6.6499246801
1766,6.868432,6.6483818978
1767,6.868459,6.6469393038
1768,6.868037,6.6455989973
1769,6.867238,6.6443606371
1770,6.86615,6.6432216801
1771,6.864878,6.6421776747
1772,6.863539,6.6412225645
1773,6.862257,6.6403490134
1774,6.86116,6.6395487177
1775,6.860376,6.6388127177
1776,6.860021,6.6381316989
1777,6.860201,6.6374962715
1778,6.860999,6.6368972285
1779,6.862475,6.6363257823
1780,6.864659,6.6357737608
1781,6.867545,6.6352337796
1782,6.871095,6.6346993925
1783,6.875232,6.634165172
1784,6.879844,6.6336267876
1785,6.884787,6.6330810188
1786,6.889887,6.6325257473
1787,6.894949,6.6319599059
1788,6.899758,6.6313833925
1789,6.904095,6.6307969704
1790,6.907736,6.6302021263
1791,6.910468,6.6296009328
1792,6.912095,6.6289958844
1793,6.912445,6.6283897446
1794,6.911381,6.6277853978
1795,6.908805,6.6271857016
1796,6.904664,6.6265933683
1797,6.898956,6.6260108629
1798,6.891732,6.6254403172
1799,6.883098,6.6248834785
1800,6.873212,6.624341664
1801,6.862282,6.6238157608
1802,6.850565,6.6233062366
1803,6.838354,6.6228131559
1804,6.825975,6.6223362312
1805,6.813772,6.6218748629
1806,6.8021,6.621428207
1807,6.791307,6.6209952285
1808,6.781724,6.6205747661
1809,6.773649,6.6201655914
1810,6.767339,6.619766457
1811,6.762991,6.6193761371
1812,6.760739,6.6189934812
1813,6.760648,6.6186174274
1814,6.762703,6.6182470188
1815,6.766817,6.6178814301
1816,6.77283,6.617519957
1817,6.780518,6.6171620215
1818,6.7896,6.6168071586
1819,6.79975,6.6164550108
1820,6.810615,6.6161053199
1821,6.821824,6.6157579167
1822,6.833008,6.6154127097
1823,6.843811,6.6150696855
1824,6.853908,6.6147289005
1825,6.863011,6.6143904785
1826,6.870886,6.614054621
1827,6.877355,6.6137215968
1828,6.882303,6.61339175
1829,6.885681,6.6130655054
1830,6.887504,6.6127433548
1831,6.887848,6.6124258522
1832,6.886846,6.6121136022
1833,6.884678,6.6118072419
1834,6.881563,6.611507414
1835,6.877749,6.6112147366
1836,6.873498,6.6109297661
1837,6.869077,6.6106529651
1838,6.864743,6.6103846694
1839,6.860732,6.6101250565
1840,6.857249,6.6098741183
1841,6.854456,6.6096316532
1842,6.85247,6.6093972769
1843,6.851352,6.6091704167
1844,6.851108,6.6089503656
1845,6.851691,6.6087363118
1846,6.852999,6.6085274086
1847,6.854887,6.6083228414
1848,6.857169,6.6081218925
1849,6.859631,6.6079240349
1850,6.862042,6.6077289866
1851,6.864164,6.6075367876
1852,6.865764,6.6073478387
1853,6.866628,6.6071629382
1854,6.866567,6.6069832903
1855,6.86543,6.6068105027
1856,6.86311,6.6066465403
1857,6.859546,6.6064936828
1858,6.854732,6.6063544489
1859,6.84871,6.6062315081
1860,6.841575,6.606127586
1861,6.833465,6.6060453548
1862,6.824558,6.6059873306
1863,6.815065,6.6059557769
1864,6.805217,6.6059526048
1865,6.795258,6.6059792984
1866,6.785434,6.6060368495
1867,6.775982,6.6061257204
1868,6.767121,6.6062458145
1869,6.759044,6.6063964812
1870,6.751907,6.6065765269
1871,6.745831,6.6067842608
1872,6.74089,6.6070175457
1873,6.737116,6.6072738629
1874,6.734499,6.6075503978
1875,6.732989,6.6078441075
1876,6.7325,6.6081518145
1877,6.732918,6.6084702823
1878,6.734108,6.6087962984
1879,6.735921,6.6091267339
1880,6.738205,6.6094586075
1881,6.740808,6.6097891237
1882,6.743591,6.6101157124
1883,6.746427,6.610436043
1884,6.749213,6.6107480349
1885,6.751867,6.6110498602
1886,6.754334,6.6113399247
1887,6.756583,6.6116168522
1888,6.758606,6.6118794597
1889,6.760416,6.6121267392
1890,6.762039,6.6123578306
1891,6.763517,6.6125720027
1892,6.764893,6.6127686344
1893,6.766212,6.6129472151
1894,6.767515,6.6131073468
1895,6.768832,6.6132487554
1896,6.770181,6.6133713065
1897,6.771562,6.613475043
1898,6.772961,6.6135602258
1899,6.774343,6.6136273629
1900,6.775659,6.6136772634
1901,6.776844,6.6137110806
1902,6.777819,6.6137303414
1903,6.778498,6.6137369946
1904,6.77879,6.613733414
1905,6.778599,6.6137224167
1906,6.777834,6.6137072527
1907,6.77641,6.613691586
1908,6.774248,6.6136794435
1909,6.771282,6.6136751747
1910,6.767462,6.613683371
1911,6.762749,6.6137087796
1912,6.757125,6.6137562285
1913,6.750587,6.6138305054
1914,6.743151,6.6139362742
1915,6.734851,6.6140779651
1916,6.725738,6.6142596801
1917,6.715882,6.6144851075
1918,6.705366,6.6147574409
1919,6.694291,6.6150793226
1920,6.68277,6.6154527849
1921,6.670929,6.6158792177
1922,6.658902,6.6163593441
1923,6.646829,6.6168932258
1924,6.634858,6.6174802634
1925,6.623132,6.6181192124
1926,6.611796,6.6188082339
1927,6.600985,6.619544914
1928,6.590826,6.6203263333
1929,6.58143,6.6211491102
1930,6.572892,6.6220094704
1931,6.565286,6.6229033145
1932,6.558664,6.6238262849
1933,6.553053,6.6247738414
1934,6.548456,6.6257413333
1935,6.544849,6.6267240726
1936,6.542184,6.6277174194
1937,6.540393,6.6287168441
1938,6.539385,6.6297180054
1939,6.539055,6.6307168145
1940,6.539286,6.6317094973
1941,6.539952,6.6326926371
1942,6.540926,6.6336632312
1943,6.542081,6.6346187097
1944,6.5433,6.6355569651
1945,6.544473,6.6364763441
1946,6.54551,6.6373756505
1947,6.546334,6.6382541048
1948,6.546892,6.6391113226
1949,6.547148,6.6399472581
1950,6.547091,6.6407621478
1951,6.546726,6.6415564489
1952,6.546078,6.6423307742
1953,6.545185,6.6430858253
1954,6.544096,6.6438223414
1955,6.542864,6.6445410457
1956,6.541547,6.6452426102
1957,6.540195,6.645927629
1958,6.538855,6.646596621
1959,6.537562,6.6472500323
1960,6.536338,6.6478882554
1961,6.535192,6.648511672
1962,6.534121,6.6491206909
1963,6.533109,6.6497157984
1964,6.532135,6.6502976022
1965,6.53117,6.6508668763
1966,6.530191,6.6514245968
1967,6.529177,6.6519719489
1968,6.528119,6.6525103414
1969,6.527022,6.6530413844
1970,6.525909,6.6535668629
1971,6.524823,6.6540886747
1972,6.523822,6.6546087688
1973,6.522984,6.6551290726
1974,6.522397,6.6556513978
1975,6.522154,6.6561773683
1976,6.522349,6.6567083306
1977,6.523063,6.6572452903
1978,6.524363,6.6577888602
1979,6.526287,6.6583392231
1980,6.52884,6.6588961263
1981,6.531988,6.6594588925
1982,6.535655,6.6600264597
1983,6.539718,6.6605974462
1984,6.544014,6.6611702312
1985,6.548337,6.6617430511
1986,6.552451,6.6623141183
1987,6.556095,6.6628817285
1988,6.55899,6.6634443817
1989,6.560858,6.6640008978
1990,6.561425,6.6645505161
1991,6.56044,6.6650929946
1992,6.557684,6.665628664
1993,6.552979,6.6661584892
1994,6.546201,6.6666840887
1995,6.537286,6.6672077231
1996,6.526238,6.6677322661
1997,6.513129,6.668261121
1998,6.498109,6.6687981398
1999,6.481399,6.6693474677
2000,6.463293,6.6699133898
2001,6.444151,6.6705001317
2002,6.424394,6.6711116532
2003,6.404489,6.6717514167
2004,6.384943,6.672422164
2005,6.366283,6.6731256855
2006,6.349037,6.6738626317
2007,6.333718,6.6746323468
2008,6.320801,6.6754327608
2009,6.310699,6.676260336
2010,6.303747,6.6771100995
2011,6.300176,6.6779757339
2012,6.300102,6.6788497796
2013,6.30351,6.6797238925
2014,6.310249,6.6805891801
2015,6.320029,6.6814365995
2016,6.332429,6.6822573844
2017,6.346907,6.6830434973
2018,6.36282,6.6837880726
2019,6.379445,6.6844858333
2020,6.396012,6.6851334516
2021,6.411734,6.685729828
2022,6.42584,6.6862762849
2023,6.437615,6.6867766478
2024,6.446433,6.6872371935
2025,6.451791,6.6876664839
2026,6.453351,6.6880750645
2027,6.450961,6.6884750054
2028,6.444694,6.6888793522
2029,6.434872,6.6893014247
2030,6.422087,6.6897540242
2031,6.407229,6.6902485376
2032,6.3915,6.6907939677
2033,6.376436,6.6913958925
2034,6.363927,6.6920553763
2035,6.356242,6.6927678306
2036,6.356073,6.693521828
2037,6.366604,6.6942978226
2038,6.391645,6.6950667124
2039,6.435877,6.695788086
2040,6.505318,6.6964078387
2041,6.608228,6.6968545833
2042,6.756944,6.6970336613
2043,6.97187,6.6968162608
2044,7.291102,6.696017828
2045,7.797726,6.6943506559
2046,8.72008,6.6913030833
2047,11.039913,6.6857492258
2048,11.039913,6.6739238548
2049,11.039913,6.6620544973
2050,11.039913,6.6501327608
2051,2.64079,6.6381506667
2052,3.87934,6.6486791667
2053,4.507219,6.6558040699
2054,4.915327,6.6611615914
2055,5.212726,6.665338457
2056,5.443958,6.6686297419
2057,5.630739,6.6712124919
2058,5.784919,6.6732072608
2059,5.913546,6.67470475
2060,6.021154,6.6757787957
2061,6.110907,6.6764931559
2062,6.185199,6.6769051478
2063,6.245999,6.6770675968
2064,6.295036,6.6770297957
2065,6.333903,6.676837871
2066,6.364113,6.6765348065
2067,6.387116,6.6761602581
2068,6.404297,6.6757502634
2069,6.416967,6.6753369462
2070,6.426338,6.6749482231
2071,6.433498,6.6746076075
2072,6.439393,6.6743341129
2073,6.444807,6.6741422715
2074,6.450347,6.6740422661
2075,6.456441,6.6740401962
2076,6.463343,6.6741384247
2077,6.471144,6.6743360081
2078,6.479794,6.6746291586
2079,6.489126,6.6750117258
2080,6.498893,6.6754756667
2081,6.5088,6.6760114543
2082,6.518535,6.6766084355
2083,6.52781,6.6772551129
2084,6.536382,6.6779393387
2085,6.544084,6.6786484274
2086,6.550837,6.6793691935
2087,6.556667,6.6800879355
2088,6.5617,6.6807903629
2089,6.566166,6.6814615323
2090,6.570378,6.6820857554
2091,6.574719,6.6826465726
2092,6.579612,6.6831267581
2093,6.585492,6.6835084274
2094,6.592771,6.6837732366
2095,6.601807,6.6839027016
2096,6.612867,6.683878621
2097,6.626099,6.6836836371
2098,6.641511,6.6833018925
2099,6.658951,6.6827197608
2100,6.678102,6.681926629
2101,6.698483,6.6809156989
2102,6.719467,6.6796847419
2103,6.740293,6.6782367554
2104,6.760106,6.6765805
2105,6.777986,6.6747308226
2106,6.792992,6.6727087661
2107,6.804201,6.6705414032
2108,6.810754,6.6682613978
2109,6.811896,6.6659062608
2110,6.807011,6.6635173575
2111,6.795655,6.6611386882
2112,6.777584,6.6588154866
2113,6.752773,6.6565927124
2114,6.721425,6.6545135161
2115,6.683975,6.6526177608
2116,6.641088,6.6509406559
2117,6.59364,6.6495115591
2118,6.542699,6.6483530296
2119,6.489489,6.647480121
2120,6.435355,6.6468999812
2121,6.381712,6.6466117339
2122,6.329995,6.6466066747
2123,6.281601,6.6468687608
2124,6.237835,6.6473753871
2125,6.199852,6.6480984194
2126,6.168609,6.6490054892
2127,6.144827,6.6500614785
2128,6.128963,6.651230164
2129,6.121196,6.6524759812
2130,6.121431,6.6537658495
2131,6.129314,6.6550710081
2132,6.144262,6.656368836
2133,6.165504,6.6576446452
2134,6.192127,6.6588935
2135,6.223119,6.6601222016
2136,6.257426,6.6613518387
2137,6.29399,6.6626216317
2138,6.331787,6.6639959919
2139,6.369865,6.6655795134
2140,6.407367,6.6675539301
2141,6.443546,6.670289879
2142,6.47778,6.6748290457
2143,6.509577,6.6882811909
2144,6.538578,6.7016478602
2145,6.564547,6.6966155968
2146,6.587368,6.6939172796
2147,6.607037,6.6922444435
2148,6.623642,6.6912033441
2149,6.637357,6.6906215081
2150,6.648421,6.6904042204
2151,6.657123,6.6904889005
2152,6.663786,6.6908270538
2153,6.668753,6.6913762312
2154,6.672365,6.6920962876
2155,6.674953,6.69294775
2156,6.676818,6.6938912796
2157,6.678226,6.6948878011
2158,6.679394,6.6958989704
2159,6.680486,6.6968878817
2160,6.681609,6.6978198763
2161,6.682813,6.6986633898
2162,6.684092,6.6993907715
2163,6.68539,6.6999790349
2164,6.686611,6.7004104946
2165,6.687628,6.7006732419
2166,6.688294,6.7007614194
2167,6.688457,6.7006753091
2168,6.687972,6.7004211586
2169,6.686713,6.7000107823
2170,6.684588,6.6994609247
2171,6.681543,6.6987924113
2172,6.677576,6.6980291371
2173,6.672739,6.697196914
2174,6.667139,6.6963222769
2175,6.660938,6.6954313011
2176,6.654346,6.6945484866
2177,6.647616,6.6936957876
2178,6.641032,6.6928918226
2179,6.634895,6.6921513038
2180,6.629511,6.6914846828
2181,6.625171,6.6908980296
2182,6.62214,6.6903931237
2183,6.620643,6.6899677204
2184,6.620847,6.6896159543
2185,6.622856,6.6893288898
2186,6.626704,6.6890951102
2187,6.632349,6.6889013683
2188,6.639678,6.6887332473
2189,6.648509,6.6885757849
2190,6.658601,6.6884140726
2191,6.669665,6.6882337742
2192,6.681381,6.6880215887
2193,6.693407,6.6877656102
2194,6.705403,6.6874556129
2195,6.717039,6.68708325
2196,6.728015,6.6866421694
2197,6.738072,6.6861280645
2198,6.747001,6.6855386532
2199,6.754652,6.6848736156
2200,6.76094,6.6841344866
2201,6.765841,6.6833245134
2202,6.769393,6.6824485027
2203,6.771691,6.6815126559
2204,6.77288,6.680524379
2205,6.773142,6.6794921022
2206,6.772687,6.6784250914
2207,6.77174,6.6773332554
2208,6.770528,6.6762269543
2209,6.769271,6.6751167957
2210,6.768167,6.6740134247
2211,6.767383,6.6729273199
2212,6.767052,6.671868586
2213,6.767268,6.6708467285
2214,6.768078,6.6698704489
2215,6.769493,6.6689474516
2216,6.77148,6.66808425
2217,6.773979,6.6672860188
2218,6.7769,6.6665564462
2219,6.780134,6.6658976505
2220,6.783566,6.665310121
2221,6.787073,6.6647926935
2222,6.790544,6.6643425995
2223,6.793875,6.6639555108
2224,6.796981,6.6636256801
2225,6.799799,6.6633460833
2226,6.80229,6.6631086075
2227,6.804436,6.6629042661
2228,6.806247,6.6627234462
2229,6.807751,6.6625561478
2230,6.808998,6.6623922473
2231,6.810051,6.6622217446
2232,6.810985,6.6620350081
2233,6.81188,6.6618229919
2234,6.81282,6.6615774382
2235,6.813885,6.6612910349
2236,6.815147,6.6609575457
2237,6.816667,6.6605719059
2238,6.818494,6.6601302769
2239,6.820657,6.6596300591
2240,6.823169,6.6590698871
2241,6.826021,6.6584495833
2242,6.829184,6.6577700995
2243,6.832613,6.6570334435
2244,6.83624,6.656242578
2245,6.839987,6.6554013495
2246,6.843759,6.6545143737
2247,6.847456,6.6535869597
2248,6.85097,6.6526250108
2249,6.854196,6.6516349516
2250,6.85703,6.6506236237
2251,6.859378,6.6495982177
2252,6.861157,6.648566172
2253,6.862299,6.6475350699
2254,6.862754,6.6465125457
2255,6.862488,6.6455061559
2256,6.861492,6.6445232688
2257,6.859771,6.643570914
2258,6.857351,6.6426556694
2259,6.854273,6.6417835134
2260,6.850594,6.640959707
2261,6.846382,6.6401886774
2262,6.841711,6.6394739274
2263,6.836664,6.6388179624
2264,6.831325,6.63822225
2265,6.825781,6.637687207
2266,6.820119,6.637212207
2267,6.814421,6.636795629
2268,6.808771,6.6364349435
2269,6.80325,6.6361267903
2270,6.797936,6.6358671022
2271,6.792906,6.6356512392
2272,6.788239,6.6354741183
2273,6.784009,6.6353303495
2274,6.780294,6.6352143871
2275,6.777166,6.6351206425
2276,6.774699,6.6350436237
2277,6.772958,6.6349780215
2278,6.772006,6.6349188253
2279,6.771893,6.6348613817
2280,6.77266,6.6348014677
2281,6.774331,6.634735328
2282,6.776914,6.6346597124
2283,6.7804,6.6345718952
2284,6.784756,6.634469664
2285,6.789933,6.6343513306
2286,6.79586,6.6342156935
2287,6.802449,6.6340620215
2288,6.809597,6.6338900081
2289,6.81719,6.6336997258
2290,6.825106,6.6334915645
2291,6.833219,6.6332661828
2292,6.841403,6.6330244328
2293,6.849536,6.6327673065
2294,6.857506,6.632495871
2295,6.865207,6.6322112016
2296,6.872547,6.6319143441
2297,6.879448,6.6316062661
2298,6.885841,6.6312878253
2299,6.891673,6.6309597661
2300,6.896899,6.630622707
2301,6.901484,6.6302771694
2302,6.905402,6.6299236022
2303,6.908631,6.6295624274
2304,6.911155,6.6291940941
2305,6.91296,6.6288191398
2306,6.914035,6.6284382581
2307,6.914374,6.6280523495
2308,6.91397,6.6276625806
2309,6.912825,6.6272704328
2310,6.910942,6.6268777177
2311,6.908333,6.6264865941
2312,6.905014,6.6260995538
2313,6.901013,6.6257193978
2314,6.896364,6.6253491828
2315,6.891112,6.6249921532
2316,6.885309,6.6246516586
2317,6.879015,6.6243310672
2318,6.872295,6.6240336613
2319,6.865219,6.6237625538
2320,6.85786,6.623520586
2321,6.850287,6.6233102446
2322,6.842571,6.6231335995
2323,6.834775,6.62299225
2324,6.826957,6.6228872876
2325,6.819169,6.6228192876
2326,6.811454,6.6227883118
2327,6.803846,6.6227939274
2328,6.796374,6.6228352634
2329,6.78906,6.6229110457
2330,6.781924,6.6230196667
2331,6.774981,6.6231592554
2332,6.768249,6.6233277419
2333,6.761747,6.6235229328
2334,6.755501,6.6237425672
2335,6.74954,6.6239843763
2336,6.743905,6.6242461398
2337,6.738642,6.6245257043
2338,6.733806,6.6248210269
2339,6.729459,6.6251301855
2340,6.725667,6.6254513871
2341,6.7225,6.6257829731
2342,6.720023,6.6261234059
2343,6.718298,6.6264712688
2344,6.717375,6.6268252527
2345,6.717289,6.6271841505
2346,6.718058,6.6275468602
2347,6.719672,6.6279123683
2348,6.722098,6.6282797715
2349,6.725271,6.6286482796
2350,6.729098,6.6290172312
2351,6.733455,6.6293861129
2352,6.738189,6.6297545726
2353,6.743123,6.6301224462
2354,6.748062,6.6304897688
2355,6.752794,6.6308567823
2356,6.757103,6.6312239462
2357,6.760774,6.6315919194
2358,6.763602,6.6319615484
2359,6.765402,6.6323338441
2360,6.766014,6.6327099355
2361,6.765316,6.6330910242
2362,6.763227,6.633478328
2363,6.759709,6.6338730188
2364,6.754779,6.634276164
2365,6.748502,6.6346886532
2366,6.740993,6.6351111452
2367,6.732416,6.6355440188
2368,6.722972,6.635987328
2369,6.7129,6.636440793
2370,6.702459,6.6369037796
2371,6.691922,6.6373753199
2372,6.681561,6.6378541505
2373,6.671637,6.6383387661
2374,6.662386,6.6388274973
2375,6.654007,6.6393185914
2376,6.646653,6.6398103226
2377,6.640427,6.6403011022
2378,6.635371,6.6407895699
2379,6.631472,6.641274707
2380,6.628659,6.641755914
2381,6.626811,6.6422330726
2382,6.625763,6.6427065914
2383,6.625321,6.6431774113
2384,6.625272,6.6436469839
2385,6.625397,6.6441172151
2386,6.625489,6.6445903925
2387,6.625361,6.6450690645
2388,6.624863,6.6455559274
2389,6.623889,6.6460536801
2390,6.622387,6.6465648817
2391,6.620359,6.6470918038
2392,6.617864,6.6476363038
2393,6.615016,6.6481997097
2394,6.611975,6.6487827285
2395,6.608938,6.6493853844
2396,6.606129,6.6500069919
2397,6.603783,6.6506461586
2398,6.602129,6.651300828
2399,6.601378,6.6519683495
2400,6.601705,6.6526455806
2401,6.603239,6.6533290161
2402,6.606046,6.6540149274
2403,6.610129,6.6546995188
2404,6.615416,6.6553790833
2405,6.621764,6.6560501586
2406,6.62896,6.656709672
2407,6.636729,6.6573550618
2408,6.644743,6.6579843898
2409,6.652631,6.658596414
2410,6.659996,6.6591906613
2411,6.666425,6.6597674543
2412,6.671507,6.6603279301
2413,6.674845,6.6608740376
2414,6.676071,6.6614085161
2415,6.674853,6.6619348548
2416,6.670914,6.6624572554
2417,6.664029,6.6629805672
2418,6.654045,6.6635102231
2419,6.640875,6.6640521478
2420,6.624512,6.6646126828
2421,6.605027,6.6651984624
2422,6.582574,6.6658162849
2423,6.557392,6.6664729704
2424,6.529804,6.6671751855
2425,6.500217,6.6679292527
2426,6.469121,6.6687409409
2427,6.437084,6.6696152231
2428,6.404741,6.6705560484
2429,6.372793,6.6715660968
2430,6.341985,6.6726465403
2431,6.313091,6.6737968333
2432,6.286896,6.6750145484
2433,6.264168,6.6762952446
2434,6.24563,6.6776324059
2435,6.231937,6.6790174731
2436,6.22364,6.6804399382
2437,6.221163,6.6818875403
2438,6.224781,6.6833465403
2439,6.234598,6.6848020699
2440,6.250543,6.6862385591
2441,6.272362,6.6876401828
2442,6.299629,6.6889913414
2443,6.331758,6.6902771425
2444,6.368028,6.6914838441
2445,6.407605,6.6925992527
2446,6.449577,6.6936130672
2447,6.492982,6.6945171371
2448,6.536844,6.6953056532
2449,6.580196,6.6959752419
2450,6.622109,6.696525
2451,6.661712,6.6969564489
2452,6.698206,6.6972734462
2453,6.730877,6.6974820403
2454,6.759099,6.6975902984
2455,6.782342,6.6976081156
2456,6.800163,6.6975470081
2457,6.812209,6.697419914
2458,6.818209,6.6972409866
2459,6.81797,6.6970254005
2460,6.811375,6.696789172
2461,6.798377,6.6965489651
2462,6.779002,6.6963219167
2463,6.753348,6.6961254543
2464,6.721593,6.6959770887
2465,6.684001,6.6958942016
2466,6.640932,6.6958937984
2467,6.592849,6.6959922312
2468,6.540333,6.6962048844
2469,6.48409,6.6965458253
2470,6.424958,6.697027422
2471,6.363906,6.6976599301
2472,6.302036,6.6984510699
2473,6.240567,6.6994056075
2474,6.180816,6.700524957
2475,6.124166,6.7018068306
2476,6.072026,6.7032449839
2477,6.025781,6.7048290618
2478,5.986733,6.7065445941
2479,5.956039,6.7083731425
2480,5.934643,6.7102926505
2481,5.923224,6.7122779758
2482,5.922146,6.7143015914
2483,5.931424,6.7163344382
2484,5.950712,6.7183468978
2485,5.979312,6.7203098118
2486,6.016204,6.7221955081
2487,6.060092,6.7239787608
2488,6.109464,6.7256376398
2489,6.162667,6.7271542177
2490,6.217977,6.7285150699
2491,6.273677,6.7297115968
2492,6.328127,6.730740121
2493,6.37983,6.7316017957
2494,6.427491,6.7323023065
2495,6.470066,6.7328514032
2496,6.506803,6.7332622742
2497,6.537282,6.7335507823
2498,6.561437,6.7337345591
2499,6.579578,6.7338320296
2500,6.592407,6.733861336
2501,6.601027,6.7338392043
2502,6.60695,6.7337797634
2503,6.612106,6.7336933306
2504,6.618863,6.733585164
2505,6.630078,6.7334541478
2506,6.649204,6.7332913495
2507,6.680544,6.733078293
2508,6.729789,6.7327845484
2509,6.805252,6.7323638978
2510,6.920857,6.7317472016
2511,7.104348,6.7308272473
2512,7.42514,6.7294215511
2513,8.132116,6.7271603253
2514,11.481978,6.723004043
2515,11.481978,6.7098461183
2516,4.666576,6.6966889086
2517,5.560773,6.7018502473
2518,5.965073,6.7046018952
2519,6.219748,6.7062570403
2520,6.407199,6.7072141048
2521,6.556526,6.7076501344
2522,6.679922,6.7076642554
2523,6.782916,6.7073233306
2524,6.86808,6.7066800403
2525,6.936614,6.705781
2526,6.989109,6.7046705806
2527,7.025946,6.7033926425
2528,7.047524,6.7019911452
2529,7.054381,6.7005101075
2530,7.047269,6.6989931586
2531,7.027188,6.6974828575
2532,6.995396,6.6960198522
2533,6.953399,6.6946419543
2534,6.902926,6.6933832231
2535,6.845893,6.6922730672
2536,6.784353,6.6913354382
2537,6.72043,6.6905881667
2538,6.656261,6.6900424839
2539,6.593913,6.6897027392
2540,6.535312,6.6895663844
2541,6.482166,6.689624207
2542,6.435901,6.6898608387
2543,6.397605,6.6902554892
2544,6.367989,6.690782914
2545,6.347374,6.691414543
2546,6.335696,6.6921196989
2547,6.332531,6.6928668656
2548,6.337142,6.6936249167
2549,6.348541,6.6943642608
2550,6.365559,6.6950578333
2551,6.386912,6.6956819167
2552,6.411276,6.6962167634
2553,6.437346,6.6966470323
2554,6.46389,6.6969620161
2555,6.489786,6.697155707
2556,6.514059,6.697226707
2557,6.53589,6.6971780027
2558,6.554632,6.6970166371
2559,6.569808,6.6967532876
2560,6.581102,6.6964017742
2561,6.588352,6.6959785108
2562,6.59153,6.6955019194
2563,6.590732,6.6949918118
2564,6.586157,6.6944687446
2565,6.578088,6.6939533683
2566,6.566884,6.6934657876
2567,6.552957,6.6930249086
2568,6.536768,6.692647836
2569,6.518811,6.6923492823
2570,6.499607,6.6921410376
2571,6.479696,6.6920314839
2572,6.45963,6.6920251774
2573,6.439965,6.6921225027
2574,6.421258,6.692319422
2575,6.404052,6.6926072796
2576,6.388873,6.6929727446
2577,6.376214,6.6933978118
2578,6.366524,6.6938599301
2579,6.360196,6.6943322177
2580,6.357549,6.6947837849
2581,6.358817,6.6951801559
2582,6.364136,6.6954837849
2583,6.373534,6.6956546452
2584,6.386921,6.6956509005
2585,6.404092,6.6954296452
2586,6.424723,6.6949476613
2587,6.448382,6.6941622204
2588,6.474538,6.6930318871
2589,6.502578,6.6915172957
2590,6.531828,6.6895819059
2591,6.561573,6.6871926935
2592,6.591083,6.6843207634
2593,6.619638,6.6809418522
2594,6.646547,6.6770367043
2595,6.671178,6.6725912608
2596,6.692971,6.667596586
2597,6.711458,6.6620484462
2598,6.726275,6.6559463199
2599,6.737171,6.6492915403
2600,6.744012,6.6420839462
2601,6.74678,6.6343158522
2602,6.745571,6.6259607124
2603,6.740585,6.6169499812
2604,6.732115,6.607118828
2605,6.720534,6.5960444113
2606,6.706278,6.5822040269
2607,6.689827,6.5684019651
2608,6.671689,6.5546441263
2609,6.652381,6.5653491156
2610,6.632413,6.5658853387
2611,6.612273,6.5642102608
2612,6.592416,6.5616770242
2613,6.573253,6.5587878898
2614,6.555148,6.5557875027
2615,6.538411,6.5528112661
2616,6.523303,6.5499379758
2617,6.510032,6.5472128199
2618,6.498761,6.5446590376
2619,6.489611,6.5422845215
2620,6.482668,6.5400859032
2621,6.477982,6.5380512392
2622,6.475579,6.5361618925
2623,6.475457,6.5343938575
2624,6.477587,6.5327187366
2625,6.48192,6.5311044597
2626,6.488377,6.5295157903
2627,6.496854,6.5279147177
2628,6.507216,6.5262607204
2629,6.5193,6.5263120539
2630,6.532909,6.5263310054
2631,6.547817,6.5263131789
2632,6.563771,6.5262547446
2633,6.580495,6.5261525204
2634,6.597692,6.5260040437
2635,6.615059,6.5258076384
2636,6.632289,6.5255624423
2637,6.649081,6.5252684298
2638,6.665152,6.5249264061
2639,6.680246,6.5245379695
2640,6.694138,6.5241054472
2641,6.706646,6.5236318189
2642,6.717635,6.5231206061
2643,6.727017,6.5225757479
2644,6.734757,6.5220014747
2645,6.740871,6.5214021634
2646,6.745421,6.5207821949
2647,6.748515,6.5201458244
2648,6.750295,6.5194970483
2649,6.750937,6.5188395043
2650,6.750637,6.5181763686
2651,6.749605,6.5175102923
2652,6.748056,6.5168433534
2653,6.746202,6.5161770346
2654,6.744246,6.5155122225
2655,6.74237,6.5148492261
2656,6.740736,6.5141878285
2657,6.739476,6.5135273382
2658,6.738694,6.5128666696
2659,6.73846,6.5122044194
2660,6.738812,6.5115389618
2661,6.739754,6.5108685398
2662,6.741264,6.5101913639
2663,6.743288,6.5095056884
2664,6.745752,6.5088099077
2665,6.748562,6.5081026179
2666,6.751609,6.5073826796
2667,6.754776,6.5066492673
2668,6.757942,6.5059018976
2669,6.760988,6.5051404471
2670,6.763803,6.5043651515
2671,6.766287,6.5035765866
2672,6.768359,6.5027756402
2673,6.769957,6.5019634587
2674,6.771045,6.5011413926
2675,6.771611,6.50031092
2676,6.771672,6.4994735741
2677,6.771272,6.4986308545
2678,6.770477,6.4977841429
2679,6.76938,6.4969346324
2680,6.768091,6.4960832406
2681,6.766735,6.4952305517
2682,6.765444,6.4943767642
2683,6.764354,6.4935216625
2684,6.763596,6.4926645981
2685,6.763293,6.4918044984
2686,6.763549,6.4909398854
2687,6.764448,6.4900689297
2688,6.766049,6.4891895096
2689,6.76838,6.4882992862
2690,6.771443,6.4873958
2691,6.775207,6.4864765534
2692,6.779613,6.4855391169
2693,6.784575,6.4845812215
2694,6.789989,6.4836008497
2695,6.795729,6.4825962984
2696,6.801661,6.4815662566
2697,6.807646,6.4805098383
2698,6.813543,6.479426606
2699,6.819223,6.4783165847
2700,6.824565,6.47718023
2701,6.829467,6.476018408
2702,6.833851,6.4748323389
2703,6.837658,6.4736235219
2704,6.84086,6.4723936757
2705,6.843451,6.4711446373
2706,6.845454,6.4698782891
2707,6.846916,6.4685964608
2708,6.847903,6.4673008459
2709,6.848502,6.4659929347
2710,6.848813,6.4646739379
2711,6.848946,6.463344737
2712,6.849017,6.4620058438
2713,6.849141,6.4606573728
2714,6.849428,6.4592990385
2715,6.84998,6.4579301649
2716,6.850885,6.4565497077
2717,6.852217,6.4551562968
2718,6.854027,6.4537482801
2719,6.856346,6.4523238007
2720,6.859183,6.4508808643
2721,6.862521,6.4494174158
2722,6.866322,6.4479314317
2723,6.870522,6.4464209964
2724,6.875038,6.4448843986
2725,6.879767,6.4433202036
2726,6.884591,6.4417273321
2727,6.889379,6.4401051209
2728,6.893989,6.4384533787
2729,6.898276,6.4367724354
2730,6.902096,6.435063163
2731,6.905308,6.4333269814
2732,6.907779,6.4315658582
2733,6.909393,6.4297822884
2734,6.910052,6.4279792406
2735,6.909679,6.4261600981
2736,6.908225,6.4243285871
2737,6.905669,6.4224886768
2738,6.902022,6.4206444771
2739,6.897327,6.4188001188
2740,6.891661,6.4169596308
2741,6.885131,6.4151268069
2742,6.877872,6.4133050853
2743,6.870047,6.4114974319
2744,6.861838,6.4097062227
2745,6.853445,6.4079331569
2746,6.845073,6.4061791732
2747,6.836931,6.404444415
2748,6.829223,6.4027281984
2749,6.822137,6.4010290159
2750,6.815842,6.399344584
2751,6.810481,6.3976719036
2752,6.806162,6.3960073508
2753,6.80296,6.3943468057
2754,6.800908,6.3926857764
2755,6.800002,6.3910195633
2756,6.800198,6.3893434057
2757,6.801419,6.3876526461
2758,6.803555,6.3859428678
2759,6.806474,6.3842100373
2760,6.810027,6.3824506042
2761,6.814056,6.3806615816
2762,6.818402,6.3788405966
2763,6.822913,6.3769859072
2764,6.827451,6.3750963856
2765,6.831899,6.3731714723
2766,6.836163,6.3712110983
2767,6.840176,6.3692155966
2768,6.843899,6.3671855948
2769,6.84732,6.3651219004
2770,6.850447,6.363025387
2771,6.853308,6.3608969083
2772,6.855943,6.3587372105
2773,6.858398,6.3565468767
2774,6.860714,6.3543262965
2775,6.862927,6.3520756844
2776,6.865056,6.3497950982
2777,6.867103,6.3474845112
2778,6.869045,6.3451438874
2779,6.870839,6.3427732941
2780,6.872416,6.3403729955
2781,6.873691,6.3379435753
2782,6.874563,6.3354860183
2783,6.874922,6.3330017926
2784,6.874659,6.3304929028
2785,6.873671,6.3279618977
2786,6.871869,6.3254118551
2787,6.869186,6.3228463286
2788,6.865586,6.3202692547
2789,6.861061,6.3176848152
2790,6.855641,6.3150973095
2791,6.849394,6.3125109761
2792,6.842422,6.3099298077
2793,6.834857,6.3073573816
2794,6.826861,6.3047967039
2795,6.818616,6.3022500488
2796,6.810317,6.2997188431
2797,6.802165,6.2972035813
2798,6.794354,6.2947037723
2799,6.787071,6.2922179502
2800,6.780479,6.289743685
2801,6.774718,6.2872776784
2802,6.769894,6.2848158586
2803,6.766081,6.282353533
2804,6.763315,6.2798855357
2805,6.761592,6.2774064103
2806,6.760875,6.2749106082
2807,6.761094,6.272392658
2808,6.762148,6.2698473385
2809,6.763911,6.2672698482
2810,6.766238,6.2646559474
2811,6.768972,6.2620020741
2812,6.771947,6.2593054255
2813,6.774993,6.2565640267
2814,6.777947,6.2537767742
2815,6.780651,6.2509434216
2816,6.78296,6.2480645761
2817,6.784744,6.2451416503
2818,6.785891,6.2421768022
2819,6.78631,6.2391728564
2820,6.785931,6.2361332056
2821,6.784706,6.2330617095
2822,6.782608,6.2299625843
2823,6.779635,6.2268402938
2824,6.775803,6.2236994148
2825,6.771149,6.2205445371
2826,6.765727,6.2173801437
2827,6.75961,6.2142105087
2828,6.752884,6.2110395814
2829,6.745648,6.2078709006
2830,6.738011,6.2047075059
2831,6.730093,6.2015518639
2832,6.722018,6.1984057857
2833,6.713915,6.1952703832
2834,6.705918,6.1921460181
2835,6.698156,6.1890322485
2836,6.690759,6.1859278354
2837,6.683851,6.1828307117
2838,6.677549,6.1797379938
2839,6.671956,6.176646
2840,6.667163,6.1735503125
2841,6.663244,6.1704458302
2842,6.660251,6.1673268544
2843,6.65821,6.1641872102
2844,6.657124,6.1610203974
2845,6.656965,6.157819729
2846,6.657673,6.154578526
2847,6.659159,6.1512903268
2848,6.661303,6.1479490855
2849,6.663959,6.1445493907
2850,6.666953,6.14108666
2851,6.670096,6.1375573557
2852,6.673184,6.1339591216
2853,6.676009,6.1302909252
2854,6.678365,6.1265531301
2855,6.680059,6.122747531
2856,6.680916,6.1188773125
2857,6.680791,6.114946972
2858,6.679574,6.1109621549
2859,6.677195,6.1069294468
2860,6.673631,6.1028561214
2861,6.668904,6.0987498273
2862,6.663085,6.0946182754
2863,6.656288,6.0904688832
2864,6.64867,6.0863084485
2865,6.64042,6.0821428074
2866,6.631755,6.0779765597
2867,6.62291,6.073812812
2868,6.614128,6.0696529848
2869,6.605647,6.065496687
2870,6.597696,6.0613416846
2871,6.59048,6.0571838992
2872,6.584174,6.0530175234
2873,6.578915,6.048835189
2874,6.574797,6.0446282063
2875,6.571868,6.040386856
2876,6.570125,6.0361007177
2877,6.569517,6.0317590569
2878,6.569947,6.0273512049
2879,6.571271,6.0228669421
2880,6.573307,6.0182969083
2881,6.575841,6.013632958
2882,6.578634,6.0088684831
2883,6.581429,6.0039986923
2884,6.583964,5.9990208448
2885,6.585979,5.9939343826
2886,6.58723,5.9887410088
2887,6.587496,5.983444646
2888,6.586594,5.9780513304
2889,6.584386,5.972568964
2890,6.580787,5.9670069909
2891,6.575776,5.9613759817
2892,6.569402,5.9556870926
2893,6.561779,5.9499514393
2894,6.553098,5.9441794811
2895,6.543612,5.9383802571
2896,6.533637,5.9325607212
2897,6.523538,5.9267250291
2898,6.513716,5.9208739216
2899,6.504589,5.915004198
2900,6.496578,5.90910835
2901,6.490076,5.9031743131
2902,6.485437,5.8971855204
2903,6.48295,5.8911210722
2904,6.482818,5.8849561875
2905,6.485151,5.8786629053
2906,6.489948,5.8722109043
2907,6.497095,5.8655685699
2908,6.506368,5.8587041522
2909,6.517436,5.851586967
2910,6.529876,5.8441886444
2911,6.543189,5.8364842921
2912,6.556822,5.8284535568
2913,6.570193,5.8200815057
2914,6.582711,5.8113592791
2915,6.593807,5.8022845529
2916,6.602955,5.7928616667
2917,6.609692,5.783101506
2918,6.613642,5.7730211341
2919,6.614526,5.7626430988
2920,6.612178,5.7519945625
2921,6.60655,5.7411061646
2922,6.597718,5.7300107308
2923,6.585875,5.7187418052
2924,6.571336,5.7073321579
2925,6.55452,5.6958121067
2926,6.535943,5.6842079459
2927,6.516198,5.6725403425
2928,6.495941,5.660822875
2929,6.475862,5.6490606479
2930,6.456666,5.6372492
2931,6.439045,5.6253735942
2932,6.423648,5.6134078382
2933,6.41106,5.6013147015
2934,6.40177,5.5890458333
2935,6.396151,5.5765423846
2936,6.394437,5.563736
2937,6.396708,5.5505502698
2938,6.402877,5.5369025645
2939,6.412686,5.5227062623
2940,6.425706,5.5078732667
2941,6.441344,5.4923167797
2942,6.458853,5.4759542414
2943,6.47735,5.4587104035
2944,6.495835,5.4405204107
2945,6.513219,5.4213328727
2946,6.528341,5.4011127593
2947,6.540005,5.3798443019
2948,6.546998,5.3575335192
2949,6.548122,5.3342106863
2950,6.542215,5.30993246
2951,6.528179,5.2847838367
2952,6.504999,5.2588797708
2953,6.471767,5.2323665957
2954,6.427696,5.2054231087
2955,6.372141,5.1782614889
2956,6.304614,5.1511278636
2957,6.224794,5.1243026047
2958,6.132539,5.0981004286
2959,6.027898,5.0728702195
2960,5.91111,5.048994525
2961,5.782613,5.026889
2962,5.643041,5.0070015263
2963,5.493215,4.9898112703
2964,5.334128,4.9758278333
2965,5.166923,4.9655906857
2966,4.992842,4.9596691471
2967,4.813159,4.9586639091
2968,4.629063,4.9632109375
2969,4.441467,4.9739899032
2970,4.250697,4.9917406667
2971,4.055946,5.0172938966
2972,3.854281,5.05162775
2973,3.638668,5.0959739259
2974,3.393579,5.1520241538
2975,3.083396,5.22236196
2976,2.612432,5.3114855417
2977,1.571911,5.4288356957
2978,1.571911,5.6041504545
2979,1.571911,5.7961618571
2980,10.653945,6.0073744
2981,6.851856,5.7628180526
2982,6.009284,5.7023159444
2983,5.669909,5.684259
2984,5.517658,5.685155875
2985,5.457109,5.6963224
2986,5.447988,5.7134090714
2987,5.469547,5.7338260769
2988,5.509545,5.7558493333
2989,5.560025,5.7782406364
2990,5.615441,5.8000622
2991,5.671725,5.8205756667
2992,5.725773,5.839182
2993,5.775145,5.8553832857
2994,5.81787,5.8687563333
2995,5.852312,5.8789336
2996,5.877076,5.885589
2997,5.890935,5.8884266667
2998,5.892778,5.8871725
2999,5.881567,5.881567
