0,0,0
1,0,0.0102047389
2,0,0.0204021628
3,0,0.0305930323
4,0,0.0407781121
5,0,0.0509581613
6,0,0.0611339232
7,0,0.0713061229
8,0,0.0814754547
9,0,0.0916425791
10,0,0.1018081152
11,0,0.1119726344
12,0,0.1221366528
13,0,0.1323006298
14,0,0.1424649616
15,0,0.1526299785
16,0,0.1627959416
17,0,0.1729630399
18,0,0.1831313886
19,0,0.1933010276
20,0,0.2034719217
21,0,0.2136439601
22,0,0.223816957
23,0,0.2339906544
24,0,0.244164722
25,0,0.2543387588
26,0,0.2645123011
27,0,0.2746848203
28,0,0.2848557296
29,0,0.2950243917
30,0,0.3051901167
31,0,0.3153521751
32,0,0.3255098003
33,0,0.3356621935
34,0,0.3458085376
35,0,0.3559479969
36,0,0.3660797281
37,0,0.3762028879
38,0,0.3863166436
39,0,0.3964201782
40,0,0.4065126989
41,0,0.4165934501
42,0,0.4266617158
43,0,0.436716831
44,0,0.4467581935
45,0,0.4567852642
46,0,0.4667975822
47,0,0.476794765
48,0,0.4867765207
49,0,0.4967426498
50,0,0.5066930522
51,0,0.5166277312
52,0,0.5265467957
53,0,0.5364504624
54,0,0.5463390568
55,0,0.5562130154
56,0,0.5660728817
57,0,0.5759193057
58,0,0.5857530384
59,0,0.5955749309
60,0,0.6053859232
61,0,0.615187043
62,0,0.6249793948
63,0,0.6347641551
64,0,0.6445425591
65,0,0.6543158925
66,0,0.6640854854
67,0,0.6738526974
68,0,0.6836189078
69,0,0.6933855084
70,0,0.7031538894
71,0,0.7129254347
72,0,0.7227015069
73,0,0.7324834409
74,0,0.7422725361
75,0,0.7520700492
76,0,0.7618771859
77,0,0.7716950952
78,0,0.7815248633
79,0,0.7913675115
80,0,0.8012239892
81,0,0.8110951736
82,0,0.8209818633
83,0,0.8308847803
84,0,0.8408045653
85,0,0.8507417773
86,0,0.8606968925
87,0,0.8706703026
88,0,0.8806623164
89,0,0.8906731536
90,0,0.9007029493
91,0,0.9107517496
92,0,0.9208195084
93,0,0.9309060891
94,0,0.9410112596
95,0,0.9511346912
96,0,0.9612759539
97,0,0.9714345115
98,0,0.981609722
99,0,0.9918008264
100,0,1.0020069524
101,0,1.0122270998
102,0,1.0224601398
103,0,1.0327048095
104,0,1.0429597005
105,0,1.0532232581
106,0,1.063493768
107,0,1.0737693518
108,0,1.0840479539
109,0,1.0943273349
110,0,1.1046050584
111,0,1.1148784808
112,0,1.1251447327
113,0,1.1354007035
114,0,1.1456430215
115,0,1.1558680292
116,0,1.1660717496
117,0,1.176249851
118,0,1.1863975991
119,0,1.1965097972
120,0,1.2065807112
121,0,1.2166039662
122,0,1.226572424
123,0,1.2364780077
124,0,1.2463114731
125,0,1.2560620998
126,0,1.265717255
127,0,1.2752617834
128,0,1.2846771183
129,0,1.2939399462
130,0,1.303020149
131,0,1.3118774608
132,0,1.3204557588
133,0,1.3286725745
134,0,1.336397894
135,0,1.3434047727
136,0,1.3492229017
137,0,1.3523331828
138,0,1.3554434639
139,0,1.358553745
140,0,1.3616640261
141,0,1.3848092028
142,0,1.4018067696
143,0,1.416670278
144,0,1.4304064009
145,0,1.4434297005
146,0,1.4559528402
147,0,1.468099937
148,0,1.4799499739
149,0,1.4915564808
150,0,1.5029575484
151,0,1.5141813748
152,0,1.5252495469
153,0,1.5361790768
154,0,1.5469837296
155,0,1.5576749155
156,0,1.5682623011
157,0,1.5787542504
158,0,1.5891581352
159,0,1.5994805699
160,0,1.6097275837
161,0,1.6199047465
162,0,1.6300172704
163,0,1.6400700783
164,0,1.6500678664
165,0,1.6600151382
166,0,1.6699162427
167,0,1.6797753917
168,0,1.6895966743
169,0,1.6993840707
170,0,1.7091414531
171,0,1.7188725914
172,0,1.7285811475
173,0,1.7382706759
174,0,1.7479446175
175,0,1.7576062934
176,0,1.7672588986
177,0,1.7769054946
178,0,1.7865490015
179,0,1.796192192
180,0,1.8058376836
181,0,1.8154879339
182,0,1.825145232
183,0,1.8348116959
184,0,1.8444892673
185,0,1.8541797097
186,0,1.8638846068
187,0,1.873605361
188,0,1.883343192
189,0,1.8930991398
190,0,1.9028740676
191,0,1.9126686636
192,0,1.9224834455
193,0,1.9323187665
194,0,1.9421748187
195,0,1.9520516421
196,0,1.9619491336
197,0,1.9718670492
198,0,1.9818050169
199,0,1.9917625453
200,0,2.0017390323
201,0,2.0117337742
202,0,2.021745977
203,0,2.0317747619
204,0,2.0418191843
205,0,2.051878235
206,0,2.0619508571
207,0,2.0720359508
208,0,2.0821323886
209,0,2.092239023
210,0,2.1023546959
211,0,2.1124782488
212,0,2.1226085346
213,0,2.1327444209
214,0,2.1428848065
215,0,2.1530286221
216,0,2.1631748464
217,0,2.1733225054
218,0,2.1834706851
219,0,2.1936185376
220,0,2.2037652857
221,0,2.2139102273
222,0,2.2240527419
223,0,2.2341922965
224,0,2.2443284439
225,0,2.254460831
226,0,2.2645891951
227,0,2.2747133687
228,0,2.2848332796
229,0,2.2949489478
230,0,2.3050604869
231,0,2.3151680998
232,0,2.3252720753
233,0,2.3353727834
234,0,2.3454706759
235,0,2.3555662719
236,0,2.3656601582
237,0,2.37575298
238,0,2.3858454316
239,0,2.3959382535
240,0,2.4060322166
241,0,2.4161281183
242,0,2.4262267742
243,0,2.4363290031
244,0,2.4464356237
245,0,2.4565474424
246,0,2.4666652458
247,0,2.4767897896
248,0,2.4869217926
249,0,2.4970619293
250,0,2.5072108218
251,0,2.5173690323
252,0,2.5275370599
253,0,2.5377153364
254,0,2.5479042166
255,0,2.5581039816
256,0,2.5683148326
257,0,2.5785368925
258,0,2.5887702058
259,0,2.5990147343
260,0,2.6092703641
261,0,2.6195369048
262,0,2.6298140922
263,0,2.640101596
264,0,2.6503990184
265,0,2.6607059032
266,0,2.6710217404
267,0,2.6813459693
268,0,2.6916779892
269,0,2.7020171644
270,0,2.712362828
271,0,2.7227142903
272,0,2.7330708495
273,0,2.7434317926
274,0,2.7537964055
275,0,2.7641639785
276,0,2.7745338126
277,0,2.7849052258
278,0,2.7952775591
279,0,2.8056501813
280,0,2.8160224946
281,0,2.8263939386
282,0,2.8367639939
283,0,2.8471321874
284,0,2.8574980937
285,0,2.8678613379
286,0,2.8782216006
287,0,2.8885786144
288,0,2.898932169
289,0,2.9092821121
290,0,2.9196283472
291,0,2.9299708356
292,0,2.9403095945
293,0,2.9506446959
294,0,2.9609762657
295,0,2.9713044839
296,0,2.9816295791
297,0,2.9919518264
298,0,3.0022715499
299,0,3.0125891121
300,0,3.0229049155
301,0,3.0332194009
302,0,3.0435330369
303,0,3.0538463241
304,0,3.064159788
305,0,3.0744739724
306,0,3.0847894393
307,0,3.095106765
308,0,3.1054265315
309,0,3.1157493272
310,0,3.1260757404
311,0,3.1364063564
312,0,3.1467417527
313,0,3.1570824946
314,0,3.1674291321
315,0,3.1777821951
316,0,3.1881421905
317,0,3.1985095991
318,0,3.208884871
319,0,3.2192684224
320,0,3.2296606329
321,0,3.2400618418
322,0,3.2504723456
323,0,3.2608923978
324,0,3.2713222043
325,0,3.2817619217
326,0,3.2922116559
327,0,3.3026714608
328,0,3.3131413364
329,0,3.323621232
330,0,3.334111043
331,0,3.3446106083
332,0,3.3551197174
333,0,3.3656381045
334,0,3.3761654562
335,0,3.3867014071
336,0,3.3972455469
337,0,3.4077974209
338,0,3.418356533
339,0,3.4289223487
340,0,3.4394942965
341,0,3.4500717773
342,0,3.4606541644
343,0,3.4712408095
344,0,3.4818310461
345,0,3.4924241951
346,0,3.5030195714
347,0,3.5136164854
348,0,3.5242142519
349,0,3.534812192
350,0,3.5454096421
351,0,3.556005957
352,0,3.5666005115
353,0,3.5771927112
354,0,3.5877819908
355,0,3.5983678249
356,0,3.6089497266
357,0,3.6195272519
358,0,3.6301000046
359,0,3.6406676375
360,0,3.6512298541
361,0,3.6617864117
362,0,3.6723371229
363,0,3.6828818525
364,0,3.6934205223
365,0,3.7039531091
366,0,3.7144796421
367,0,3.7250002043
368,0,3.7355149278
369,0,3.7460239939
370,0,3.7565276313
371,0,3.7670261091
372,0,3.7775197358
373,0,3.7880088587
374,0,3.7984938541
375,0,3.8089751275
376,0,3.8194531091
377,0,3.8299282473
378,0,3.8404010077
379,0,3.8508718648
380,0,3.8613413011
381,0,3.8718097988
382,0,3.8822778418
383,0,3.8927459063
384,0,3.9032144578
385,0,3.9136839508
386,0,3.9241548187
387,0,3.9346274777
388,0,3.9451023195
389,0,3.9555797066
390,0,3.9660599754
391,0,3.9765434301
392,0,3.9870303379
393,0,3.9975209339
394,0,4.0080154117
395,0,4.0185139278
396,0,4.0290165975
397,0,4.0395234946
398,0,4.0500346482
399,0,4.0605500476
400,0,4.0710696359
401,0,4.0815933149
402,0,4.0921209401
403,0,4.1026523257
404,0,4.1131872442
405,0,4.123725424
406,0,4.134266553
407,0,4.1448102826
408,0,4.1553562243
409,0,4.1659039539
410,0,4.1764530154
411,0,4.1870029201
412,0,4.1975531536
413,0,4.2081031736
414,0,4.2186524163
415,0,4.2292002995
416,0,4.2397462258
417,0,4.2502895883
418,0,4.2608297696
419,0,4.2713661505
420,0,4.2818981137
421,0,4.2924250461
422,0,4.3029463456
423,0,4.313461424
424,0,4.3239697127
425,0,4.3344706636
426,0,4.3449637558
427,0,4.3554485008
428,0,4.3659244455
429,0,4.376391172
430,0,4.3868483088
431,0,4.3972955238
432,0,4.4077325376
433,0,4.4181591167
434,0,4.4285750829
435,0,4.4389803072
436,0,4.4493747189
437,0,4.4597583011
438,0,4.4701310906
439,0,4.4804931828
440,0,4.490844725
441,0,4.5011859201
442,0,4.5115170215
443,0,4.5218383333
444,0,4.5321502089
445,0,4.5424530461
446,0,4.5527472842
447,0,4.563033404
448,0,4.5733119201
449,0,4.5835833794
450,0,4.5938483579
451,0,4.6041074531
452,0,4.6143612842
453,0,4.6246104839
454,0,4.6348556959
455,0,4.6450975684
456,0,4.6553367527
457,0,4.6655738971
458,0,4.6758096406
459,0,4.6860446098
460,0,4.6962794178
461,0,4.7065146544
462,0,4.7167508863
463,0,4.7269886498
464,0,4.7372284516
465,0,4.7474707604
466,0,4.7577160077
467,0,4.7679645853
468,0,4.7782168372
469,0,4.788473063
470,0,4.7987335146
471,0,4.8089983917
472,0,4.8192678433
473,0,4.8295419662
474,0,4.8398208034
475,0,4.8501043441
476,0,4.8603925238
477,0,4.8706852258
478,0,4.8809822765
479,0,4.8912834547
480,0,4.9015884869
481,0,4.9118970492
482,0,4.9222087711
483,0,4.9325232381
484,0,4.9428399923
485,0,4.9531585346
486,0,4.9634783287
487,0,4.9737988049
488,0,4.9841193625
489,0,4.9944393733
490,0,5.0047581828
491,0,5.0150751183
492,0,5.02538949
493,0,5.0357005929
494,0,5.0460077143
495,0,5.0563101336
496,0,5.0666071321
497,0,5.0768979892
498,0,5.0871819923
499,0,5.0974584363
500,0,5.1077266283
501,0,5.117985894
502,0,5.128235576
503,0,5.1384750415
504,0,5.1487036836
505,0,5.1589209217
506,0,5.1691262104
507,0,5.1793190369
508,0,5.1894989263
509,0,5.1996654424
510,0,5.2098181935
511,0,5.2199568326
512,0,5.2300810584
513,0,5.240190619
514,0,5.2502853134
515,0,5.2603649939
516,0,5.2704295653
517,0,5.2804789892
518,0,5.2905132857
519,0,5.3005325315
520,0,5.3105368633
521,0,5.3205264762
522,0,5.3305016267
523,0,5.3404626329
524,0,5.350409871
525,0,5.3603437773
526,0,5.3702648495
527,0,5.3801736406
528,0,5.3900707619
529,0,5.3999568786
530,0,5.4098327081
531,0,5.41969902
532,0,5.4295566283
533,0,5.4394063902
534,0,5.4492492028
535,0,5.4590859985
536,0,5.4689177404
537,0,5.4787454147
538,0,5.4885700276
539,0,5.4983925991
540,0,5.5082141551
541,0,5.518035725
542,0,5.5278583287
543,0,5.5376829739
544,0,5.5475106482
545,0,5.5573423134
546,0,5.5671788925
547,0,5.5770212688
548,0,5.586870275
549,0,5.5967266866
550,0,5.6065912181
551,0,5.61646451
552,0,5.6263471275
553,0,5.6362395545
554,0,5.6461421843
555,0,5.6560553164
556,0,5.6659791521
557,0,5.6759137911
558,0,5.6858592258
559,0,5.6958153395
560,0,5.7057819032
561,0,5.715758576
562,0,5.7257449032
563,0,5.7357403134
564,0,5.7457441229
565,0,5.7557555361
566,0,5.7657736452
567,0,5.7757974347
568,0,5.7858257865
569,0,5.7958574793
570,0,5.8058911982
571,0,5.8159255376
572,0,5.8259590077
573,0,5.8359900415
574,0,5.8460170031
575,0,5.856038192
576,0,5.8660518571
577,0,5.8760561982
578,0,5.8860493779
579,0,5.896029533
580,0,5.9059947803
581,0,5.9159432258
582,0,5.9258729724
583,0,5.9357821275
584,0,5.9456688126
585,0,5.9555311674
586,0,5.9653673518
587,0,5.9751755484
588,0,5.9849539631
589,0,5.9947008157
590,0,6.0044143318
591,0,6.0140927189
592,0,6.0237341321
593,0,6.0333366283
594,0,6.0428980829
595,0,6.0524160753
596,0,6.0618876974
597,0,6.0713092535
598,0,6.0806757512
599,0,6.0899800061
600,0,6.0992109278
601,0,6.1083499247
602,0,6.1173622611
603,0,6.1261714762
604,0,6.1345512842
605,0,6.1410023103
606,0,6.1542046743
607,0,6.1646813441
608,0,6.1746757481
609,0,6.1844611813
610,0,6.1941272028
611,0,6.203715232
612,0,6.2132485637
613,0,6.2227421613
614,0,6.2322066267
615,0,6.2416500599
616,0,6.2510790077
617,0,6.260499
618,0,6.2699148541
619,0,6.2793308633
620,0,6.2887509094
621,0,6.2981785392
622,0,6.3076170061
623,0,6.317069298
624,0,6.3265381582
625,0,6.3360260891
626,0,6.3455353641
627,0,6.355068023
628,0,6.3646258771
629,0,6.3742105069
630,0,6.3838232642
631,0,6.3934652688
632,0,6.4031374101
633,0,6.4128403518
634,0,6.4225745284
635,0,6.4323401536
636,0,6.4421372212
637,0,6.4519655161
638,0,6.4618246144
639,0,6.4717138971
640,0,6.4816325561
641,0,6.4915796037
642,0,6.5015538879
643,0,6.5115540983
644,0,6.5215787834
645,0,6.5316263625
646,0,6.5416951413
647,0,6.5517833257
648,0,6.5618890353
649,0,6.5720103241
650,0,6.5821451905
651,6.643285,6.5922915991
652,6.638523,6.5922427542
653,6.634256,6.5922086513
654,6.630487,6.5921864854
655,6.627212,6.5921734731
656,6.624421,6.5921668833
657,6.622102,6.5921640614
658,6.620235,6.5921624455
659,6.618798,6.5921595929
660,6.617764,6.5921531966
661,6.617102,6.5921411045
662,6.616776,6.5921213395
663,6.616749,6.5920921106
664,6.61698,6.5920518295
665,6.617426,6.5919991198
666,6.618042,6.5919328295
667,6.618781,6.5918520307
668,6.619595,6.5917560353
669,6.620435,6.5916443886
670,6.621252,6.591516874
671,6.621997,6.59137351
672,6.622621,6.5912145469
673,6.623077,6.5910404578
674,6.623318,6.5908519309
675,6.623298,6.5906498618
676,6.622976,6.590435341
677,6.62231,6.5902096329
678,6.621262,6.589974169
679,6.619799,6.5897305269
680,6.617887,6.5894804086
681,6.6155,6.5892256313
682,6.612614,6.5889680998
683,6.609208,6.5887097865
684,6.60527,6.5884527158
685,6.600788,6.588198937
686,6.595757,6.5879505115
687,6.590177,6.5877094885
688,6.584055,6.5874778863
689,6.577401,6.5872576743
690,6.570231,6.5870507527
691,6.562569,6.5868589416
692,6.554441,6.5866839601
693,6.54588,6.5865274163
694,6.536927,6.5863907926
695,6.527623,6.5862754301
696,6.518019,6.58618253
697,6.508166,6.5861131336
698,6.498123,6.5860681244
699,6.48795,6.5860482181
700,6.477712,6.5860539601
701,6.467476,6.5860857235
702,6.457311,6.5861437097
703,6.447287,6.5862279508
704,6.437475,6.5863383088
705,6.427947,6.5864744823
706,6.418773,6.5866360108
707,6.410022,6.5868222811
708,6.40176,6.5870325346
709,6.394052,6.5872658786
710,6.386956,6.5875212934
711,6.380529,6.5877976467
712,6.374821,6.5880936989
713,6.369879,6.5884081229
714,6.365741,6.5887395069
715,6.36244,6.5890863763
716,6.360005,6.5894472028
717,6.358455,6.5898204132
718,6.357803,6.5902044086
719,6.358057,6.5905975745
720,6.359216,6.5909982888
721,6.361276,6.5914049401
722,6.364223,6.5918159309
723,6.368039,6.5922296943
724,6.372701,6.5926446989
725,6.378181,6.5930594593
726,6.384446,6.5934725407
727,6.391459,6.5938825668
728,6.399179,6.5942882258
729,6.407564,6.594688278
730,6.416567,6.5950815515
731,6.426141,6.5954669539
732,6.436235,6.5958434685
733,6.446799,6.5962101628
734,6.45778,6.5965661813
735,6.469125,6.5969107542
736,6.48078,6.5972431951
737,6.49269,6.5975629002
738,6.504801,6.5978693518
739,6.517055,6.5981621167
740,6.529397,6.598440851
741,6.541769,6.5987052934
742,6.554111,6.598955275
743,6.566364,6.5991907174
744,6.578466,6.5994116329
745,6.590354,6.5996181321
746,6.601962,6.5998104209
747,6.613221,6.599988808
748,6.624062,6.6001537127
749,6.634409,6.600305659
750,6.644188,6.6004452903
751,6.653316,6.6005733687
752,6.661709,6.6006907849
753,6.66928,6.6007985637
754,6.675934,6.6008978679
755,6.681576,6.6009900092
756,6.686102,6.6010764516
757,6.689405,6.6011588218
758,6.69137,6.6012389155
759,6.691877,6.6013187143
760,6.690798,6.6014003856
761,6.687998,6.6014863026
762,6.68333,6.6015790492
763,6.676637,6.6016814424
764,6.667749,6.6017965453
765,6.65648,6.6019276897
766,6.642622,6.6020784977
767,6.625944,6.6022529186
768,6.606184,6.6024552627
769,6.583041,6.6026902488
770,6.556165,6.6029630645
771,6.525139,6.6032794409
772,6.489466,6.6036457558
773,6.448535,6.6040691582
774,6.401586,6.6045577404
775,6.347658,6.6051207696
776,6.285506,6.6057689923
777,6.213488,6.6065150768
778,6.129383,6.6073742181
779,6.030101,6.6083650276
780,5.911212,6.6095108664
781,5.76611,6.6108419078
782,5.584472,6.6123984762
783,5.349147,6.6142367558
784,5.029183,6.616439278
785,4.561478,6.6191361229
786,3.787602,6.6225543011
787,2.024793,6.6271641889
788,2.024793,6.6344849493
789,2.024793,6.6418087988
790,2.024793,6.6491357988
791,15.06751,6.6564660046
792,11.065416,6.6437645714
793,9.676144,6.6372140492
794,8.942216,6.6328009217
795,8.478168,6.6295185438
796,8.152564,6.6269523687
797,7.90776,6.6248897373
798,7.714374,6.6232065238
799,7.555836,6.6218237235
800,7.422095,6.6206877711
801,7.306711,6.6197605238
802,7.20538,6.6190137158
803,7.115124,6.6184256759
804,7.033829,6.6179792919
805,6.959962,6.617660682
806,6.892388,6.6174583041
807,6.830259,6.6173623425
808,6.772929,6.6173642688
809,6.719905,6.617456533
810,6.670806,6.6176323287
811,6.625333,6.617885424
812,6.583253,6.6182100338
813,6.544378,6.6186007235
814,6.50856,6.6190523395
815,6.475674,6.6195599524
816,6.445619,6.6201188218
817,6.418306,6.620724361
818,6.393655,6.6213721214
819,6.371595,6.6220577849
820,6.352056,6.6227771475
821,6.334971,6.6235261229
822,6.32027,6.6243007389
823,6.307883,6.6250971475
824,6.297736,6.6259116221
825,6.289751,6.6267405714
826,6.283846,6.6275805438
827,6.279934,6.6284282366
828,6.277923,6.6292805023
829,6.277717,6.6301343641
830,6.279215,6.6309870154
831,6.282313,6.6318358326
832,6.286901,6.6326783779
833,6.292868,6.6335124117
834,6.300099,6.6343358894
835,6.308478,6.6351469677
836,6.317888,6.6359440061
837,6.328211,6.6367255684
838,6.339328,6.6374904163
839,6.351122,6.6382375177
840,6.363478,6.6389660307
841,6.376282,6.6396753072
842,6.389423,6.6403648817
843,6.402794,6.6410344685
844,6.41629,6.6416839478
845,6.429812,6.642313361
846,6.443267,6.6429229002
847,6.456563,6.6435128925
848,6.469617,6.6440837957
849,6.482351,6.6446361828
850,6.494693,6.6451707312
851,6.506577,6.6456882074
852,6.517944,6.6461894578
853,6.528739,6.6466753963
854,6.538919,6.6471469954
855,6.548442,6.6476052627
856,6.557277,6.6480512442
857,6.565396,6.6484860015
858,6.572781,6.6489106068
859,6.579419,6.6493261306
860,6.585303,6.6497336313
861,6.590433,6.6501341475
862,6.594816,6.6505286882
863,6.598462,6.6509182212
864,6.601391,6.6513036728
865,6.603624,6.6516859109
866,6.605192,6.6520657496
867,6.606126,6.6524439309
868,6.606465,6.6528211321
869,6.606252,6.6531979539
870,6.605533,6.653574914
871,6.604357,6.6539524501
872,6.602777,6.6543309155
873,6.60085,6.6547105745
874,6.598632,6.6550916006
875,6.596184,6.6554740799
876,6.593565,6.6558580077
877,6.590837,6.6562432919
878,6.588062,6.6566297527
879,6.5853,6.6570171229
880,6.582612,6.6574050538
881,6.580056,6.6577931167
882,6.577688,6.658180808
883,6.575561,6.6585675545
884,6.573728,6.6589527204
885,6.572233,6.6593356052
886,6.57112,6.6597154639
887,6.570427,6.6600915038
888,6.570186,6.6604628971
889,6.570427,6.660828788
890,6.57117,6.661188298
891,6.572432,6.6615405438
892,6.574225,6.6618846375
893,6.576551,6.6622196959
894,6.57941,6.6625448587
895,6.582794,6.6628592888
896,6.58669,6.6631621828
897,6.591078,6.6634527803
898,6.595934,6.6637303733
899,6.601229,6.6639943118
900,6.606929,6.6642440092
901,6.612995,6.6644789508
902,6.619386,6.6646987005
903,6.626058,6.6649028986
904,6.632961,6.6650912688
905,6.640047,6.6652636252
906,6.647264,6.6654198664
907,6.654561,6.6655599785
908,6.661887,6.6656840369
909,6.669188,6.6657921982
910,6.676415,6.6658847081
911,6.683518,6.6659618863
912,6.690449,6.6660241306
913,6.697165,6.6660719094
914,6.703622,6.6661057542
915,6.709782,6.6661262565
916,6.71561,6.6661340568
917,6.721073,6.6661298402
918,6.726145,6.6661143303
919,6.730803,6.666088278
920,6.735027,6.6660524531
921,6.738802,6.6660076421
922,6.74212,6.6659546344
923,6.744974,6.6658942151
924,6.747363,6.6658271613
925,6.74929,6.6657542304
926,6.750762,6.6656761551
927,6.75179,6.665593639
928,6.752389,6.6655073487
929,6.752577,6.6654179048
930,6.752376,6.6653258848
931,6.75181,6.6652318111
932,6.750906,6.6651361505
933,6.749694,6.6650393149
934,6.748205,6.6649416498
935,6.746472,6.6648434409
936,6.744531,6.6647449094
937,6.742416,6.6646462089
938,6.740164,6.6645474301
939,6.737813,6.6644485975
940,6.735399,6.6643496697
941,6.73296,6.6642505438
942,6.730532,6.6641510538
943,6.728151,6.6640509754
944,6.725852,6.6639500261
945,6.72367,6.6638478694
946,6.721637,6.6637441167
947,6.719783,6.6636383318
948,6.71814,6.6635300338
949,6.716733,6.6634186989
950,6.715588,6.6633037665
951,6.71473,6.6631846436
952,6.714177,6.6630607051
953,6.71395,6.6629313041
954,6.714065,6.6627957696
955,6.714534,6.6626534117
956,6.715369,6.6625035315
957,6.716579,6.6623454194
958,6.718168,6.6621783625
959,6.72014,6.6620016482
960,6.722495,6.6618145684
961,6.725231,6.6616164255
962,6.728343,6.661406533
963,6.731823,6.6611842258
964,6.735661,6.6609488618
965,6.739844,6.6606998249
966,6.744357,6.660436533
967,6.749183,6.6601584409
968,6.754302,6.6598650445
969,6.759692,6.6595558879
970,6.765329,6.6592305653
971,6.771187,6.6588887266
972,6.777238,6.6585300829
973,6.783454,6.6581544101
974,6.789804,6.6577615499
975,6.796256,6.6573514194
976,6.802777,6.6569240077
977,6.809333,6.6564793856
978,6.815889,6.6560177051
979,6.822412,6.6555392028
980,6.828867,6.6550441966
981,6.835217,6.6545330906
982,6.84143,6.654006381
983,6.84747,6.6534646421
984,6.853306,6.6529085392
985,6.858904,6.6523388141
986,6.864235,6.6517562934
987,6.86927,6.651161874
988,6.873982,6.6505565253
989,6.878346,6.649941278
990,6.882338,6.6493172227
991,6.88594,6.6486855023
992,6.889134,6.648047298
993,6.891906,6.6474038218
994,6.894244,6.6467563103
995,6.89614,6.6461060108
996,6.89759,6.6454541705
997,6.898591,6.6448020246
998,6.899146,6.6441507865
999,6.899259,6.6435016344
1000,6.89894,6.6428557005
1001,6.898201,6.6422140553
1002,6.897055,6.6415777005
1003,6.895522,6.6409475607
1004,6.893621,6.6403244654
1005,6.891378,6.6397091459
1006,6.888818,6.6391022227
1007,6.885969,6.6385042012
1008,6.882862,6.6379154639
1009,6.879529,6.6373362657
1010,6.876003,6.6367667327
1011,6.872319,6.6362068556
1012,6.868513,6.6356564931
1013,6.864619,6.6351153687
1014,6.860674,6.6345830783
1015,6.856714,6.6340590891
1016,6.852773,6.6335427481
1017,6.848886,6.6330332888
1018,6.845085,6.6325298372
1019,6.841402,6.6320314224
1020,6.837868,6.6315369892
1021,6.834509,6.6310454025
1022,6.831351,6.6305554685
1023,6.828419,6.6300659432
1024,6.825732,6.6295755438
1025,6.823309,6.6290829677
1026,6.821166,6.6285869017
1027,6.819315,6.6280860399
1028,6.817767,6.6275790952
1029,6.816528,6.6270648126
1030,6.815603,6.6265419862
1031,6.814992,6.6260094685
1032,6.814696,6.6254661843
1033,6.81471,6.6249111382
1034,6.815027,6.6243434286
1035,6.81564,6.623762255
1036,6.816535,6.6231669232
1037,6.817701,6.6225568587
1038,6.819122,6.6219316022
1039,6.820779,6.6212908172
1040,6.822655,6.620634298
1041,6.824729,6.6199619585
1042,6.826977,6.6192738402
1043,6.829378,6.6185701106
1044,6.831905,6.6178510507
1045,6.834534,6.6171170584
1046,6.837238,6.616368639
1047,6.83999,6.6156063948
1048,6.842761,6.61483102
1049,6.845525,6.6140432919
1050,6.848252,6.6132440492
1051,6.850915,6.6124341935
1052,6.853484,6.6116146621
1053,6.855932,6.6107864209
1054,6.858232,6.6099504455
1055,6.860355,6.6091076974
1056,6.862275,6.6082591091
1057,6.863968,6.607405553
1058,6.865408,6.6065478111
1059,6.866572,6.6056865392
1060,6.867439,6.6048222151
1061,6.867988,6.6039550676
1062,6.868202,6.6030849846
1063,6.868063,6.602211361
1064,6.867557,6.6013328771
1065,6.866672,6.6004471075
1066,6.865398,6.5995498264
1067,6.863729,6.5986336375
1068,6.861658,6.5976849432
1069,6.859184,6.5966760522
1070,6.856308,6.5955385776
1071,6.853033,6.5940168049
1072,6.849366,6.592500063
1073,6.845316,6.5929075207
1074,6.840896,6.5927697849
1075,6.836119,6.5924768249
1076,6.831003,6.5921175131
1077,6.825569,6.5917262888
1078,6.81984,6.5913201137
1079,6.813839,6.5909085883
1080,6.807596,6.5904976559
1081,6.801137,6.5900912104
1082,6.794496,6.5896919109
1083,6.787703,6.5893016052
1084,6.780794,6.5889215883
1085,6.773801,6.5885527527
1086,6.766762,6.5881956959
1087,6.759712,6.5878507788
1088,6.752686,6.5875181782
1089,6.745722,6.5871979201
1090,6.738854,6.5868899017
1091,6.732118,6.5865939155
1092,6.725547,6.5863096559
1093,6.719174,6.5860367404
1094,6.713031,6.5857747112
1095,6.707147,6.5855230492
1096,6.701549,6.5852811767
1097,6.696264,6.585048467
1098,6.691314,6.5848242473
1099,6.68672,6.5846078065
1100,6.682501,6.5843983994
1101,6.678671,6.5841952488
1102,6.675244,6.5839975545
1103,6.672229,6.5838044962
1104,6.669633,6.5836152381
1105,6.667459,6.5834289339
1106,6.665709,6.5832447327
1107,6.664381,6.5830617819
1108,6.663469,6.5828792335
1109,6.662965,6.5826962504
1110,6.66286,6.5825120123
1111,6.663139,6.5823257158
1112,6.663787,6.5821365868
1113,6.664784,6.5819438802
1114,6.666111,6.5817468925
1115,6.667743,6.5815449585
1116,6.669656,6.5813374639
1117,6.671824,6.5811238464
1118,6.674216,6.5809035975
1119,6.676803,6.580676278
1120,6.679554,6.5804415131
1121,6.682435,6.5801989954
1122,6.685413,6.5799484977
1123,6.688454,6.5796898679
1124,6.691523,6.5794230353
1125,6.694585,6.5791480123
1126,6.697605,6.578864894
1127,6.700549,6.5785738648
1128,6.70338,6.578275192
1129,6.706067,6.577969235
1130,6.708576,6.5776564347
1131,6.710874,6.5773373164
1132,6.712931,6.5770124916
1133,6.714718,6.5766826513
1134,6.716207,6.5763485622
1135,6.717371,6.5760110676
1136,6.718186,6.5756710783
1137,6.71863,6.5753295699
1138,6.718683,6.5749875791
1139,6.718327,6.5746461951
1140,6.717545,6.574306553
1141,6.716325,6.5739698326
1142,6.714656,6.5736372427
1143,6.712528,6.57331002
1144,6.709936,6.5729894224
1145,6.706875,6.5726767143
1146,6.703346,6.5723731674
1147,6.699348,6.5720800415
1148,6.694886,6.5717985899
1149,6.689965,6.5715300384
1150,6.684593,6.5712755868
1151,6.678782,6.5710363963
1152,6.672543,6.5708135806
1153,6.665892,6.5706082028
1154,6.658846,6.5704212642
1155,6.651422,6.5702536989
1156,6.643643,6.5701063733
1157,6.63553,6.5699800676
1158,6.627108,6.5698754823
1159,6.618402,6.5697932289
1160,6.609441,6.5697338264
1161,6.600254,6.5696976959
1162,6.590871,6.5696851598
1163,6.581324,6.5696964378
1164,6.571646,6.5697316498
1165,6.561872,6.5697908095
1166,6.552036,6.5698738295
1167,6.542175,6.5699805161
1168,6.532327,6.5701105776
1169,6.522529,6.570263619
1170,6.51282,6.5704391475
1171,6.503238,6.5706365776
1172,6.493823,6.5708552335
1173,6.484615,6.5710943518
1174,6.475652,6.571353086
1175,6.466973,6.5716305161
1176,6.458618,6.5719256513
1177,6.450623,6.5722374316
1178,6.443026,6.5725647435
1179,6.435862,6.5729064209
1180,6.429165,6.5732612535
1181,6.422969,6.5736279923
1182,6.417303,6.574005361
1183,6.412195,6.5743920599
1184,6.407671,6.5747867773
1185,6.403754,6.5751881935
1186,6.400464,6.5755949923
1187,6.397816,6.5760058664
1188,6.395823,6.5764195269
1189,6.394494,6.5768347112
1190,6.393833,6.5772501905
1191,6.393842,6.5776647773
1192,6.394515,6.5780773287
1193,6.395844,6.5784867619
1194,6.397816,6.5788920553
1195,6.400414,6.579292255
1196,6.403613,6.5796864823
1197,6.407387,6.5800739401
1198,6.411703,6.5804539171
1199,6.416524,6.5808257942
1200,6.42181,6.5811890476
1201,6.427513,6.5815432519
1202,6.433584,6.5818880876
1203,6.43997,6.5822233395
1204,6.446612,6.5825489002
1205,6.453449,6.5828647742
1206,6.460417,6.5831710783
1207,6.46745,6.5834680415
1208,6.474478,6.5837560061
1209,6.48143,6.584035427
1210,6.488233,6.584306871
1211,6.494814,6.5845710154
1212,6.501099,6.5848286467
1213,6.507012,6.5850806559
1214,6.51248,6.5853280384
1215,6.51743,6.5855718909
1216,6.521789,6.5858134025
1217,6.525487,6.5860538541
1218,6.528457,6.586294616
1219,6.530632,6.5865371352
1220,6.531951,6.586782937
1221,6.532355,6.5870336129
1222,6.531789,6.5872908187
1223,6.530203,6.5875562673
1224,6.527552,6.5878317158
1225,6.523794,6.5881189631
1226,6.518896,6.5884198433
1227,6.512826,6.588736212
1228,6.50556,6.5890699462
1229,6.497081,6.5894229309
1230,6.487376,6.5897970492
1231,6.476438,6.5901941797
1232,6.464265,6.5906161859
1233,6.45086,6.5910649109
1234,6.436232,6.5915421705
1235,6.420393,6.5920497465
1236,6.403356,6.592589384
1237,6.385136,6.593162788
1238,6.365748,6.5937716252
1239,6.345201,6.5944175269
1240,6.323499,6.5951020937
1241,6.30063,6.5958269124
1242,6.27656,6.5965935776
1243,6.251225,6.5974037266
1244,6.224507,6.5982590891
1245,6.196213,6.5991615714
1246,6.166026,6.6001133687
1247,6.133433,6.6011171628
1248,6.09759,6.6021764209
1249,6.05707,6.6032959048
1250,6.00933,6.6044825684
1251,5.949487,6.6057472719
1252,5.867031,6.6071083763
1253,5.734799,6.6086003886
1254,5.455255,6.6102995438
1255,4.199618,6.6124319017
1256,8.594739,6.6164966129
1257,6.820312,6.6138133379
1258,6.506357,6.6138588894
1259,6.370317,6.6143896221
1260,6.29258,6.6151320246
1261,6.241807,6.6159963257
1262,6.206199,6.6169408925
1263,6.180332,6.6179422197
1264,6.161367,6.6189851352
1265,6.147675,6.620058828
1266,6.138245,6.6211549892
1267,6.132415,6.6222668679
1268,6.129721,6.6233887266
1269,6.129822,6.6245155438
1270,6.13245,6.6256428249
1271,6.137387,6.6267664854
1272,6.144442,6.6278827803
1273,6.153442,6.6289882596
1274,6.164228,6.6300797435
1275,6.176643,6.6311542995
1276,6.190538,6.6322092442
1277,6.205761,6.633242126
1278,6.222163,6.6342507373
1279,6.239594,6.635233106
1280,6.257905,6.6361875008
1281,6.276945,6.6371124301
1282,6.296564,6.6380066452
1283,6.316615,6.6388691429
1284,6.336949,6.6396991598
1285,6.357422,6.6404961751
1286,6.377891,6.6412599078
1287,6.39822,6.6419903134
1288,6.418273,6.642687573
1289,6.437923,6.6433520952
1290,6.457047,6.6439845023
1291,6.475528,6.6445856221
1292,6.493259,6.6451564839
1293,6.510137,6.6456982965
1294,6.52607,6.6462124455
1295,6.540974,6.6467004731
1296,6.554775,6.6471640661
1297,6.567408,6.6476050369
1298,6.578817,6.6480253134
1299,6.588959,6.6484269171
1300,6.597798,6.6488119462
1301,6.605312,6.6491825607
1302,6.611487,6.649540957
1303,6.616322,6.6498893564
1304,6.619826,6.6502299816
1305,6.622016,6.6505650415
1306,6.622922,6.6508967112
1307,6.622584,6.6512271167
1308,6.62105,6.6515583134
1309,6.618378,6.6518922719
1310,6.614634,6.6522308618
1311,6.609892,6.6525758387
1312,6.604235,6.6529288295
1313,6.597748,6.653291318
1314,6.590526,6.653664639
1315,6.582666,6.6540499662
1316,6.574271,6.6544483026
1317,6.565442,6.6548604777
1318,6.556288,6.6552871459
1319,6.546913,6.6557287757
1320,6.537423,6.6561856559
1321,6.527922,6.6566578971
1322,6.518512,6.6571454332
1323,6.509289,6.657648023
1324,6.500346,6.6581652642
1325,6.491771,6.658696596
1326,6.483645,6.6592413088
1327,6.47604,6.6597985576
1328,6.469023,6.6603673779
1329,6.462651,6.6609466882
1330,6.456972,6.6615353149
1331,6.452027,6.6621320046
1332,6.447847,6.6627354332
1333,6.444452,6.6633442258
1334,6.441855,6.663956977
1335,6.44006,6.6645722565
1336,6.439063,6.6651886313
1337,6.438851,6.6658046759
1338,6.439404,6.6664189892
1339,6.440697,6.6670302028
1340,6.442695,6.6676369939
1341,6.445362,6.6682381014
1342,6.448656,6.6688323287
1343,6.452531,6.6694185499
1344,6.456938,6.6699957235
1345,6.461826,6.670562894
1346,6.467145,6.6711191966
1347,6.472842,6.6716638571
1348,6.478865,6.6721961982
1349,6.485164,6.6727156344
1350,6.491688,6.6732216743
1351,6.49839,6.6737139201
1352,6.505225,6.674192063
1353,6.512152,6.6746558771
1354,6.51913,6.6751052181
1355,6.526124,6.6755400184
1356,6.533102,6.6759602826
1357,6.540035,6.6763660753
1358,6.546897,6.6767575223
1359,6.553667,6.6771348034
1360,6.560327,6.6774981398
1361,6.566862,6.6778477942
1362,6.573259,6.6781840614
1363,6.579511,6.6785072642
1364,6.58561,6.6788177435
1365,6.591553,6.6791158556
1366,6.597338,6.6794019677
1367,6.602965,6.6796764501
1368,6.608436,6.6799396728
1369,6.613754,6.680192
1370,6.618922,6.680433788
1371,6.623946,6.6806653825
1372,6.628831,6.6808871121
1373,6.633583,6.6810992888
1374,6.638207,6.6813022012
1375,6.64271,6.6814961214
1376,6.647097,6.6816812949
1377,6.651373,6.6818579447
1378,6.655543,6.6820262673
1379,6.659613,6.6821864347
1380,6.663585,6.6823385929
1381,6.667464,6.6824828648
1382,6.671252,6.6826193441
1383,6.674953,6.6827481045
1384,6.678567,6.682869192
1385,6.682097,6.6829826344
1386,6.685544,6.6830884332
1387,6.688908,6.683186573
1388,6.69219,6.6832770169
1389,6.695391,6.6833597127
1390,6.698511,6.6834345914
1391,6.701549,6.6835015668
1392,6.704507,6.6835605422
1393,6.707384,6.6836114086
1394,6.71018,6.6836540476
1395,6.712897,6.6836883349
1396,6.715534,6.6837141352
1397,6.718092,6.6837313118
1398,6.720574,6.6837397281
1399,6.722979,6.6837392396
1400,6.725309,6.6837297097
1401,6.727567,6.6837110015
1402,6.729754,6.6836829831
1403,6.731873,6.6836455284
1404,6.733927,6.6835985192
1405,6.735918,6.6835418464
1406,6.73785,6.6834754117
1407,6.739725,6.6833991275
1408,6.741546,6.6833129217
1409,6.743319,6.6832167358
1410,6.745045,6.6831105253
1411,6.74673,6.6829942642
1412,6.748376,6.6828679386
1413,6.749988,6.6827315561
1414,6.751569,6.6825851382
1415,6.753124,6.682428725
1416,6.754656,6.6822623748
1417,6.75617,6.6820861598
1418,6.75767,6.681900169
1419,6.75916,6.6817045054
1420,6.760644,6.6814992873
1421,6.762126,6.6812846467
1422,6.76361,6.6810607266
1423,6.765101,6.680827679
1424,6.766602,6.6805856667
1425,6.768118,6.6803348602
1426,6.769651,6.6800754332
1427,6.771207,6.6798075668
1428,6.772789,6.6795314424
1429,6.7744,6.6792472442
1430,6.776042,6.6789551551
1431,6.77772,6.678655361
1432,6.779436,6.6783480384
1433,6.781192,6.6780333641
1434,6.782989,6.67771151
1435,6.784829,6.6773826452
1436,6.786712,6.6770469293
1437,6.788639,6.6767045177
1438,6.790608,6.6763555607
1439,6.792619,6.6760002028
1440,6.79467,6.6756385822
1441,6.796757,6.675270831
1442,6.798877,6.6748970783
1443,6.801026,6.6745174501
1444,6.803198,6.6741320676
1445,6.805388,6.6737410522
1446,6.807588,6.6733445223
1447,6.809791,6.672942596
1448,6.811988,6.6725353948
1449,6.814171,6.672123043
1450,6.816331,6.6717056636
1451,6.818457,6.6712833856
1452,6.820539,6.6708563425
1453,6.822566,6.6704246728
1454,6.824528,6.6699885192
1455,6.826414,6.6695480307
1456,6.828214,6.6691033594
1457,6.829917,6.6686546636
1458,6.831513,6.668202106
1459,6.832993,6.6677458525
1460,6.834348,6.6672860722
1461,6.835571,6.6668229339
1462,6.836654,6.6663566052
1463,6.837592,6.665887255
1464,6.83838,6.6654150445
1465,6.839016,6.6649401336
1466,6.839498,6.6644626697
1467,6.839825,6.6639827942
1468,6.839998,6.6635006344
1469,6.840022,6.6630163057
1470,6.8399,6.6625299032
1471,6.839639,6.6620415084
1472,6.839246,6.6615511813
1473,6.838732,6.6610589616
1474,6.838106,6.6605648633
1475,6.837382,6.6600688802
1476,6.836573,6.6595709785
1477,6.835694,6.6590711014
1478,6.834759,6.6585691644
1479,6.833787,6.6580650614
1480,6.832793,6.6575586605
1481,6.831795,6.6570498065
1482,6.83081,6.6565383241
1483,6.829857,6.6560240184
1484,6.828952,6.6555066743
1485,6.828111,6.6549860661
1486,6.82735,6.654461957
1487,6.826685,6.6539341014
1488,6.826127,6.6534022504
1489,6.825691,6.6528661567
1490,6.825384,6.6523255745
1491,6.825217,6.6517802719
1492,6.825195,6.6512300292
1493,6.825324,6.6506746452
1494,6.825605,6.6501139416
1495,6.826038,6.6495477727
1496,6.826622,6.648976023
1497,6.827352,6.648398616
1498,6.828221,6.6478155177
1499,6.829221,6.647226745
1500,6.830342,6.646632361
1501,6.83157,6.6460324869
1502,6.832891,6.6454273057
1503,6.83429,6.6448170614
1504,6.83575,6.644202063
1505,6.837251,6.6435826897
1506,6.838776,6.6429593963
1507,6.840304,6.6423327112
1508,6.841814,6.6417032396
1509,6.843287,6.6410716728
1510,6.844702,6.6404387819
1511,6.846039,6.6398054286
1512,6.847279,6.6391725668
1513,6.848402,6.6385412473
1514,6.849391,6.6379126237
1515,6.850228,6.6372879585
1516,6.850899,6.636668639
1517,6.851388,6.6360561797
1518,6.851684,6.6354522488
1519,6.851776,6.634858679
1520,6.851653,6.6342775008
1521,6.851309,6.6337109816
1522,6.850738,6.6331616743
1523,6.849935,6.6326324839
1524,6.848898,6.632126768
1525,6.847626,6.6316484685
1526,6.846121,6.6312023134
1527,6.844385,6.6307940968
1528,6.842423,6.6304311321
1529,6.84024,6.6301229447
1530,6.837843,6.6298824439
1531,6.835241,6.6297279601
1532,6.832443,6.6296871075
1533,6.82946,6.6298048187
1534,6.826304,6.6301624639
1535,6.822986,6.6309335023
1536,6.819521,6.6326125008
1537,6.815922,6.6382353978
1538,6.812204,6.6438638233
1539,6.808381,6.6402823625
1540,6.804468,6.6380120031
1541,6.800482,6.6362604086
1542,6.796437,6.6347941321
1543,6.792348,6.6335123318
1544,6.788232,6.6323622719
1545,6.784104,6.6313129094
1546,6.779978,6.6303444224
1547,6.775869,6.6294433656
1548,6.771791,6.6286001782
1549,6.767758,6.6278077942
1550,6.763782,6.6270608172
1551,6.759876,6.6263550061
1552,6.756052,6.6256869416
1553,6.752319,6.6250538018
1554,6.748687,6.6244532104
1555,6.745165,6.6238831244
1556,6.74176,6.6233417573
1557,6.738477,6.6228275207
1558,6.735323,6.6223389831
1559,6.7323,6.6218748356
1560,6.729412,6.6214338694
1561,6.726658,6.6210149539
1562,6.724039,6.6206170276
1563,6.721553,6.6202390814
1564,6.719198,6.6198801505
1565,6.716969,6.6195393088
1566,6.71486,6.6192156605
1567,6.712865,6.618908341
1568,6.710976,6.6186165054
1569,6.709185,6.6183393318
1570,6.707481,6.6180760108
1571,6.705855,6.6178257496
1572,6.704294,6.6175877665
1573,6.702787,6.6173612919
1574,6.701322,6.6171455622
1575,6.699885,6.6169398203
1576,6.698463,6.6167433164
1577,6.697044,6.6165553057
1578,6.695615,6.6163750476
1579,6.694161,6.6162018018
1580,6.692672,6.6160348387
1581,6.691134,6.6158734255
1582,6.689535,6.6157168387
1583,6.687866,6.6155643625
1584,6.686114,6.6154152842
1585,6.684271,6.6152689063
1586,6.682328,6.6151245392
1587,6.680277,6.6149815115
1588,6.678111,6.614839169
1589,6.675824,6.6146968802
1590,6.673411,6.6145540415
1591,6.670868,6.6144100799
1592,6.668192,6.6142644593
1593,6.665381,6.614116682
1594,6.662433,6.6139662995
1595,6.659348,6.613812914
1596,6.656127,6.6136561828
1597,6.652771,6.6134958249
1598,6.649281,6.6133316237
1599,6.645661,6.6131634378
1600,6.641912,6.6129911951
1601,6.638039,6.6128149063
1602,6.634046,6.612634659
1603,6.629937,6.6124506252
1604,6.625717,6.6122630614
1605,6.62139,6.6120723072
1606,6.616962,6.6118787896
1607,6.612438,6.6116830138
1608,6.607825,6.6114855684
1609,6.603127,6.6112871152
1610,6.598351,6.6110883902
1611,6.593504,6.6108901935
1612,6.588591,6.610693384
1613,6.583621,6.610498874
1614,6.578601,6.610307616
1615,6.573538,6.6101205991
1616,6.568441,6.6099388341
1617,6.563319,6.6097633472
1618,6.558182,6.6095951674
1619,6.553041,6.6094353149
1620,6.547907,6.6092847911
1621,6.542792,6.6091445653
1622,6.53771,6.6090155699
1623,6.532675,6.6088986836
1624,6.527702,6.6087947235
1625,6.522809,6.6087044378
1626,6.518011,6.6086284946
1627,6.513328,6.6085674777
1628,6.508779,6.6085218756
1629,6.504384,6.6084920783
1630,6.500163,6.6084783763
1631,6.496137,6.6084809508
1632,6.492329,6.6084998786
1633,6.488758,6.6085351244
1634,6.485447,6.6085865484
1635,6.482415,6.6086539032
1636,6.479683,6.6087368402
1637,6.477268,6.6088349124
1638,6.475188,6.6089475806
1639,6.473456,6.6090742197
1640,6.472086,6.6092141275
1641,6.471088,6.609366533
1642,6.470469,6.6095306052
1643,6.470231,6.6097054624
1644,6.470376,6.6098901874
1645,6.470899,6.6100838326
1646,6.471792,6.6102854393
1647,6.473043,6.610494043
1648,6.474635,6.6107086897
1649,6.476548,6.6109284455
1650,6.478756,6.6111524101
1651,6.481229,6.6113797266
1652,6.483934,6.6116095945
1653,6.486834,6.6118412796
1654,6.489887,6.6120741183
1655,6.493048,6.6123075361
1656,6.496271,6.6125410461
1657,6.499506,6.6127742611
1658,6.502701,6.6130068971
1659,6.505804,6.6132387773
1660,6.508763,6.6134698326
1661,6.511523,6.613700106
1662,6.514033,6.6139297542
1663,6.516241,6.6141590384
1664,6.518098,6.6143883303
1665,6.519557,6.6146181045
1666,6.520576,6.6148489309
1667,6.521115,6.6150814716
1668,6.521139,6.6153164685
1669,6.520617,6.6155547389
1670,6.519526,6.6157971674
1671,6.517845,6.6160446866
1672,6.515562,6.616298275
1673,6.51267,6.6165589401
1674,6.509169,6.6168277081
1675,6.505065,6.6171056129
1676,6.50037,6.617393679
1677,6.495105,6.6176929171
1678,6.489294,6.6180043026
1679,6.482969,6.6183287711
1680,6.476168,6.6186672058
1681,6.468934,6.619020424
1682,6.461314,6.619389169
1683,6.453361,6.619774106
1684,6.445131,6.6201758065
1685,6.436683,6.620594745
1686,6.428079,6.621031298
1687,6.419383,6.6214857327
1688,6.410659,6.6219582089
1689,6.401971,6.6224487757
1690,6.393385,6.6229573733
1691,6.384962,6.623483831
1692,6.376764,6.624027874
1693,6.368849,6.6245891229
1694,6.36127,6.6251671029
1695,6.354076,6.6257612488
1696,6.347313,6.626370914
1697,6.341017,6.6269953748
1698,6.335221,6.6276338479
1699,6.32995,6.6282854962
1700,6.325218,6.6289494393
1701,6.321036,6.6296247757
1702,6.3174,6.6303105837
1703,6.314299,6.6310059462
1704,6.311712,6.6317099647
1705,6.309603,6.6324217711
1706,6.307924,6.6331405545
1707,6.30661,6.6338655791
1708,6.305578,6.6345962074
1709,6.30472,6.6353319339
1710,6.303897,6.6360724178
1711,6.302926,6.636817533
1712,6.301564,6.6375674347
1713,6.299473,6.6383226544
1714,6.29617,6.6390842396
1715,6.290921,6.6398539831
1716,6.282542,6.6406348018
1717,6.268959,6.6414314332
1718,6.246129,6.6422517957
1719,6.20487,6.6431100169
1720,6.118688,6.6440343287
1721,5.865634,6.6450936559
1722,5.865634,6.6465442442
1723,7.114621,6.6479972888
1724,6.75565,6.6475341306
1725,6.650179,6.6476246544
1726,6.602207,6.6478793548
1727,6.576316,6.6482098018
1728,6.561149,6.6485819647
1729,6.551937,6.6489792519
1730,6.546322,6.6493923932
1731,6.543,6.6498157389
1732,6.541193,6.6502456329
1733,6.540407,6.650679616
1734,6.540312,6.65111598
1735,6.540682,6.6515535223
1736,6.541357,6.6519913871
1737,6.542221,6.6524289631
1738,6.543189,6.6528658172
1739,6.544198,6.6533016467
1740,6.545202,6.6537362504
1741,6.546167,6.6541694977
1742,6.547065,6.6546013195
1743,6.547879,6.6550316928
1744,6.548593,6.6554606283
1745,6.549199,6.655888172
1746,6.549688,6.6563143886
1747,6.550055,6.6567393717
1748,6.550297,6.657163232
1749,6.550411,6.6575860983
1750,6.550396,6.6580081198
1751,6.55025,6.6584294624
1752,6.549972,6.6588503103
1753,6.549563,6.6592708648
1754,6.549022,6.6596913441
1755,6.548349,6.6601119846
1756,6.547544,6.6605330384
1757,6.546608,6.6609547757
1758,6.545542,6.6613774808
1759,6.544347,6.6618014516
1760,6.543026,6.662227
1761,6.541581,6.6626544485
1762,6.540016,6.663084126
1763,6.538335,6.6635163671
1764,6.536545,6.6639515115
1765,6.534652,6.664389894
1766,6.532664,6.6648318464
1767,6.530591,6.6652776912
1768,6.528442,6.6657277389
1769,6.526231,6.6661822826
1770,6.523971,6.6666415929
1771,6.521675,6.667105914
1772,6.519361,6.6675754608
1773,6.517045,6.6680504147
1774,6.514746,6.6685309171
1775,6.512483,6.6690170676
1776,6.510275,6.6695089201
1777,6.508145,6.6700064823
1778,6.506113,6.6705097051
1779,6.504202,6.6710184885
1780,6.502434,6.6715326743
1781,6.50083,6.6720520476
1782,6.499413,6.6725763379
1783,6.498205,6.6731052135
1784,6.497226,6.6736382857
1785,6.496498,6.6741751075
1786,6.496038,6.6747151751
1787,6.495864,6.6752579339
1788,6.495994,6.6758027788
1789,6.496442,6.6763490522
1790,6.49722,6.6768960568
1791,6.49834,6.6774430538
1792,6.499809,6.6779892688
1793,6.501634,6.6785339017
1794,6.503819,6.6790761244
1795,6.506363,6.6796150906
1796,6.509266,6.6801499462
1797,6.512521,6.680679828
1798,6.516123,6.6812038786
1799,6.520059,6.6817212442
1800,6.524317,6.6822310891
1801,6.52888,6.6827325991
1802,6.533729,6.6832249892
1803,6.538842,6.6837075084
1804,6.544195,6.6841794501
1805,6.549761,6.6846401536
1806,6.555513,6.6850890123
1807,6.561418,6.6855254762
1808,6.567445,6.6859490599
1809,6.573561,6.6863593441
1810,6.579731,6.68675598
1811,6.58592,6.6871386928
1812,6.592093,6.6875072796
1813,6.598213,6.687861616
1814,6.604247,6.6882016544
1815,6.610159,6.6885274209
1816,6.615918,6.68883902
1817,6.621489,6.6891366237
1818,6.626845,6.6894204808
1819,6.631957,6.6896909032
1820,6.636798,6.6899482657
1821,6.641347,6.6901930031
1822,6.645583,6.6904256022
1823,6.649489,6.6906465975
1824,6.653051,6.6908565622
1825,6.656259,6.691056106
1826,6.659106,6.6912458633
1827,6.661587,6.69142649
1828,6.663703,6.6915986559
1829,6.665458,6.6917630338
1830,6.666858,6.6919202934
1831,6.667912,6.6920710952
1832,6.668636,6.6922160876
1833,6.669044,6.6923558894
1834,6.669156,6.6924910937
1835,6.668993,6.6926222581
1836,6.66858,6.6927498971
1837,6.667943,6.6928744808
1838,6.667109,6.692996427
1839,6.666108,6.6931161014
1840,6.664971,6.6932338111
1841,6.663729,6.6933498049
1842,6.662413,6.6934642704
1843,6.661056,6.6935773349
1844,6.65969,6.693689063
1845,6.658346,6.6937994562
1846,6.657056,6.6939084578
1847,6.655848,6.6940159508
1848,6.654752,6.6941217665
1849,6.653795,6.6942256805
1850,6.653002,6.6943274209
1851,6.652397,6.6944266697
1852,6.652001,6.6945230691
1853,6.651833,6.6946162243
1854,6.65191,6.6947057112
1855,6.652246,6.6947910799
1856,6.652853,6.6948718618
1857,6.65374,6.6949475714
1858,6.654915,6.6950177158
1859,6.656381,6.6950817942
1860,6.65814,6.6951393118
1861,6.660191,6.6951897773
1862,6.662532,6.6952327097
1863,6.665157,6.6952676436
1864,6.668058,6.6952941321
1865,6.671228,6.6953117527
1866,6.674654,6.6953201029
1867,6.678323,6.6953188141
1868,6.682223,6.6953075469
1869,6.686337,6.6952859908
1870,6.690649,6.695253871
1871,6.695141,6.6952109447
1872,6.699796,6.6951570061
1873,6.704596,6.6950918786
1874,6.70952,6.6950154209
1875,6.71455,6.6949275238
1876,6.719667,6.6948281075
1877,6.724852,6.6947171198
1878,6.730087,6.6945945346
1879,6.735353,6.6944603487
1880,6.740632,6.6943145806
1881,6.745908,6.6941572657
1882,6.751164,6.6939884547
1883,6.756385,6.6938082089
1884,6.761556,6.6936165991
1885,6.766664,6.693413702
1886,6.771697,6.6931995945
1887,6.776642,6.6929743533
1888,6.781489,6.6927380538
1889,6.78623,6.6924907665
1890,6.790854,6.692232553
1891,6.795356,6.6919634685
1892,6.799729,6.6916835545
1893,6.803967,6.6913928449
1894,6.808066,6.691091361
1895,6.812023,6.6907791137
1896,6.815833,6.6904561014
1897,6.819496,6.690122318
1898,6.82301,6.689777745
1899,6.826374,6.689422361
1900,6.829588,6.6890561413
1901,6.832652,6.6886790614
1902,6.835566,6.6882910998
1903,6.838331,6.6878922442
1904,6.840949,6.6874824931
1905,6.84342,6.6870618587
1906,6.845745,6.6866303748
1907,6.847927,6.6861881014
1908,6.849966,6.6857351244
1909,6.851864,6.6852715637
1910,6.853621,6.6847975776
1911,6.85524,6.6843133641
1912,6.85672,6.6838191644
1913,6.858063,6.6833152688
1914,6.85927,6.6828020154
1915,6.860341,6.6822797911
1916,6.861276,6.6817490369
1917,6.862078,6.6812102412
1918,6.862745,6.6806639416
1919,6.863279,6.680110725
1920,6.863682,6.6795512212
1921,6.863953,6.6789860983
1922,6.864095,6.6784160614
1923,6.864109,6.6778418433
1924,6.863998,6.6772641997
1925,6.863764,6.6766838986
1926,6.863412,6.6761017158
1927,6.862944,6.6755184209
1928,6.862367,6.6749347757
1929,6.861685,6.6743515161
1930,6.860905,6.6737693502
1931,6.860034,6.6731889401
1932,6.859079,6.6726109002
1933,6.85805,6.6720357849
1934,6.856956,6.6714640768
1935,6.855806,6.6708961843
1936,6.854612,6.6703324301
1937,6.853385,6.6697730492
1938,6.852136,6.6692181782
1939,6.850877,6.6686678571
1940,6.84962,6.668122023
1941,6.848376,6.6675805131
1942,6.847159,6.667043063
1943,6.845979,6.6665093026
1944,6.844848,6.6659787711
1945,6.843776,6.6654509109
1946,6.842773,6.6649250814
1947,6.841847,6.6644005591
1948,6.841008,6.6638765545
1949,6.840261,6.663352212
1950,6.839613,6.6628266283
1951,6.839068,6.6622988587
1952,6.838628,6.6617679309
1953,6.838295,6.6612328587
1954,6.838069,6.6606926528
1955,6.83795,6.6601463333
1956,6.837933,6.6595929416
1957,6.838016,6.6590315545
1958,6.838193,6.6584612949
1959,6.838457,6.6578813425
1960,6.8388,6.6572909462
1961,6.839214,6.6566894316
1962,6.839689,6.6560762104
1963,6.840215,6.6554507865
1964,6.84078,6.6548127619
1965,6.841374,6.6541618418
1966,6.841983,6.6534978356
1967,6.842597,6.6528206636
1968,6.843203,6.6521303487
1969,6.843789,6.65142702
1970,6.844342,6.6507109094
1971,6.844852,6.6499823456
1972,6.845308,6.649241745
1973,6.845698,6.6484896068
1974,6.846013,6.6477265054
1975,6.846243,6.6469530753
1976,6.846379,6.6461700015
1977,6.846414,6.6453780092
1978,6.846342,6.6445778433
1979,6.846154,6.6437702535
1980,6.845847,6.6429559862
1981,6.845417,6.6421357558
1982,6.844859,6.6413102289
1983,6.844171,6.6404800061
1984,6.843353,6.6396455929
1985,6.842402,6.6388073733
1986,6.84132,6.6379655853
1987,6.840108,6.637120275
1988,6.838769,6.6362712565
1989,6.837304,6.6354180538
1990,6.835718,6.6345598341
1991,6.834016,6.6336952995
1992,6.832204,6.6328225591
1993,6.830286,6.6319389263
1994,6.828271,6.6310406313
1995,6.826166,6.6301223518
1996,6.823979,6.6291764624
1997,6.821719,6.6281917235
1998,6.819396,6.6271508203
1999,6.817018,6.6260253072
2000,6.814596,6.6247638034
2001,6.81214,6.6232585115
2002,6.809661,6.6212143917
2003,6.807168,6.6170655668
2004,6.804673,6.6301647573
2005,6.802185,6.6317824793
2006,6.799716,6.6324551782
2007,6.797273,6.632774871
2008,6.794867,6.6329122381
2009,6.792507,6.6329396621
2010,6.790199,6.6328943748
2011,6.787952,6.6327978986
2012,6.785772,6.6326636759
2013,6.783664,6.6325005699
2014,6.781633,6.632314659
2015,6.779681,6.632110235
2016,6.777812,6.6318903978
2017,6.776026,6.6316574224
2018,6.774323,6.6314130031
2019,6.772701,6.6311584178
2020,6.771158,6.6308946467
2021,6.76969,6.630622447
2022,6.768292,6.6303424194
2023,6.766958,6.6300550476
2024,6.765679,6.6297607373
2025,6.764449,6.6294598402
2026,6.763258,6.6291526713
2027,6.762096,6.6288395284
2028,6.760951,6.6285206989
2029,6.759812,6.6281964747
2030,6.758668,6.6278671551
2031,6.757506,6.6275330492
2032,6.756312,6.6271944808
2033,6.755075,6.6268517972
2034,6.753781,6.626505361
2035,6.752418,6.626155553
2036,6.750972,6.6258027757
2037,6.749433,6.6254474516
2038,6.747787,6.6250900169
2039,6.746025,6.6247309278
2040,6.744137,6.6243706559
2041,6.742112,6.6240096836
2042,6.739942,6.62364851
2043,6.737621,6.6232876452
2044,6.735142,6.6229276083
2045,6.732501,6.6225689247
2046,6.729693,6.622212129
2047,6.726716,6.6218577634
2048,6.723571,6.6215063733
2049,6.720256,6.6211585054
2050,6.716775,6.6208147127
2051,6.71313,6.6204755453
2052,6.709327,6.6201415545
2053,6.705371,6.6198132888
2054,6.70127,6.6194912949
2055,6.697033,6.6191761091
2056,6.692669,6.6188682627
2057,6.688189,6.6185682765
2058,6.683605,6.6182766605
2059,6.678929,6.6179939063
2060,6.674176,6.61772049
2061,6.669359,6.6174568648
2062,6.664492,6.6172034593
2063,6.659591,6.6169606774
2064,6.65467,6.6167288909
2065,6.649744,6.6165084393
2066,6.64483,6.6162996221
2067,6.63994,6.6161027005
2068,6.63509,6.615917894
2069,6.630293,6.6157453748
2070,6.625563,6.6155852688
2071,6.620913,6.6154376513
2072,6.616354,6.6153025453
2073,6.611896,6.6151799232
2074,6.607551,6.6150697066
2075,6.603327,6.6149717619
2076,6.599231,6.6148859048
2077,6.59527,6.6148119002
2078,6.59145,6.614749467
2079,6.587776,6.614698275
2080,6.58425,6.6146579508
2081,6.580876,6.614628086
2082,6.577653,6.614608232
2083,6.574583,6.6145979155
2084,6.571665,6.6145966344
2085,6.568898,6.6146038664
2086,6.566278,6.6146190753
2087,6.563802,6.6146417189
2088,6.561468,6.6146712535
2089,6.55927,6.6147071352
2090,6.557204,6.6147488326
2091,6.555264,6.6147958295
2092,6.553444,6.6148476313
2093,6.551739,6.6149037711
2094,6.550142,6.6149638126
2095,6.548647,6.6150273548
2096,6.547247,6.6150940384
2097,6.545934,6.6151635469
2098,6.544703,6.6152356144
2099,6.543547,6.61531002
2100,6.542457,6.6153865945
2101,6.541428,6.6154652227
2102,6.540452,6.6155458387
2103,6.539522,6.6156284316
2104,6.53863,6.6157130399
2105,6.53777,6.6157997558
2106,6.536933,6.6158887143
2107,6.536113,6.6159800998
2108,6.535302,6.6160741367
2109,6.534492,6.6161710891
2110,6.533676,6.6162712565
2111,6.532845,6.6163749708
2112,6.531991,6.6164825914
2113,6.531107,6.6165945008
2114,6.530183,6.6167110968
2115,6.529213,6.6168327972
2116,6.528187,6.6169600246
2117,6.527099,6.6170932089
2118,6.525939,6.6172327803
2119,6.5247,6.6173791674
2120,6.523374,6.6175327926
2121,6.521955,6.6176940691
2122,6.520436,6.6178633932
2123,6.518811,6.6180411475
2124,6.517074,6.6182276943
2125,6.515221,6.6184233763
2126,6.513248,6.6186285115
2127,6.511153,6.6188433917
2128,6.508933,6.6190682842
2129,6.506588,6.619303427
2130,6.50412,6.6195490292
2131,6.501529,6.6198052688
2132,6.49882,6.6200722949
2133,6.495997,6.6203502243
2134,6.493066,6.6206391444
2135,6.490036,6.6209391091
2136,6.486916,6.6212501413
2137,6.483716,6.621572232
2138,6.48045,6.6219053425
2139,6.47713,6.6222494009
2140,6.473772,6.6226043057
2141,6.470392,6.6229699247
2142,6.467009,6.6233460937
2143,6.46364,6.6237326206
2144,6.460306,6.6241292826
2145,6.457029,6.6245358264
2146,6.453829,6.6249519708
2147,6.45073,6.6253774055
2148,6.447755,6.6258117896
2149,6.44493,6.6262547573
2150,6.442277,6.6267059094
2151,6.439824,6.6271648218
2152,6.437597,6.6276310399
2153,6.435622,6.6281040783
2154,6.433926,6.628583424
2155,6.432538,6.6290685361
2156,6.431487,6.6295588387
2157,6.430804,6.630053725
2158,6.430518,6.630552553
2159,6.430664,6.6310546482
2160,6.431275,6.6315592934
2161,6.432389,6.6320657312
2162,6.434046,6.6325731598
2163,6.43629,6.6330807235
2164,6.439168,6.63358751
2165,6.442734,6.6340925453
2166,6.447051,6.6345947819
2167,6.452188,6.6350930799
2168,6.458229,6.6355862043
2169,6.46527,6.6360727972
2170,6.473429,6.6365513564
2171,6.482849,6.6370202074
2172,6.49371,6.6374774562
2173,6.506235,6.6379209401
2174,6.520714,6.6383481521
2175,6.537525,6.6387561459
2176,6.557179,6.6391413917
2177,6.580372,6.6394995776
2178,6.608095,6.639825321
2179,6.641793,6.6401117174
2180,6.683674,6.6403496375
2181,6.737274,6.6405265607
2182,6.808646,6.64062453
2183,6.909073,6.6406162873
2184,7.062287,6.6404572381
2185,7.32825,6.6400663272
2186,7.916014,6.6392703886
2187,10.480027,6.6375751244
2188,10.480027,6.6319448356
2189,4.480673,6.626318106
2190,5.330377,6.6299105346
2191,5.66418,6.6322012873
2192,5.845936,6.6339828249
2193,5.961985,6.6354886851
2194,6.043659,6.6368197711
2195,6.105097,6.6380288479
2196,6.153619,6.6391469555
2197,6.19339,6.6401938786
2198,6.226954,6.6411829985
2199,6.255949,6.6421237773
2200,6.281476,6.6430231551
2201,6.304299,6.6438863702
2202,6.324966,6.6447174808
2203,6.343878,6.6455196943
2204,6.361334,6.6462955929
2205,6.377561,6.6470472919
2206,6.392735,6.6477765499
2207,6.406992,6.6484848479
2208,6.420439,6.6491734501
2209,6.433163,6.6498434501
2210,6.445231,6.6504957988
2211,6.456698,6.6511313425
2212,6.467608,6.6517508326
2213,6.477996,6.6523549524
2214,6.487889,6.6529443241
2215,6.49731,6.6535195284
2216,6.506274,6.654081106
2217,6.514795,6.6546295745
2218,6.52288,6.6551654301
2219,6.530536,6.6556891582
2220,6.537763,6.6562012366
2221,6.544561,6.6567021475
2222,6.550928,6.6571923763
2223,6.556859,6.6576724178
2224,6.562347,6.6581427819
2225,6.567384,6.6586039985
2226,6.571961,6.6590566175
2227,6.576068,6.6595012166
2228,6.579696,6.6599383994
2229,6.582832,6.6603687942
2230,6.585468,6.6607930661
2231,6.587592,6.6612119048
2232,6.589196,6.6616260323
2233,6.590273,6.6620361997
2234,6.590816,6.6624431843
2235,6.590822,6.662847788
2236,6.590288,6.6632508326
2237,6.589217,6.6636531598
2238,6.587612,6.664055619
2239,6.585481,6.6644590707
2240,6.582836,6.6648643733
2241,6.579692,6.6652723779
2242,6.576069,6.6656839217
2243,6.571989,6.6660998218
2244,6.567482,6.6665208648
2245,6.562579,6.6669477988
2246,6.557316,6.6673813272
2247,6.551734,6.6678220983
2248,6.545876,6.6682706974
2249,6.539792,6.6687276436
2250,6.533531,6.6691933733
2251,6.527148,6.6696682427
2252,6.520698,6.6701525177
2253,6.51424,6.6706463687
2254,6.507833,6.6711498679
2255,6.501536,6.6716629846
2256,6.49541,6.6721855853
2257,6.489512,6.6727174301
2258,6.483901,6.6732581782
2259,6.478632,6.6738073825
2260,6.473757,6.6743644977
2261,6.469325,6.6749288833
2262,6.465381,6.6754998095
2263,6.461965,6.6760764654
2264,6.459112,6.6766579616
2265,6.456853,6.6772433441
2266,6.455209,6.6778315991
2267,6.454199,6.6784216682
2268,6.453834,6.6790124562
2269,6.454118,6.6796028402
2270,6.45505,6.6801916851
2271,6.45662,6.680777851
2272,6.458816,6.6813602089
2273,6.461617,6.6819376467
2274,6.464997,6.6825090814
2275,6.468926,6.68307347
2276,6.47337,6.6836298203
2277,6.478289,6.6841771905
2278,6.483641,6.6847147081
2279,6.489381,6.6852415684
2280,6.495464,6.685757043
2281,6.501839,6.6862604793
2282,6.508459,6.6867513103
2283,6.515274,6.6872290507
2284,6.522235,6.6876932995
2285,6.529295,6.6881437404
2286,6.536407,6.6885801398
2287,6.543528,6.6890023441
2288,6.550615,6.689410275
2289,6.55763,6.6898039278
2290,6.564536,6.6901833641
2291,6.571302,6.6905487097
2292,6.577899,6.6909001444
2293,6.584301,6.6912378986
2294,6.590487,6.6915622458
2295,6.596439,6.6918734977
2296,6.602145,6.6921719954
2297,6.607593,6.6924580998
2298,6.612778,6.6927321935
2299,6.617696,6.6929946651
2300,6.622349,6.6932459078
2301,6.626739,6.6934863134
2302,6.630873,6.6937162673
2303,6.634761,6.6939361429
2304,6.638412,6.6941462934
2305,6.641842,6.6943470584
2306,6.645063,6.6945387481
2307,6.648094,6.6947216513
2308,6.650952,6.6948960261
2309,6.653655,6.6950621014
2310,6.656221,6.6952200768
2311,6.658671,6.6953701214
2312,6.661024,6.6955123717
2313,6.663297,6.6956469355
2314,6.66551,6.6957738925
2315,6.667681,6.6958932949
2316,6.669825,6.6960051659
2317,6.67196,6.69610951
2318,6.674098,6.6962063072
2319,6.676253,6.6962955192
2320,6.678438,6.6963770937
2321,6.680661,6.6964509601
2322,6.682931,6.6965170399
2323,6.685255,6.6965752473
2324,6.687638,6.6966254885
2325,6.690085,6.6966676682
2326,6.692596,6.6967016882
2327,6.695174,6.6967274547
2328,6.697817,6.6967448725
2329,6.700523,6.6967538556
2330,6.70329,6.696754321
2331,6.706113,6.6967461951
2332,6.708987,6.6967294117
2333,6.711908,6.6967039171
2334,6.714868,6.6966696605
2335,6.71786,6.6966266068
2336,6.720879,6.6965747296
2337,6.723916,6.6965140123
2338,6.726965,6.696444447
2339,6.730018,6.6963660353
2340,6.733068,6.6962787865
2341,6.736109,6.696182722
2342,6.739134,6.6960778648
2343,6.742137,6.6959642488
2344,6.745114,6.6958419124
2345,6.748059,6.6957108986
2346,6.750968,6.6955712535
2347,6.753837,6.6954230292
2348,6.756663,6.6952662811
2349,6.759444,6.6951010645
2350,6.762177,6.6950020754
2351,6.764862,6.6948985701
2352,6.767497,6.6947906019
2353,6.770081,6.6946782272
2354,6.772615,6.6945615046
2355,6.775098,6.6944404915
2356,6.777531,6.6943152469
2357,6.779915,6.6941858289
2358,6.782249,6.6940522944
2359,6.784536,6.693914702
2360,6.786775,6.6937731063
2361,6.788967,6.6936275634
2362,6.791112,6.6934781285
2363,6.793212,6.6933248571
2364,6.795265,6.6931678019
2365,6.797273,6.6930070189
2366,6.799234,6.6928425615
2367,6.801149,6.6926744866
2368,6.803015,6.6925028497
2369,6.804831,6.6923277116
2370,6.806597,6.6921491349
2371,6.80831,6.6919671828
2372,6.809967,6.6917819236
2373,6.811566,6.6915934306
2374,6.813105,6.6914017812
2375,6.814581,6.691207056
2376,6.815989,6.6910093413
2377,6.817328,6.6908087319
2378,6.818594,6.6906053248
2379,6.819783,6.6903992238
2380,6.820892,6.6901905403
2381,6.82192,6.689979391
2382,6.822861,6.6897658948
2383,6.823716,6.6895501815
2384,6.82448,6.6893323799
2385,6.825152,6.6891126276
2386,6.825732,6.6888910651
2387,6.826219,6.6886678336
2388,6.826613,6.6884430768
2389,6.826914,6.6882169394
2390,6.827125,6.6879895672
2391,6.827246,6.6877611018
2392,6.827283,6.6875316859
2393,6.827238,6.687301453
2394,6.827116,6.6870705347
2395,6.826924,6.6868390545
2396,6.826666,6.6866071258
2397,6.826352,6.6863748557
2398,6.825988,6.6861423355
2399,6.825583,6.6859096473
2400,6.825147,6.6856768583
2401,6.82469,6.68544402
2402,6.824222,6.6852111672
2403,6.823753,6.6849783183
2404,6.823295,6.6847454748
2405,6.822859,6.6845126185
2406,6.822455,6.6842797121
2407,6.822095,6.6840467015
2408,6.821789,6.6838135118
2409,6.821547,6.6835800508
2410,6.821379,6.6833462085
2411,6.821295,6.6831118574
2412,6.821301,6.682876852
2413,6.821405,6.6826410358
2414,6.821614,6.6824042372
2415,6.821932,6.6821662718
2416,6.822363,6.6819269469
2417,6.822909,6.6816860617
2418,6.823572,6.6814434107
2419,6.82435,6.6811987831
2420,6.825242,6.6809519707
2421,6.826244,6.6807027651
2422,6.82735,6.6804509637
2423,6.828556,6.6801963726
2424,6.829852,6.6799388038
2425,6.83123,6.6796780852
2426,6.832679,6.6794140575
2427,6.834188,6.6791465794
2428,6.835743,6.678875528
2429,6.837331,6.6786008039
2430,6.838937,6.6783223298
2431,6.840546,6.6780400545
2432,6.842143,6.6777539525
2433,6.843711,6.6774640247
2434,6.845235,6.6771703021
2435,6.846697,6.6768728425
2436,6.848082,6.6765717358
2437,6.849374,6.6762670995
2438,6.850558,6.6759590801
2439,6.851618,6.675647852
2440,6.852542,6.6753336196
2441,6.853315,6.67501661
2442,6.853926,6.6746970789
2443,6.854365,6.6743753034
2444,6.854621,6.6740515809
2445,6.854686,6.6737262306
2446,6.854554,6.6733995884
2447,6.854219,6.6730720036
2448,6.853678,6.6727438388
2449,6.852928,6.6724154646
2450,6.851968,6.67208726
2451,6.8508,6.6717596084
2452,6.849426,6.6714328923
2453,6.847849,6.6711074936
2454,6.846076,6.6707837912
2455,6.844113,6.6704621541
2456,6.841968,6.670142943
2457,6.839651,6.6698265064
2458,6.837171,6.6695131771
2459,6.83454,6.6692032736
2460,6.831771,6.6688970944
2461,6.828877,6.6685949165
2462,6.82587,6.6682969944
2463,6.822766,6.6680035624
2464,6.819578,6.6677148265
2465,6.816321,6.6674309701
2466,6.81301,6.6671521498
2467,6.809658,6.6668784953
2468,6.80628,6.6666101128
2469,6.80289,6.666347081
2470,6.7995,6.6660894528
2471,6.796122,6.665837259
2472,6.792769,6.6655905076
2473,6.789451,6.6653491822
2474,6.786176,6.6651132471
2475,6.782954,6.6648826514
2476,6.779791,6.6646573244
2477,6.776694,6.6644371836
2478,6.773667,6.6642221322
2479,6.770713,6.6640120653
2480,6.767834,6.6638068712
2481,6.76503,6.6636064335
2482,6.762302,6.6634106351
2483,6.759647,6.6632193559
2484,6.757062,6.6630324806
2485,6.754544,6.662849899
2486,6.752086,6.6626715058
2487,6.749684,6.6624972086
2488,6.74733,6.6623269219
2489,6.745017,6.6621605753
2490,6.742737,6.6619981118
2491,6.740483,6.6618394892
2492,6.738246,6.6616846791
2493,6.736018,6.6615336706
2494,6.733791,6.6613864684
2495,6.731556,6.6612430931
2496,6.729306,6.6611035833
2497,6.727034,6.660967992
2498,6.724734,6.6608363865
2499,6.7224,6.6607088463
2500,6.720028,6.660585464
2501,6.717613,6.6604663407
2502,6.715153,6.6603515884
2503,6.712645,6.6602413239
2504,6.710089,6.6601356714
2505,6.707485,6.6600347556
2506,6.704835,6.6599387024
2507,6.70214,6.6598476349
2508,6.699404,6.6597616748
2509,6.69663,6.6596809369
2510,6.693825,6.6596055306
2511,6.690993,6.6595355521
2512,6.68814,6.6594710902
2513,6.685274,6.6594122218
2514,6.682401,6.6593590082
2515,6.679529,6.659311499
2516,6.676664,6.6592697273
2517,6.673815,6.6592337143
2518,6.670988,6.6592034627
2519,6.66819,6.6591789626
2520,6.665427,6.6591601896
2521,6.662704,6.6591471065
2522,6.660027,6.6591396653
2523,6.657398,6.659137805
2524,6.654822,6.6591414601
2525,6.652299,6.6591505537
2526,6.64983,6.6591650084
2527,6.647414,6.6591847442
2528,6.645049,6.6592096822
2529,6.642732,6.6592397473
2530,6.640458,6.6592748702
2531,6.63822,6.6593149915
2532,6.636012,6.6593600662
2533,6.633824,6.6594100621
2534,6.631647,6.6594649678
2535,6.62947,6.6595247914
2536,6.62728,6.6595895647
2537,6.625065,6.6596593477
2538,6.622811,6.6597342273
2539,6.620505,6.659814321
2540,6.618133,6.6598997761
2541,6.61568,6.6599907712
2542,6.613132,6.6600875197
2543,6.610477,6.660190267
2544,6.607701,6.6602992873
2545,6.604793,6.6604148879
2546,6.601742,6.6605374031
2547,6.59854,6.6606671943
2548,6.595179,6.6608046438
2549,6.591655,6.6609501552
2550,6.587965,6.6611041444
2551,6.584109,6.6612670379
2552,6.580089,6.6614392656
2553,6.575911,6.6616212573
2554,6.571583,6.6618134327
2555,6.567116,6.6620161978
2556,6.562524,6.6622299369
2557,6.557825,6.6624550068
2558,6.553039,6.6626917262
2559,6.548188,6.6629403719
2560,6.543299,6.6632011727
2561,6.538398,6.6634742984
2562,6.533516,6.6637598607
2563,6.528684,6.6640579016
2564,6.523935,6.6643683922
2565,6.519302,6.6646912276
2566,6.51482,6.6650262258
2567,6.51052,6.6653731224
2568,6.506437,6.6657315787
2569,6.502601,6.6661011717
2570,6.499042,6.6664814047
2571,6.495787,6.6668717063
2572,6.492859,6.6672714369
2573,6.490279,6.667679897
2574,6.488063,6.668096331
2575,6.486222,6.6685199388
2576,6.484763,6.6689498868
2577,6.483687,6.6693853168
2578,6.482991,6.6698253602
2579,6.482665,6.6702691473
2580,6.482695,6.6707158238
2581,6.483058,6.6711645609
2582,6.48373,6.6716145766
2583,6.484679,6.6720651391
2584,6.485868,6.6725155865
2585,6.487258,6.6729653398
2586,6.488802,6.6734139082
2587,6.490455,6.6738609104
2588,6.492164,6.6743060704
2589,6.493877,6.6747492384
2590,6.495539,6.6751903902
2591,6.497097,6.6756296357
2592,6.498496,6.6760672157
2593,6.499681,6.6765035086
2594,6.500603,6.676939032
2595,6.501211,6.6773744296
2596,6.501461,6.6778104777
2597,6.501309,6.6782480695
2598,6.50072,6.6786882164
2599,6.499661,6.6791320274
2600,6.498106,6.679580705
2601,6.496035,6.6800355288
2602,6.493434,6.6804978417
2603,6.490296,6.6809690353
2604,6.486621,6.6814505328
2605,6.482415,6.6819437722
2606,6.477692,6.6824501904
2607,6.47247,6.6829712036
2608,6.466777,6.6835081964
2609,6.460644,6.6840624962
2610,6.454109,6.6846353641
2611,6.447214,6.6852279769
2612,6.440007,6.6858414149
2613,6.432538,6.686476646
2614,6.424861,6.6871345181
2615,6.417031,6.6878157481
2616,6.409106,6.6885209167
2617,6.401144,6.6892504595
2618,6.393202,6.6900046649
2619,6.385336,6.6907836745
2620,6.377601,6.6915874842
2621,6.370047,6.6924159446
2622,6.362721,6.6932687725
2623,6.355666,6.694145557
2624,6.348919,6.6950457686
2625,6.34251,6.6959687733
2626,6.336462,6.6969138503
2627,6.330792,6.6978802091
2628,6.325506,6.6988670054
2629,6.320601,6.6998733693
2630,6.316066,6.7008984297
2631,6.311877,6.701941336
2632,6.307999,6.7030012935
2633,6.304384,6.704077594
2634,6.300968,6.705169653
2635,6.297672,6.7062770548
2636,6.294398,6.7073995962
2637,6.291023,6.7085373416
2638,6.287397,6.7096906961
2639,6.283334,6.7108604848
2640,6.278603,6.7120480583
2641,6.272906,6.7132554262
2642,6.265862,6.7144854525
2643,6.256959,6.7157421008
2644,6.245496,6.7170308174
2645,6.230471,6.7183590845
2646,6.210392,6.7197372994
2647,6.182914,6.721180204
2648,6.144091,6.7227093693
2649,6.086687,6.7243578547
2650,5.995779,6.7261797714
2651,5.834651,6.7282726103
2652,5.481418,6.7308404885
2653,4.108776,6.7344411297
2654,15.334741,6.7420297572
2655,7.85781,6.7171233478
2656,7.240112,6.7138073983
2657,7.007836,6.7122729825
2658,6.886699,6.7114087632
2659,6.81272,6.7108947155
2660,6.763025,6.7105952294
2661,6.727393,6.7104405693
2662,6.700573,6.7103904142
2663,6.67959,6.710419546
2664,6.662636,6.7105113006
2665,6.648553,6.7106542119
2666,6.636567,6.7108401437
2667,6.626145,6.7110631862
2668,6.616909,6.7113189639
2669,6.608588,6.7116041903
2670,6.600986,6.7119163606
2671,6.593956,6.712253535
2672,6.587392,6.7126141982
2673,6.581213,6.7129971407
2674,6.575362,6.7134013865
2675,6.569795,6.7138261231
2676,6.564482,6.7142706636
2677,6.559402,6.7147344056
2678,6.554538,6.7152168043
2679,6.549881,6.7157173614
2680,6.545425,6.7162356
2681,6.541165,6.7167710564
2682,6.537098,6.7173232767
2683,6.533225,6.7178918107
2684,6.529545,6.7184761994
2685,6.526056,6.719075981
2686,6.52276,6.7196906943
2687,6.519656,6.7203198658
2688,6.516743,6.7209630192
2689,6.51402,6.7216196752
2690,6.511488,6.7222893516
2691,6.509144,6.7229715566
2692,6.506988,6.7236658019
2693,6.505019,6.7243715928
2694,6.503237,6.7250884314
2695,6.501639,6.7258158131
2696,6.500227,6.7265532368
2697,6.499001,6.7273001881
2698,6.497961,6.7280561457
2699,6.497109,6.7288205814
2700,6.496447,6.7295929533
2701,6.495977,6.7303727057
2702,6.495702,6.7311592685
2703,6.495626,6.7319520539
2704,6.495753,6.7327504527
2705,6.496084,6.7335538339
2706,6.496625,6.7343615544
2707,6.497378,6.735172942
2708,6.498347,6.7359873082
2709,6.499532,6.7368039416
2710,6.500935,6.7376221207
2711,6.502556,6.7384411073
2712,6.504392,6.7392601528
2713,6.506441,6.7400785087
2714,6.508698,6.7408954231
2715,6.511156,6.7417101509
2716,6.513804,6.7425219613
2717,6.516634,6.7433301519
2718,6.519631,6.744134039
2719,6.52278,6.7449329822
2720,6.526064,6.7457263857
2721,6.529464,6.7465137061
2722,6.532959,6.7472944604
2723,6.536527,6.7480682347
2724,6.540145,6.7488346884
2725,6.543789,6.74959356
2726,6.547434,6.7503446715
2727,6.551054,6.7510879341
2728,6.554626,6.7518233529
2729,6.558124,6.7525510185
2730,6.561525,6.7532711185
2731,6.564808,6.7539839294
2732,6.567951,6.7546898097
2733,6.570937,6.755389206
2734,6.573749,6.7560826353
2735,6.576373,6.7567706868
2736,6.578799,6.7574540114
2737,6.581019,6.758133308
2738,6.583029,6.7588093168
2739,6.584827,6.7594828046
2740,6.586415,6.7601545577
2741,6.587799,6.7608253668
2742,6.588987,6.7614960116
2743,6.589991,6.7621672529
2744,6.590826,6.7628398164
2745,6.591508,6.7635143804
2746,6.592058,6.7641915709
2747,6.592497,6.7648719407
2748,6.59285,6.7655559683
2749,6.593141,6.7662440398
2750,6.593397,6.766936452
2751,6.593644,6.7676333976
2752,6.593909,6.7683349677
2753,6.59422,6.7690411457
2754,6.594602,6.7697518008
2755,6.595082,6.770466698
2756,6.595682,6.7711854877
2757,6.596425,6.7719077243
2758,6.597331,6.7726328595
2759,6.598418,6.7733602531
2760,6.599701,6.7740891792
2761,6.601194,6.7748188368
2762,6.602906,6.7755483529
2763,6.604844,6.7762768017
2764,6.607011,6.7770032119
2765,6.60941,6.777726583
2766,6.612038,6.7784458846
2767,6.61489,6.7791600815
2768,6.61796,6.7798681422
2769,6.621237,6.7805690433
2770,6.62471,6.7812617913
2771,6.628365,6.7819454236
2772,6.632185,6.7826190219
2773,6.636154,6.7832817269
2774,6.640253,6.7839327345
2775,6.644463,6.7845713111
2776,6.648764,6.7851967946
2777,6.653135,6.7858086009
2778,6.657558,6.7864062297
2779,6.662011,6.7869892534
2780,6.666475,6.7875573364
2781,6.670932,6.7881102237
2782,6.675363,6.7886477385
2783,6.679752,6.789169788
2784,6.684084,6.7896763519
2785,6.688343,6.7901674791
2786,6.692518,6.7906432944
2787,6.696597,6.7911039765
2788,6.700571,6.7915497642
2789,6.704432,6.7919809431
2790,6.708173,6.7923978429
2791,6.71179,6.7928008325
2792,6.715278,6.7931903077
2793,6.718638,6.7935666957
2794,6.721867,6.7939304272
2795,6.724966,6.7942819561
2796,6.727939,6.7946217402
2797,6.730787,6.7949502266
2798,6.733514,6.7952678663
2799,6.736127,6.7955750995
2800,6.73863,6.79587234
2801,6.741029,6.7961599899
2802,6.743332,6.7964384293
2803,6.745545,6.7967080051
2804,6.747676,6.7969690408
2805,6.749734,6.7972218256
2806,6.751725,6.7974666082
2807,6.753658,6.7977036114
2808,6.755541,6.7979330156
2809,6.757382,6.7981549634
2810,6.759188,6.7983695579
2811,6.760966,6.7985768677
2812,6.762725,6.7987769255
2813,6.76447,6.7989697166
2814,6.766208,6.7991551989
2815,6.767946,6.7993332919
2816,6.76969,6.799503875
2817,6.771443,6.7996667923
2818,6.773212,6.7998218681
2819,6.775001,6.799968884
2820,6.776812,6.8001075944
2821,6.778651,6.8002377374
2822,6.780518,6.8003590112
2823,6.782418,6.8004711073
2824,6.78435,6.8005736818
2825,6.786318,6.8006663886
2826,6.78832,6.8007488506
2827,6.790358,6.8008206936
2828,6.792431,6.8008815233
2829,6.794539,6.8009309415
2830,6.796679,6.8009685412
2831,6.798851,6.8009939231
2832,6.801052,6.8010066786
2833,6.80328,6.8010064072
2834,6.805532,6.8009927108
2835,6.807804,6.8009652
2836,6.810094,6.8009235
2837,6.812397,6.8008672393
2838,6.814709,6.8007960679
2839,6.817026,6.8007096522
2840,6.819344,6.800607675
2841,6.821657,6.8004898365
2842,6.823961,6.8003558671
2843,6.826251,6.8002055159
2844,6.828522,6.8000385577
2845,6.830768,6.7998547935
2846,6.832985,6.7996540584
2847,6.835166,6.7994362092
2848,6.837307,6.7992011447
2849,6.839401,6.7989487881
2850,6.841444,6.7986791067
2851,6.843429,6.798392094
2852,6.845352,6.7980877905
2853,6.847207,6.7977662653
2854,6.848988,6.7974276301
2855,6.85069,6.7970720414
2856,6.852308,6.7966996944
2857,6.853837,6.7963108252
2858,6.855272,6.7959057113
2859,6.856609,6.7954846738
2860,6.857842,6.7950480714
2861,6.85897,6.7945963165
2862,6.859986,6.7941298406
2863,6.86089,6.7936491387
2864,6.861677,6.7931547206
2865,6.862347,6.7926471481
2866,6.862897,6.792127
2867,6.863327,6.7915948947
2868,6.863637,6.7910514697
2869,6.863827,6.7904973817
2870,6.863899,6.7899333077
2871,6.863856,6.7893599302
2872,6.8637,6.7887779297
2873,6.863435,6.7881879921
2874,6.863066,6.7875907937
2875,6.862599,6.786986992
2876,6.862039,6.7863772177
2877,6.861395,6.7857620813
2878,6.860674,6.7851421393
2879,6.859883,6.7845179091
2880,6.859033,6.7838898667
2881,6.858132,6.7832584118
2882,6.857189,6.7826238898
2883,6.856215,6.7819865812
2884,6.85522,6.781346681
2885,6.854213,6.7807043043
2886,6.853204,6.7800594912
2887,6.852203,6.7794121947
2888,6.851218,6.7787622768
2889,6.850259,6.7781095225
2890,6.849333,6.7774536182
2891,6.848447,6.7767941743
2892,6.847607,6.7761307222
2893,6.84682,6.7754627196
2894,6.846088,6.7747895377
2895,6.845416,6.7741105048
2896,6.844806,6.773424875
2897,6.844258,6.7727318544
2898,6.843772,6.7720306176
2899,6.843348,6.7713203069
2900,6.842982,6.77060003
2901,6.842671,6.769868899
2902,6.842411,6.7691260204
2903,6.842195,6.7683705052
2904,6.842018,6.7676015
2905,6.841872,6.7668181684
2906,6.841749,6.7660197234
2907,6.841641,6.7652054301
2908,6.841539,6.7643746087
2909,6.841433,6.7635266484
2910,6.841314,6.7626610222
2911,6.841172,6.7617772809
2912,6.840998,6.7608750682
2913,6.840784,6.7599541149
2914,6.840519,6.7590142326
2915,6.840196,6.7580553529
2916,6.839807,6.7570774881
2917,6.839344,6.756080747
2918,6.838802,6.7550653415
2919,6.838174,6.7540315556
2920,6.837456,6.752979775
2921,6.836644,6.7519104557
2922,6.835735,6.7508241282
2923,6.834728,6.7497213896
2924,6.833621,6.7486028816
2925,6.832414,6.7474693067
2926,6.83111,6.7463214054
2927,6.829708,6.7451599178
2928,6.828213,6.7439856389
2929,6.826627,6.742799338
2930,6.824955,6.7416018
2931,6.823201,6.7403937826
2932,6.82137,6.7391760294
2933,6.819468,6.7379492537
2934,6.8175,6.7367141212
2935,6.815472,6.7354712615
2936,6.813391,6.73422125
2937,6.811262,6.7329645873
2938,6.809091,6.7317017258
2939,6.806883,6.7304330492
2940,6.804643,6.7291588833
2941,6.802376,6.7278794915
2942,6.800086,6.726595069
2943,6.797777,6.7253057544
2944,6.795451,6.724011625
2945,6.793112,6.7227127273
2946,6.790761,6.721409037
2947,6.788399,6.7201005094
2948,6.786028,6.7187870769
2949,6.783647,6.7174686275
2950,6.781255,6.71614506
2951,6.778853,6.7148162857
2952,6.776439,6.7134821875
2953,6.774012,6.7121426809
2954,6.771569,6.7107976957
2955,6.76911,6.7094472222
2956,6.766632,6.70809125
2957,6.764133,6.7067298372
2958,6.761612,6.7053630952
2959,6.759067,6.7039911707
2960,6.756497,6.702614275
2961,6.7539,6.7012326667
2962,6.751276,6.6998466842
2963,6.748625,6.6984567027
2964,6.745946,6.6970631389
2965,6.743241,6.6956664857
2966,6.740509,6.6942672353
2967,6.737753,6.6928659697
2968,6.734975,6.69146325
2969,6.732175,6.6900596452
2970,6.729358,6.6886558
2971,6.726525,6.6872522759
2972,6.723679,6.6858496786
2973,6.720824,6.6844485926
2974,6.717962,6.6830495385
2975,6.715097,6.68165304
2976,6.712232,6.6802595417
2977,6.70937,6.6788694348
2978,6.706513,6.6774830455
2979,6.703665,6.6761006667
2980,6.700826,6.67472245
2981,6.698,6.6733485789
2982,6.695187,6.6719790556
2983,6.69239,6.6706138824
2984,6.689607,6.669252875
2985,6.68684,6.6678959333
2986,6.684088,6.6665427857
2987,6.681352,6.6651931538
2988,6.678629,6.6638465833
2989,6.675919,6.6625027273
2990,6.673219,6.6611611
2991,6.67053,6.6598213333
2992,6.667847,6.65848275
2993,6.66517,6.657145
2994,6.662496,6.6558075
2995,6.659824,6.6544698
2996,6.65715,6.65313125
2997,6.654474,6.6517916667
2998,6.651794,6.6504505
2999,6.649107,6.649107
