0,0,0
1,0,0.0148880903
2,0,0.0297575699
3,0,0.0446076151
4,0,0.0594375161
5,0,0.0742466624
6,0,0.0890345398
7,0,0.1038007204
8,0,0.1185448538
9,0,0.1332666581
10,0,0.1479659247
11,0,0.1626425097
12,0,0.1772963355
13,0,0.1919273935
14,0,0.2065357548
15,0,0.2211215699
16,0,0.2356850839
17,0,0.250226643
18,0,0.2647467097
19,0,0.2792458753
20,0,0.2937248731
21,0,0.3081845892
22,0,0.322626071
23,0,0.3370505398
24,0,0.3514593978
25,0,0.365854228
26,0,0.3802367914
27,0,0.3946090301
28,0,0.4089730538
29,0,0.4233311226
30,0,0.4376856366
31,0,0.4520391097
32,0,0.4663941462
33,0,0.4807534129
34,0,0.4951196043
35,0,0.5094954172
36,0,0.5238835075
37,0,0.5382864624
38,0,0.5527067656
39,0,0.5671467634
40,0,0.5816086366
41,0,0.5960943699
42,0,0.6106057269
43,0,0.6251442323
44,0,0.6397111484
45,0,0.6543074645
46,0,0.6689338817
47,0,0.6835908108
48,0,0.6982783613
49,0,0.7129963462
50,0,0.7277442753
51,0,0.7425213656
52,0,0.7573265441
53,0,0.7721584516
54,0,0.7870154559
55,0,0.8018956559
56,0,0.8167968989
57,0,0.8317167892
58,0,0.8466527054
59,0,0.8616018129
60,0,0.8765610839
61,0,0.8915273118
62,0,0.9064971419
63,0,0.9214670882
64,0,0.9364335634
65,0,0.9513929054
66,0,0.9663414129
67,0,0.9812753806
68,0,0.9961911333
69,0,1.0110850688
70,0,1.0259537011
71,0,1.0407936968
72,0,1.0556019269
73,0,1.0703755075
74,0,1.0851118387
75,0,1.0998086516
76,0,1.114464043
77,0,1.1290765075
78,0,1.143644972
79,0,1.1581688086
80,0,1.1726478602
81,0,1.187082443
82,0,1.2014733484
83,0,1.2158218301
84,0,1.2301295892
85,0,1.2443987484
86,0,1.2586318129
87,0,1.2728316323
88,0,1.2870013441
89,0,1.301144329
90,0,1.3152641419
91,0,1.3293644538
92,0,1.3434489935
93,0,1.3575214796
94,0,1.3715855656
95,0,1.3856447871
96,0,1.3997025054
97,0,1.413761871
98,0,1.4278257849
99,0,1.441896871
100,0,1.4559774602
101,0,1.4700695742
102,0,1.4841749247
103,0,1.4982949183
104,0,1.5124306624
105,0,1.5265829849
106,0,1.5407524495
107,0,1.5549393828
108,0,1.5691438968
109,0,1.5833659118
110,0,1.5976051849
111,0,1.611861329
112,0,1.6261338387
113,0,1.6404221011
114,0,1.6547254151
115,0,1.6690429957
116,0,1.6833739828
117,0,1.6977174366
118,0,1.7120723398
119,0,1.7264375828
120,0,1.7408119548
121,0,1.755194129
122,0,1.769582643
123,0,1.7839758839
124,0,1.7983720688
125,0,1.8127692237
126,0,1.8271651742
127,0,1.8415575269
128,0,1.8559436624
129,0,1.8703207376
130,0,1.8846856817
131,0,1.8990352108
132,0,1.9133658452
133,0,1.9276739333
134,0,1.9419556968
135,0,1.9562072624
136,0,1.9704247269
137,0,1.9846042151
138,0,1.9987419462
139,0,2.0128343204
140,0,2.0268779914
141,0,2.0408699613
142,0,2.0548076602
143,0,2.068689043
144,0,2.0825126645
145,0,2.0962777634
146,0,2.1099843269
147,0,2.1236331441
148,0,2.1372258495
149,0,2.1507649398
150,0,2.1642537785
151,0,2.1776965677
152,0,2.1910982989
153,0,2.2044646882
154,0,2.217802071
155,0,2.2311172882
156,0,2.2444175505
157,0,2.2577102839
158,0,2.2710029699
159,0,2.2843029849
160,0,2.2976174344
161,0,2.3109529978
162,0,2.3243157914
163,0,2.3377112516
164,0,2.3511440323
165,0,2.3646179376
166,0,2.3781358882
167,0,2.3916998989
168,0,2.4053111075
169,0,2.4189698172
170,0,2.4326755699
171,0,2.446427243
172,0,2.460223157
173,0,2.4740612086
174,0,2.4879390043
175,0,2.501854
176,0,2.5158036452
177,0,2.529785514
178,0,2.5437974301
179,0,2.5578375806
180,0,2.5719046065
181,0,2.585997671
182,0,2.6001165097
183,0,2.6142614495
184,0,2.6284334022
185,0,2.6426338301
186,0,2.656864686
187,0,2.6711283355
188,0,2.6854274452
189,0,2.6997648645
190,0,2.7141434882
191,0,2.7285661161
192,0,2.7430353054
193,0,2.7575532194
194,0,2.7721214946
195,0,2.7867411075
196,0,2.8014122559
197,0,2.8161342645
198,0,2.8309054925
199,0,2.8457232796
200,0,2.8605838925
201,0,2.8754824989
202,0,2.8904131591
203,0,2.9053688194
204,0,2.9203413312
205,0,2.9353214667
206,0,2.9502989398
207,0,2.965262428
208,0,2.9801995785
209,0,2.9950970172
210,0,3.0099403161
211,0,3.0247139441
212,0,3.0394011763
213,0,3.0539839419
214,0,3.0684426043
215,0,3.0827556301
216,0,3.0968991333
217,0,3.1108462108
218,0,3.1245660065
219,0,3.1380223634
220,0,3.1511718323
221,0,3.1639606796
222,0,3.1763202129
223,0,3.1881591032
224,0,3.1993499806
225,0,3.2097038516
226,0,3.218914286
227,0,3.2264041548
228,0,3.2305772602
229,0,3.2347503656
230,0,3.238923471
231,0,3.2430965763
232,0,3.2472696817
233,0,3.2514427871
234,0,3.2930447957
235,0,3.3226071075
236,0,3.3477737957
237,0,3.3705465032
238,0,3.391771314
239,0,3.4118904624
240,0,3.4311656086
241,0,3.4497648645
242,0,3.4678028258
243,0,3.4853612215
244,0,3.5025004903
245,0,3.5192667054
246,0,3.5356959419
247,0,3.5518171505
248,0,3.5676541204
249,0,3.5832268495
250,0,3.5985525484
251,0,3.6136463699
252,0,3.6285219591
253,0,3.6431918796
254,0,3.6576679269
255,0,3.6719613871
256,0,3.6860832258
257,0,3.7000442301
258,0,3.7138551247
259,0,3.7275266495
260,0,3.7410696108
261,0,3.754494914
262,0,3.767813572
263,0,3.7810366989
264,0,3.7941754903
265,0,3.8072411871
266,0,3.8202450301
267,0,3.8331982043
268,0,3.846111772
269,0,3.8589966086
270,0,3.8718633269
271,0,3.8847222
272,0,3.8975830903
273,0,3.9104553785
274,0,3.9233478925
275,0,3.9362688495
276,0,3.9492258
277,0,3.9622255871
278,0,3.9752743075
279,0,3.9883772903
280,0,4.0015390817
281,0,4.014763443
282,0,4.0280533634
283,0,4.0414110731
284,0,4.0548380688
285,0,4.0683351527
286,0,4.0819024731
287,0,4.0955395677
288,0,4.1092454215
289,0,4.1230185097
290,0,4.1368568645
291,0,4.1507581204
292,0,4.1647195742
293,0,4.1787382366
294,0,4.1928108796
295,0,4.2069340839
296,0,4.2211042796
297,0,4.2353177892
298,0,4.2495708581
299,0,4.2638596817
300,0,4.2781804387
301,0,4.2925293054
302,0,4.3069024774
303,0,4.3212961871
304,0,4.3357067118
305,0,4.3501303849
306,0,4.3645636108
307,0,4.3790028645
308,0,4.3934447054
309,0,4.4078857828
310,0,4.4223228473
311,0,4.4367527548
312,0,4.4511724839
313,0,4.4655791419
314,0,4.4799699806
315,0,4.4943424172
316,0,4.5086940473
317,0,4.5230226645
318,0,4.537326286
319,0,4.5516031699
320,0,4.5658518473
321,0,4.5800711419
322,0,4.5942601935
323,0,4.6084184882
324,0,4.6225458774
325,0,4.6366425978
326,0,4.6507092882
327,0,4.6647470043
328,0,4.6787572215
329,0,4.6927418387
330,0,4.706703172
331,0,4.7206439376
332,0,4.7345672323
333,0,4.7484764989
334,0,4.7623754882
335,0,4.7762682129
336,0,4.790158886
337,0,4.8040518645
338,0,4.8179515785
339,0,4.8318624624
340,0,4.8457888817
341,0,4.8597350602
342,0,4.8737050043
343,0,4.8877024452
344,0,4.9017307677
345,0,4.9157929634
346,0,4.9298915828
347,0,4.9440286968
348,0,4.9582058753
349,0,4.972424172
350,0,4.9866841161
351,0,5.0009857247
352,0,5.015328514
353,0,5.0297115333
354,0,5.0441333871
355,0,5.0585922839
356,0,5.0730860774
357,0,5.0876123183
358,0,5.1021683054
359,0,5.1167511355
360,0,5.1313577591
361,0,5.1459850323
362,0,5.1606297656
363,0,5.1752887677
364,0,5.189958886
365,0,5.2046370473
366,0,5.2193202882
367,0,5.2340057806
368,0,5.2486908559
369,0,5.2633730237
370,0,5.2780499763
371,0,5.2927196108
372,0,5.3073800194
373,0,5.3220295011
374,0,5.336666557
375,0,5.3512898882
376,0,5.3658983914
377,0,5.3804911548
378,0,5.3950674516
379,0,5.409626729
380,0,5.4241686129
381,0,5.4386928903
382,0,5.4531995097
383,0,5.467688572
384,0,5.4821603312
385,0,5.4966151785
386,0,5.5110536452
387,0,5.5254763914
388,0,5.5398841978
389,0,5.5542779634
390,0,5.5686586925
391,0,5.5830274882
392,0,5.5973855398
393,0,5.6117341161
394,0,5.6260745505
395,0,5.6404082366
396,0,5.6547366086
397,0,5.6690611355
398,0,5.6833833097
399,0,5.6977046366
400,0,5.7120266237
401,0,5.7263507742
402,0,5.7406785785
403,0,5.7550115118
404,0,5.7693510215
405,0,5.7836985312
406,0,5.7980554323
407,0,5.812423086
408,0,5.8268028172
409,0,5.8411959183
410,0,5.8556036409
411,0,5.8700272043
412,0,5.8844677849
413,0,5.8989265183
414,0,5.9134044925
415,0,5.9279027484
416,0,5.9424222667
417,0,5.9569639656
418,0,5.9715286925
419,0,5.9861172108
420,0,6.0007301892
421,0,6.0153681935
422,0,6.030031671
423,0,6.0447209355
424,0,6.0594361548
425,0,6.0741773419
426,0,6.0889443376
427,0,6.1037368
428,0,6.1185541957
429,0,6.1333957935
430,0,6.1482606559
431,0,6.1631476387
432,0,6.1780553892
433,0,6.1929823527
434,0,6.2079267763
435,0,6.2228867204
436,0,6.2378600753
437,0,6.2528445742
438,0,6.2678378194
439,0,6.2828372989
440,0,6.2978404194
441,0,6.3128445355
442,0,6.3278469785
443,0,6.3428450903
444,0,6.3578362581
445,0,6.3728179462
446,0,6.3877877333
447,0,6.4027433419
448,0,6.417682671
449,0,6.4326038215
450,0,6.4475051247
451,0,6.4623851634
452,0,6.4772427892
453,0,6.4920771376
454,0,6.5068876323
455,0,6.5216739914
456,0,6.5364362237
457,0,6.5511746237
458,0,6.565889757
459,0,6.5805824473
460,0,6.5952537527
461,0,6.6099049462
462,0,6.6245374817
463,0,6.6391529677
464,0,6.6537531419
465,6.922962,6.6683398323
466,6.914308,6.6680268387
467,6.905271,6.6677227849
468,6.895904,6.6674304172
469,6.886253,6.6671523441
470,6.876363,6.6668910258
471,6.866274,6.666648757
472,6.856022,6.6664276559
473,6.845639,6.6662296645
474,6.835159,6.6660565398
475,6.824612,6.6659098452
476,6.814029,6.6657909591
477,6.803442,6.6657010667
478,6.792888,6.6656411634
479,6.782404,6.6656120495
480,6.772034,6.6656143333
481,6.761825,6.6656484301
482,6.751831,6.6657145634
483,6.742112,6.6658127613
484,6.732734,6.6659428495
485,6.723768,6.6661044581
486,6.715289,6.6662970129
487,6.707378,6.6665197376
488,6.700119,6.6667716516
489,6.693596,6.6670515613
490,6.687892,6.6673580731
491,6.683091,6.6676895871
492,6.679271,6.6680442989
493,6.676502,6.6684202065
494,6.674849,6.6688151226
495,6.674365,6.6692266774
496,6.675092,6.6696523312
497,6.677059,6.6700893871
498,6.680279,6.6705350065
499,6.684753,6.670986228
500,6.690462,6.6714399806
501,6.697374,6.6718931097
502,6.705441,6.6723423935
503,6.714599,6.6727845677
504,6.724771,6.6732163462
505,6.735866,6.6736344452
506,6.747781,6.6740356043
507,6.760405,6.6744166194
508,6.773616,6.6747743591
509,6.787287,6.6751057978
510,6.801284,6.6754080344
511,6.815472,6.6756783269
512,6.829711,6.6759141161
513,6.843863,6.6761130559
514,6.857787,6.6762730366
515,6.871347,6.6763922237
516,6.884408,6.6764690753
517,6.896837,6.6765023763
518,6.908507,6.6764912645
519,6.919293,6.6764352516
520,6.929078,6.6763342516
521,6.937749,6.6761885935
522,6.945201,6.6759990387
523,6.951335,6.6757667914
524,6.956061,6.6754935032
525,6.959296,6.6751812667
526,6.960971,6.6748326172
527,6.961025,6.6744505032
528,6.959411,6.6740382731
529,6.956094,6.6735996366
530,6.951056,6.6731386366
531,6.944295,6.6726595914
532,6.935825,6.6721670452
533,6.92568,6.6716657183
534,6.913914,6.6711604323
535,6.900598,6.6706560516
536,6.885827,6.6701574129
537,6.869715,6.6696692538
538,6.852394,6.6691961441
539,6.834018,6.6687424237
540,6.814757,6.6683121376
541,6.794796,6.6679089785
542,6.774336,6.6675362387
543,6.753584,6.6671967656
544,6.732759,6.6668929355
545,6.712081,6.6666266237
546,6.691771,6.6663991935
547,6.672044,6.6662114968
548,6.653108,6.6660638839
549,6.635159,6.6659562215
550,6.618375,6.6658879204
551,6.602916,6.6658579763
552,6.588916,6.6658650065
553,6.576488,6.665907314
554,6.565713,6.665982929
555,6.556645,6.666089671
556,6.549311,6.6662252129
557,6.543706,6.6663871226
558,6.5398,6.6665729333
559,6.537538,6.6667801806
560,6.536839,6.6670064452
561,6.537605,6.6672493978
562,6.53972,6.6675068215
563,6.543055,6.6677766344
564,6.547474,6.6680569011
565,6.552833,6.6683458366
566,6.558988,6.6686418065
567,6.565797,6.6689433161
568,6.573121,6.6692489957
569,6.58083,6.6695575914
570,6.588801,6.669867929
571,6.596924,6.6701789097
572,6.605099,6.6704894731
573,6.613237,6.6707985828
574,6.621262,6.6711052108
575,6.629107,6.6714083183
576,6.636717,6.6717068452
577,6.644042,6.6719997032
578,6.651041,6.6722857806
579,6.657675,6.6725639398
580,6.663909,6.6728330366
581,6.669706,6.6730919269
582,6.67503,6.6733394946
583,6.679838,6.6735746731
584,6.684083,6.6737964774
585,6.687711,6.6740040366
586,6.690659,6.6741966237
587,6.692857,6.6743736989
588,6.694226,6.6745349333
589,6.694677,6.6746802495
590,6.694117,6.6748098473
591,6.692444,6.6749242323
592,6.689553,6.6750242301
593,6.68534,6.6751110086
594,6.679699,6.675186071
595,6.672531,6.6752512602
596,6.663745,6.6753087484
597,6.653261,6.6753610022
598,6.64102,6.6754107677
599,6.626978,6.6754610043
600,6.611121,6.6755148516
601,6.593462,6.6755755527
602,6.574045,6.6756463849
603,6.552954,6.6757305871
604,6.530307,6.6758312645
605,6.506266,6.6759513032
606,6.48103,6.6760932796
607,6.454843,6.676259372
608,6.427984,6.6764512645
609,6.400771,6.6766700731
610,6.373552,6.6769162731
611,6.3467,6.6771896387
612,6.320608,6.6774892022
613,6.295677,6.677813228
614,6.27231,6.6781592129
615,6.250897,6.6785238989
616,6.231805,6.6789033247
617,6.215371,6.6792928946
618,6.201883,6.6796874624
619,6.191576,6.6800814581
620,6.184622,6.6804690194
621,6.181121,6.6808441441
622,6.181099,6.6812008495
623,6.184507,6.6815333441
624,6.191219,6.6818361828
625,6.201037,6.6821044366
626,6.213699,6.6823338323
627,6.228889,6.6825208753
628,6.246243,6.6826629441
629,6.265366,6.6827583763
630,6.285847,6.6828064968
631,6.307265,6.6828076258
632,6.329212,6.6827630667
633,6.3513,6.6826750452
634,6.373175,6.6825466258
635,6.394528,6.6823816151
636,6.4151,6.6821844258
637,6.434694,6.6819599484
638,6.453175,6.6817133849
639,6.470473,6.6814501011
640,6.486585,6.6811754667
641,6.501569,6.6808946903
642,6.515541,6.6806126796
643,6.52867,6.6803339097
644,6.541167,6.6800622882
645,6.553275,6.6798010624
646,6.56526,6.6795527376
647,6.577397,6.6793190151
648,6.589958,6.6791007548
649,6.603199,6.6788979677
650,6.617348,6.678709828
651,6.632597,6.6785347054
652,6.649086,6.6783702237
653,6.6669,6.6782133376
654,6.68606,6.6780604258
655,6.706522,6.6779073935
656,6.728173,6.6777497828
657,6.75083,6.6775828968
658,6.774248,6.6774019204
659,6.79812,6.6772020344
660,6.822084,6.6769785333
661,6.845734,6.6767269312
662,6.868621,6.6764430516
663,6.890271,6.6761231269
664,6.910185,6.6757638538
665,6.927852,6.6753624667
666,6.942757,6.6749167828
667,6.954382,6.6744252366
668,6.962218,6.6738869183
669,6.965763,6.6733015785
670,6.964525,6.6726696495
671,6.958022,6.6719922559
672,6.945775,6.6712712215
673,6.927309,6.6705090796
674,6.902134,6.6697090839
675,6.869737,6.6688752495
676,6.829563,6.6680123935
677,6.780986,6.6671262
678,6.723278,6.6662233312
679,6.655557,6.6653115849
680,6.576729,6.6644001161
681,6.485391,6.6634997548
682,6.379705,6.6626234645
683,6.257206,6.661787
684,6.114503,6.6610098538
685,5.946814,6.6603166839
686,5.747183,6.659739486
687,5.505084,6.6593210473
688,5.203758,6.6591207548
689,4.81455,6.6592250108
690,4.282852,6.6597678323
691,3.482789,6.6609777828
692,1.940494,6.6633140968
693,1.940494,6.6681778946
694,1.940494,6.6718836602
695,1.940494,6.6735327591
696,1.940494,6.6751818581
697,1.940494,6.676830957
698,19.344934,6.6784800559
699,13.746475,6.6730063785
700,11.70251,6.6643507462
701,10.589309,6.6566272516
702,9.869537,6.649641628
703,9.355404,6.6432008903
704,8.962943,6.6371806473
705,8.648654,6.6315022559
706,8.387652,6.6261157247
707,8.164654,6.6209894817
708,7.96976,6.6161041699
709,7.79629,6.6114487484
710,7.639595,6.6070179075
711,7.496362,6.6028102774
712,7.364191,6.5988271333
713,7.241319,6.5950714215
714,7.12645,6.5915470258
715,7.018627,6.5882581699
716,6.917149,6.5852089634
717,6.821513,6.5824030409
718,6.731362,6.5798432753
719,6.646459,6.5775315763
720,6.566655,6.575468729
721,6.491867,6.5736542882
722,6.422066,6.5720865376
723,6.357259,6.5707624516
724,6.297477,6.5696777118
725,6.242766,6.5688267505
726,6.193176,6.5682028
727,6.148754,6.5677979742
728,6.109538,6.5676033527
729,6.075549,6.5676090774
730,6.046787,6.5678044559
731,6.023226,6.5681780667
732,6.004809,6.5687178624
733,5.991449,6.5694112839
734,5.983024,6.5702453484
735,5.979376,6.571206757
736,5.980314,6.5722819871
737,5.985614,6.5734573742
738,5.995019,6.5747191914
739,6.008245,6.5760537269
740,6.024982,6.5774473505
741,6.044901,6.5788865677
742,6.067655,6.5803580817
743,6.092887,6.5818488387
744,6.120233,6.5833460796
745,6.149328,6.5848373806
746,6.179813,6.5863106989
747,6.211335,6.5877544065
748,6.243553,6.5891573441
749,6.276144,6.5905088602
750,6.308804,6.5917988624
751,6.341249,6.5930178624
752,6.373222,6.5941570344
753,6.404486,6.5952082688
754,6.434835,6.5961642344
755,6.464084,6.5970184366
756,6.492076,6.597765286
757,6.518678,6.5984001527
758,6.543779,6.5989194258
759,6.56729,6.5993205763
760,6.589141,6.5996021935
761,6.609282,6.5997640366
762,6.627677,6.5998070473
763,6.644303,6.5997333742
764,6.659152,6.5995463634
765,6.672223,6.5992505376
766,6.683525,6.5988515591
767,6.693075,6.5983561613
768,6.700894,6.5977720731
769,6.707008,6.5971079118
770,6.71145,6.596373071
771,6.714253,6.5955775699
772,6.715456,6.5947319204
773,6.715101,6.5938469548
774,6.713235,6.592933671
775,6.709907,6.5920030602
776,6.705174,6.5910659505
777,6.699096,6.5901328452
778,6.69174,6.5892137871
779,6.683183,6.5883182258
780,6.673508,6.5874549011
781,6.662807,6.5866317505
782,6.651184,6.5858558366
783,6.638751,6.5851332817
784,6.625635,6.5844692366
785,6.611972,6.5838678495
786,6.597909,6.5833322645
787,6.583607,6.582864628
788,6.569236,6.5824661075
789,6.554975,6.5821369204
790,6.541011,6.5818763763
791,6.527538,6.5816829269
792,6.514751,6.5815542129
793,6.502847,6.5814871355
794,6.49202,6.5814779161
795,6.482456,6.5815221656
796,6.474332,6.5816149699
797,6.467809,6.5817509613
798,6.46303,6.5819244065
799,6.460117,6.5821292946
800,6.459163,6.5823594237
801,6.460235,6.5826084946
802,6.463367,6.5828702043
803,6.468561,6.5831383355
804,6.475785,6.5834068516
805,6.484973,6.583669972
806,6.496024,6.5839222645
807,6.50881,6.5841587183
808,6.52317,6.5843748022
809,6.538921,6.584566529
810,6.555858,6.5847304946
811,6.573758,6.5848639118
812,6.592388,6.5849646344
813,6.611508,6.5850311613
814,6.630874,6.585062628
815,6.650248,6.5850588
816,6.669397,6.5850200344
817,6.688104,6.584947243
818,6.706162,6.5848418452
819,6.723387,6.5847057161
820,6.739614,6.5845411226
821,6.754702,6.5843506602
822,6.768534,6.5841371871
823,6.781016,6.583903757
824,6.79208,6.5836535591
825,6.801682,6.5833898495
826,6.809801,6.5831158989
827,6.816436,6.5828349333
828,6.821605,6.5825500946
829,6.825345,6.5822643957
830,6.827707,6.5819806882
831,6.828754,6.5817016344
832,6.82856,6.5814296903
833,6.827208,6.5811670946
834,6.824783,6.5809158559
835,6.82138,6.580677757
836,6.81709,6.5804543505
837,6.812009,6.5802469763
838,6.806231,6.5800567656
839,6.799849,6.5798846559
840,6.792954,6.5797314
841,6.785635,6.5795975892
842,6.777978,6.5794836559
843,6.770064,6.5793898989
844,6.761976,6.5793164925
845,6.753789,6.5792634882
846,6.745578,6.5792308409
847,6.737414,6.5792184
848,6.729368,6.5792259269
849,6.721504,6.5792530882
850,6.713887,6.5792994645
851,6.706577,6.5793645505
852,6.69963,6.5794477505
853,6.693101,6.5795483828
854,6.687039,6.579665671
855,6.68149,6.5797987505
856,6.676494,6.5799466624
857,6.672088,6.580108357
858,6.668302,6.5802826925
859,6.665164,6.5804684387
860,6.662693,6.5806642774
861,6.660905,6.5808688129
862,6.659811,6.5810805742
863,6.659417,6.5812980301
864,6.659724,6.5815195914
865,6.66073,6.581743628
866,6.662429,6.5819684817
867,6.664814,6.5821924774
868,6.667872,6.5824139333
869,6.671592,6.5826311849
870,6.675959,6.5828425914
871,6.680959,6.583046557
872,6.686575,6.5832415333
873,6.692792,6.5834260473
874,6.699591,6.5835986989
875,6.706957,6.5837581849
876,6.71487,6.5839032925
877,6.723311,6.5840329226
878,6.732258,6.584146086
879,6.741689,6.5842419161
880,6.751576,6.5843196645
881,6.76189,6.5843787097
882,6.772598,6.584418557
883,6.783661,6.5844388366
884,6.795035,6.5844393097
885,6.806672,6.5844198645
886,6.818517,6.584380514
887,6.830508,6.5843214022
888,6.842577,6.5842427957
889,6.854652,6.5841450946
890,6.866653,6.5840288237
891,6.878495,6.5838946344
892,6.890089,6.5837433097
893,6.901343,6.5835757591
894,6.912161,6.5833930237
895,6.922447,6.5831962731
896,6.932104,6.5829867978
897,6.941038,6.5827660108
898,6.949157,6.582535443
899,6.956374,6.582296729
900,6.96261,6.5820516043
901,6.967792,6.5818018796
902,6.971859,6.5815494344
903,6.974758,6.5812961957
904,6.976451,6.5810441161
905,6.976914,6.5807951462
906,6.976136,6.5805512108
907,6.974122,6.5803141806
908,6.970893,6.5800858409
909,6.966485,6.5798678667
910,6.960951,6.5796617914
911,6.954358,6.5794689806
912,6.946788,6.5792906086
913,6.938335,6.5791276366
914,6.929106,6.5789807978
915,6.919218,6.5788505828
916,6.908796,6.5787372323
917,6.897972,6.5786407398
918,6.88688,6.5785608495
919,6.875657,6.5784970753
920,6.864438,6.5784487161
921,6.853356,6.5784148731
922,6.842537,6.578394486
923,6.832101,6.5783863613
924,6.822157,6.5783892043
925,6.812805,6.5784016624
926,6.804129,6.578422357
927,6.796201,6.5784499333
928,6.789081,6.578483086
929,6.782811,6.5785206
930,6.77742,6.5785613763
931,6.772923,6.5786044602
932,6.76932,6.5786490602
933,6.7666,6.5786945613
934,6.76474,6.5787405312
935,6.763708,6.5787867183
936,6.763462,6.578833043
937,6.763956,6.5788795849
938,6.765136,6.5789265591
939,6.766946,6.5789742989
940,6.76933,6.5790232215
941,6.772229,6.5790737871
942,6.775587,6.5791264817
943,6.77935,6.579181772
944,6.783466,6.579240071
945,6.787889,6.579301714
946,6.792577,6.5793669247
947,6.797493,6.5794357892
948,6.802603,6.5795082387
949,6.807882,6.5795840409
950,6.813306,6.5796627763
951,6.818856,6.5797438495
952,6.824518,6.579826486
953,6.830277,6.5799097376
954,6.836124,6.5799925054
955,6.842046,6.5800735484
956,6.848032,6.5801515161
957,6.854068,6.5802249742
958,6.860138,6.5802924344
959,6.866222,6.5803523849
960,6.872294,6.5804033312
961,6.878323,6.5804438258
962,6.884272,6.5804725075
963,6.890097,6.5804881333
964,6.895748,6.5804896151
965,6.901167,6.5804760387
966,6.906291,6.5804467032
967,6.911052,6.5804011355
968,6.915376,6.5803391054
969,6.919187,6.5802606452
970,6.922405,6.5801660473
971,6.924953,6.5800558774
972,6.926754,6.5799309591
973,6.927735,6.5797923656
974,6.927827,6.5796414043
975,6.92697,6.5794796
976,6.925114,6.5793086645
977,6.922218,6.5791304667
978,6.918254,6.578947
979,6.913209,6.5787603505
980,6.907083,6.5785726516
981,6.899893,6.5783860559
982,6.89167,6.5782026903
983,6.882461,6.5780246215
984,6.872328,6.5778538237
985,6.861347,6.5776921462
986,6.849606,6.577541286
987,6.837206,6.5774027656
988,6.824256,6.577277914
989,6.810871,6.5771678516
990,6.797174,6.5770734903
991,6.783288,6.5769955226
992,6.769338,6.5769344344
993,6.755445,6.5768905011
994,6.741729,6.5768638129
995,6.7283,6.5768542796
996,6.715261,6.5768616559
997,6.702708,6.5768855677
998,6.690722,6.5769255183
999,6.679377,6.5769809247
1000,6.668731,6.5770511312
1001,6.658833,6.5771354344
1002,6.649719,6.5772330903
1003,6.641414,6.5773433398
1004,6.633935,6.5774654108
1005,6.627288,6.5775985269
1006,6.621472,6.5777419075
1007,6.616481,6.5778947677
1008,6.612303,6.5780563161
1009,6.608924,6.5782257441
1010,6.606326,6.5784022129
1011,6.604492,6.5785848473
1012,6.603404,6.5787727226
1013,6.603045,6.5789648495
1014,6.603399,6.5791601634
1015,6.604451,6.579357514
1016,6.606185,6.5795556602
1017,6.608589,6.5797532688
1018,6.611649,6.5799489054
1019,6.615348,6.5801410452
1020,6.619672,6.5803280796
1021,6.624599,6.5805083226
1022,6.630108,6.5806800344
1023,6.63617,6.580841428
1024,6.642751,6.5809907011
1025,6.649812,6.5811260581
1026,6.657307,6.5812457333
1027,6.665183,6.5813480151
1028,6.673379,6.5814312796
1029,6.681829,6.5814940129
1030,6.690459,6.5815348409
1031,6.69919,6.5815525484
1032,6.707938,6.5815461054
1033,6.716618,6.5815146839
1034,6.725137,6.5814576688
1035,6.733407,6.581374686
1036,6.741336,6.5812655914
1037,6.748835,6.5811304882
1038,6.755819,6.5809697226
1039,6.762207,6.580783886
1040,6.767922,6.5805738
1041,6.772896,6.5803405161
1042,6.777068,6.5800852946
1043,6.780385,6.5798095935
1044,6.782805,6.5795150473
1045,6.784293,6.579203443
1046,6.784825,6.5788766989
1047,6.784388,6.5785368452
1048,6.782977,6.5781859849
1049,6.780598,6.5778262817
1050,6.777264,6.5774599226
1051,6.772999,6.5770890946
1052,6.767831,6.5767159548
1053,6.761798,6.5763426129
1054,6.75494,6.5759710968
1055,6.747306,6.5756033398
1056,6.738943,6.5752411484
1057,6.729905,6.5748862
1058,6.720244,6.5745400151
1059,6.710012,6.5742039527
1060,6.699263,6.5738792
1061,6.688043,6.5735667634
1062,6.676402,6.5732674774
1063,6.66438,6.5729819957
1064,6.652017,6.5727108043
1065,6.639347,6.5724542323
1066,6.626399,6.5722124559
1067,6.613199,6.5719855269
1068,6.599769,6.5717733828
1069,6.586125,6.5715758688
1070,6.572285,6.5713927699
1071,6.558263,6.5712238301
1072,6.544073,6.5710687785
1073,6.52973,6.5709273613
1074,6.515254,6.5707993742
1075,6.500667,6.5706846774
1076,6.485997,6.5705832366
1077,6.47128,6.5704951398
1078,6.45656,6.5704206194
1079,6.441889,6.5703600731
1080,6.42733,6.5703140796
1081,6.412955,6.5702834022
1082,6.398845,6.5702689935
1083,6.385091,6.5702719978
1084,6.371792,6.570293729
1085,6.359055,6.5703356602
1086,6.346989,6.5703993871
1087,6.335709,6.5704866022
1088,6.325327,6.5705990409
1089,6.315957,6.5707384409
1090,6.307706,6.5709064774
1091,6.300674,6.5711047054
1092,6.294951,6.5713344903
1093,6.290619,6.5715969462
1094,6.287742,6.5718928602
1095,6.286372,6.5722226344
1096,6.286545,6.5725862237
1097,6.288282,6.5729830774
1098,6.291585,6.5734120925
1099,6.296445,6.5738715849
1100,6.302835,6.5743592452
1101,6.310718,6.5748721419
1102,6.320042,6.5754067032
1103,6.330748,6.5759587355
1104,6.342768,6.5765234409
1105,6.356024,6.5770954473
1106,6.370434,6.5776688667
1107,6.385913,6.5782373441
1108,6.402366,6.5787941226
1109,6.419697,6.5793321333
1110,6.437804,6.5798440753
1111,6.456579,6.5803225097
1112,6.475906,6.5807599699
1113,6.495662,6.5811490667
1114,6.515714,6.5814826022
1115,6.535916,6.5817536882
1116,6.556113,6.5819558645
1117,6.576134,6.5820832172
1118,6.595796,6.5821304968
1119,6.6149,6.582093228
1120,6.633233,6.5819678194
1121,6.650571,6.5817516688
1122,6.666676,6.5814432452
1123,6.681301,6.5810421742
1124,6.694192,6.5805493032
1125,6.705089,6.5799667548
1126,6.71373,6.5792979634
1127,6.719856,6.5785476989
1128,6.723209,6.577722071
1129,6.72354,6.5768285183
1130,6.720609,6.5758757849
1131,6.714188,6.5748738731
1132,6.704064,6.5738339871
1133,6.690035,6.5727684645
1134,6.671916,6.5716907054
1135,6.649537,6.5706150731
1136,6.622741,6.5695568108
1137,6.591379,6.5685319376
1138,6.555311,6.5675571677
1139,6.514401,6.5666498151
1140,6.468509,6.565827714
1141,6.417483,6.5651091548
1142,6.361152,6.5645128387
1143,6.299316,6.5640578559
1144,6.231724,6.5637636925
1145,6.158061,6.5636502839
1146,6.077916,6.5637381183
1147,5.990749,6.5640484129
1148,5.895833,6.5646033806
1149,5.792179,6.5654266366
1150,5.678417,6.5665437957
1151,5.552609,6.5679833505
1152,5.411948,6.569778
1153,5.252237,6.5719666839
1154,5.066962,6.5745978172
1155,4.845479,6.5777346688
1156,4.569175,6.5814648538
1157,4.20216,6.5859184516
1158,3.663675,6.5913068344
1159,2.707325,6.5980221613
1160,2.707325,6.6069994
1161,2.707325,6.6162437376
1162,2.707325,6.6258742043
1163,16.799674,6.6361677763
1164,9.721606,6.6177480409
1165,8.111085,6.6286902194
1166,7.340994,6.618141628
1167,6.874594,6.6139244688
1168,6.555991,6.6117965269
1169,6.322491,6.610860772
1170,6.143917,6.6107265591
1171,6.003949,6.6111755269
1172,5.892984,6.6120671419
1173,5.804989,6.6133019634
1174,5.735949,6.6148046065
1175,5.683047,6.6165149398
1176,5.6442,6.6183831656
1177,5.617785,6.6203669355
1178,5.602475,6.6224295935
1179,5.597132,6.624539071
1180,5.600746,6.6266671763
1181,5.612395,6.6287891333
1182,5.631222,6.6308832495
1183,5.656422,6.632930671
1184,5.687235,6.6349151914
1185,5.72294,6.6368230817
1186,5.762863,6.6386429226
1187,5.806366,6.6403654344
1188,5.852855,6.641983314
1189,5.90178,6.6434910581
1190,5.952629,6.6448847677
1191,6.004932,6.6461619785
1192,6.058255,6.6473214667
1193,6.1122,6.6483630753
1194,6.1664,6.6492875376
1195,6.220516,6.6500963247
1196,6.274231,6.6507914925
1197,6.32725,6.6513755677
1198,6.379289,6.6518514323
1199,6.430079,6.6522222559
1200,6.479358,6.6524914237
1201,6.526869,6.6526625032
1202,6.572359,6.652739228
1203,6.615578,6.6527255011
1204,6.65628,6.6526254043
1205,6.694218,6.6524432301
1206,6.729155,6.6521835226
1207,6.760857,6.651851114
1208,6.789104,6.651451172
1209,6.813688,6.6509892323
1210,6.834421,6.6504712301
1211,6.851137,6.6499035204
1212,6.863701,6.6492928903
1213,6.872008,6.6486465398
1214,6.875995,6.6479720559
1215,6.875639,6.6472773677
1216,6.870964,6.6465706796
1217,6.862046,6.6458603849
1218,6.84901,6.6451549656
1219,6.832039,6.6444628839
1220,6.811369,6.6437924387
1221,6.787289,6.6431516452
1222,6.76014,6.642548086
1223,6.730314,6.6419887785
1224,6.698242,6.6414800301
1225,6.664398,6.6410273312
1226,6.629282,6.6406352237
1227,6.593419,6.640307228
1228,6.557343,6.6400457634
1229,6.521593,6.639852114
1230,6.486698,6.6397264108
1231,6.453165,6.6396676473
1232,6.421474,6.639673729
1233,6.392059,6.6397415462
1234,6.365307,6.6398670796
1235,6.341542,6.6400455269
1236,6.321026,6.6402714516
1237,6.303947,6.6405389462
1238,6.290424,6.6408418022
1239,6.280501,6.641173686
1240,6.274151,6.6415283118
1241,6.27128,6.6418995978
1242,6.271734,6.6422818194
1243,6.275304,6.6426697333
1244,6.281737,6.6430586796
1245,6.290743,6.6434446581
1246,6.302007,6.6438243828
1247,6.315196,6.6441952989
1248,6.32997,6.6445555763
1249,6.34599,6.6449040903
1250,6.362925,6.6452403591
1251,6.380458,6.6455644903
1252,6.398295,6.6458770882
1253,6.416164,6.6461791699
1254,6.433822,6.6464720645
1255,6.451057,6.6467573226
1256,6.467686,6.6470366129
1257,6.48356,6.6473116387
1258,6.49856,6.6475840473
1259,6.512596,6.6478553677
1260,6.52561,6.6481269398
1261,6.537568,6.6483998645
1262,6.548461,6.6486749699
1263,6.558303,6.6489527849
1264,6.567127,6.6492335226
1265,6.574981,6.6495170774
1266,6.58193,6.6498030366
1267,6.588048,6.6500906903
1268,6.593421,6.6503790559
1269,6.598136,6.6506669011
1270,6.602289,6.6509527914
1271,6.605975,6.6512351075
1272,6.609289,6.6515120989
1273,6.612323,6.651781914
1274,6.615165,6.652042643
1275,6.617897,6.652292357
1276,6.620594,6.6525291398
1277,6.623323,6.6527511312
1278,6.62614,6.6529565462
1279,6.629094,6.6531437183
1280,6.632222,6.6533111118
1281,6.635549,6.6534573505
1282,6.639094,6.6535812409
1283,6.642862,6.6536817785
1284,6.646851,6.653758172
1285,6.651049,6.6538098452
1286,6.655437,6.6538364495
1287,6.659989,6.6538378624
1288,6.664674,6.6538141935
1289,6.669455,6.6537657871
1290,6.674295,6.6536932108
1291,6.679152,6.6535972538
1292,6.683986,6.6534789226
1293,6.688755,6.6533394194
1294,6.693421,6.6531801441
1295,6.697947,6.6530026667
1296,6.7023,6.6528087161
1297,6.706453,6.6526001613
1298,6.710382,6.6523789806
1299,6.714067,6.6521472452
1300,6.717496,6.6519070989
1301,6.720661,6.6516607226
1302,6.723561,6.6514103118
1303,6.7262,6.6511580473
1304,6.728585,6.6509060667
1305,6.730732,6.6506564452
1306,6.732656,6.6504111591
1307,6.734381,6.6501720731
1308,6.73593,6.6499409097
1309,6.737329,6.6497192366
1310,6.738608,6.6495084516
1311,6.739793,6.6493097656
1312,6.740914,6.6491242043
1313,6.741998,6.6489525957
1314,6.743069,6.6487955763
1315,6.744152,6.6486536
1316,6.745265,6.6485269355
1317,6.746424,6.6484156903
1318,6.74764,6.6483198215
1319,6.748921,6.6482391548
1320,6.750269,6.6481734022
1321,6.751682,6.6481221828
1322,6.753154,6.6480850473
1323,6.754674,6.6480614946
1324,6.756229,6.6480509978
1325,6.757802,6.6480530151
1326,6.759374,6.6480670086
1327,6.760928,6.6480924602
1328,6.762443,6.6481288688
1329,6.763901,6.6481757699
1330,6.765287,6.6482327312
1331,6.766587,6.6482993505
1332,6.767791,6.6483752538
1333,6.768894,6.6484600882
1334,6.769896,6.6485535161
1335,6.770803,6.6486551957
1336,6.771623,6.6487647763
1337,6.772374,6.6488818882
1338,6.773075,6.6490061226
1339,6.773752,6.6491370301
1340,6.774432,6.6492741075
1341,6.775148,6.6494168
1342,6.775932,6.6495644839
1343,6.776819,6.6497164817
1344,6.777842,6.6498720559
1345,6.779032,6.6500304172
1346,6.780419,6.6501907376
1347,6.782028,6.650352157
1348,6.783881,6.6505138043
1349,6.785993,6.6506748022
1350,6.788374,6.6508342925
1351,6.79103,6.6509914495
1352,6.793956,6.6511454925
1353,6.797146,6.6512957075
1354,6.800586,6.6514414473
1355,6.804255,6.6515821505
1356,6.808129,6.6517173462
1357,6.812178,6.6518466538
1358,6.816371,6.6519697871
1359,6.820672,6.6520865441
1360,6.825041,6.6521968043
1361,6.829438,6.6523005226
1362,6.833824,6.6523977097
1363,6.838155,6.6524884237
1364,6.842391,6.652572757
1365,6.846488,6.6526508151
1366,6.850405,6.6527227161
1367,6.854103,6.652788572
1368,6.857541,6.6528484731
1369,6.86068,6.6529024946
1370,6.863484,6.652950686
1371,6.865917,6.6529930688
1372,6.867944,6.6530296495
1373,6.869535,6.6530604237
1374,6.87066,6.6530853806
1375,6.871294,6.6531045247
1376,6.871415,6.653117886
1377,6.871006,6.6531255398
1378,6.870055,6.6531276215
1379,6.868556,6.6531243441
1380,6.86651,6.6531160129
1381,6.863927,6.6531030387
1382,6.860823,6.6530859462
1383,6.857225,6.6530653806
1384,6.85317,6.6530421075
1385,6.848701,6.6530170022
1386,6.843876,6.6529910495
1387,6.838759,6.6529653161
1388,6.833423,6.6529409398
1389,6.82795,6.6529190968
1390,6.822428,6.6529009699
1391,6.816952,6.6528877247
1392,6.811617,6.6528804581
1393,6.806525,6.6528801806
1394,6.801772,6.6528877613
1395,6.797454,6.6529039118
1396,6.793662,6.6529291484
1397,6.790478,6.6529637634
1398,6.787976,6.6530078108
1399,6.786217,6.6530610968
1400,6.785249,6.6531231677
1401,6.785104,6.6531933226
1402,6.785799,6.6532706215
1403,6.787335,6.6533539032
1404,6.789695,6.6534418172
1405,6.792843,6.6535328538
1406,6.796732,6.6536253914
1407,6.801297,6.653717729
1408,6.806459,6.6538081419
1409,6.81213,6.653894929
1410,6.818212,6.6539764538
1411,6.824599,6.6540511892
1412,6.831182,6.6541177677
1413,6.837851,6.6541750043
1414,6.844494,6.6542219333
1415,6.851005,6.6542578323
1416,6.857282,6.6542822323
1417,6.86323,6.6542949269
1418,6.868764,6.6542959699
1419,6.873809,6.6542856667
1420,6.878301,6.6542645548
1421,6.88219,6.6542333849
1422,6.885437,6.6541930839
1423,6.888015,6.6541447247
1424,6.889912,6.6540894946
1425,6.891124,6.654028643
1426,6.89166,6.6539634538
1427,6.891538,6.6538952
1428,6.890786,6.6538251075
1429,6.889435,6.6537543183
1430,6.887526,6.6536838753
1431,6.885102,6.653614686
1432,6.882208,6.6535475075
1433,6.878892,6.6534829419
1434,6.875199,6.653421428
1435,6.871176,6.6533632495
1436,6.866866,6.6533085398
1437,6.862308,6.6532572946
1438,6.857538,6.6532094022
1439,6.852588,6.6531646559
1440,6.847485,6.6531227914
1441,6.842252,6.6530835054
1442,6.836906,6.6530464882
1443,6.831462,6.6530114559
1444,6.825929,6.652978172
1445,6.820316,6.6529464731
1446,6.814628,6.6529162839
1447,6.808868,6.6528876323
1448,6.80304,6.6528606688
1449,6.797148,6.6528356581
1450,6.791197,6.6528129849
1451,6.785194,6.6527931398
1452,6.77915,6.6527767161
1453,6.773077,6.6527643871
1454,6.766993,6.652756886
1455,6.760919,6.6527549828
1456,6.754882,6.6527594602
1457,6.748909,6.6527710817
1458,6.743035,6.6527905742
1459,6.737296,6.6528185957
1460,6.73173,6.6528557097
1461,6.72638,6.6529023742
1462,6.721285,6.6529589118
1463,6.716486,6.6530255097
1464,6.712023,6.6531022043
1465,6.707932,6.6531888796
1466,6.704243,6.6532852667
1467,6.700985,6.653390957
1468,6.698177,6.6535054043
1469,6.695834,6.6536279398
1470,6.69396,6.6537577914
1471,6.692552,6.6538941054
1472,6.691601,6.6540359613
1473,6.691087,6.6541823914
1474,6.690982,6.6543324065
1475,6.691251,6.6544850151
1476,6.691854,6.6546392409
1477,6.692743,6.6547941312
1478,6.693866,6.6549487806
1479,6.695167,6.6551023333
1480,6.696589,6.6552539978
1481,6.698073,6.6554030452
1482,6.69956,6.6555488108
1483,6.700994,6.6556906968
1484,6.702319,6.6558281656
1485,6.703485,6.6559607398
1486,6.704445,6.6560879914
1487,6.705156,6.6562095376
1488,6.705582,6.6563250366
1489,6.705692,6.6564341785
1490,6.705461,6.6565366817
1491,6.704868,6.6566322882
1492,6.703901,6.6567207613
1493,6.70255,6.656801886
1494,6.700814,6.6568754688
1495,6.698693,6.6569413355
1496,6.696194,6.6569993398
1497,6.693327,6.6570493634
1498,6.690106,6.657091329
1499,6.68655,6.6571251978
1500,6.682678,6.6571509742
1501,6.678513,6.6571687204
1502,6.674079,6.6571785548
1503,6.669405,6.6571806645
1504,6.664517,6.6571752946
1505,6.659445,6.6571627656
1506,6.654218,6.6571434645
1507,6.648867,6.6571178473
1508,6.643421,6.6570864344
1509,6.637909,6.6570498086
1510,6.632357,6.6570086086
1511,6.626793,6.6569635247
1512,6.621238,6.656915286
1513,6.615715,6.6568646602
1514,6.610241,6.6568124344
1515,6.604829,6.6567594151
1516,6.599489,6.6567064172
1517,6.594227,6.6566542559
1518,6.589043,6.6566037398
1519,6.583933,6.6565556667
1520,6.578887,6.6565108172
1521,6.573892,6.6564699548
1522,6.568929,6.6564338194
1523,6.563975,6.6564031355
1524,6.559002,6.6563786065
1525,6.55398,6.6563609226
1526,6.548875,6.6563507613
1527,6.543653,6.6563487957
1528,6.538276,6.6563556946
1529,6.532711,6.6563721312
1530,6.526921,6.6563987806
1531,6.520877,6.656436329
1532,6.514552,6.6564854688
1533,6.507925,6.6565468946
1534,6.500984,6.6566213032
1535,6.493728,6.6567093828
1536,6.486164,6.6568117957
1537,6.478314,6.6569291656
1538,6.470216,6.6570620559
1539,6.46192,6.6572109462
1540,6.453497,6.6573762065
1541,6.445032,6.6575580602
1542,6.436628,6.6577565591
1543,6.428406,6.6579715484
1544,6.420502,6.6582026323
1545,6.413065,6.6584491441
1546,6.406255,6.6587101226
1547,6.400242,6.658984286
1548,6.395196,6.6592700129
1549,6.39129,6.6595653462
1550,6.388688,6.6598679828
1551,6.387544,6.6601752882
1552,6.387993,6.6604843226
1553,6.390148,6.6607918753
1554,6.394094,6.6610945032
1555,6.399882,6.6613885892
1556,6.407524,6.6616704086
1557,6.416993,6.6619361978
1558,6.428219,6.6621822344
1559,6.441087,6.662404914
1560,6.455441,6.6626008323
1561,6.471082,6.6627668688
1562,6.487774,6.6629002538
1563,6.505249,6.6629986409
1564,6.523207,6.6630601591
1565,6.541332,6.6630834774
1566,6.559289,6.6630678172
1567,6.576737,6.6630129935
1568,6.593336,6.6629194215
1569,6.608751,6.6627881118
1570,6.622664,6.6626206645
1571,6.634776,6.6624192387
1572,6.644815,6.6621865204
1573,6.652541,6.661925686
1574,6.65775,6.6616403484
1575,6.660276,6.6613345118
1576,6.659998,6.6610125097
1577,6.656836,6.6606789441
1578,6.650756,6.6603386344
1579,6.641769,6.6599965484
1580,6.629928,6.6596577441
1581,6.615332,6.6593273161
1582,6.598119,6.6590103226
1583,6.578466,6.6587117398
1584,6.556585,6.6584364
1585,6.532723,6.6581889355
1586,6.507154,6.6579737204
1587,6.480178,6.6577948172
1588,6.452116,6.6576559183
1589,6.423307,6.6575602946
1590,6.394101,6.6575107398
1591,6.364857,6.6575095226
1592,6.335939,6.6575583355
1593,6.307707,6.657658243
1594,6.280519,6.6578096559
1595,6.25472,6.658012286
1596,6.230641,6.6582651247
1597,6.208596,6.6585664366
1598,6.188877,6.6589137441
1599,6.171747,6.659303843
1600,6.157445,6.6597328344
1601,6.146175,6.6601961505
1602,6.138111,6.6606886215
1603,6.133392,6.6612045419
1604,6.132124,6.661737757
1605,6.134379,6.6622817613
1606,6.140196,6.6628298129
1607,6.149585,6.6633750667
1608,6.16253,6.6639106968
1609,6.178989,6.6644300473
1610,6.198904,6.6649267763
1611,6.222203,6.6653950172
1612,6.248809,6.6658295226
1613,6.278647,6.666225828
1614,6.311658,6.6665804129
1615,6.34781,6.6668908581
1616,6.387121,6.6671560129
1617,6.429686,6.6673761763
1618,6.475714,6.6675532946
1619,6.525598,6.6676912108
1620,6.580015,6.6677959785
1621,6.640098,6.6678762925
1622,6.707758,6.6679441613
1623,6.786302,6.6680159312
1624,6.881741,6.6681140237
1625,7.005942,6.6682700129
1626,7.185492,6.6685303742
1627,7.493836,6.6689679032
1628,8.234497,6.6697038151
1629,14.809719,6.6709027613
1630,3.20599,6.6662721806
1631,5.380015,6.6865958559
1632,5.885101,6.6778934667
1633,6.120865,6.6740427935
1634,6.260082,6.6712853935
1635,6.352687,6.6690487269
1636,6.41855,6.6671267914
1637,6.467176,6.6654235677
1638,6.503718,6.6638875634
1639,6.531254,6.6624885548
1640,6.551772,6.6612075742
1641,6.566653,6.6600320258
1642,6.576921,6.6589530559
1643,6.583382,6.6579640538
1644,6.586701,6.6570597419
1645,6.587456,6.6562356194
1646,6.586159,6.6554875892
1647,6.583273,6.6548117355
1648,6.579224,6.6542041763
1649,6.574404,6.6536609828
1650,6.569166,6.6531781247
1651,6.563831,6.6527514688
1652,6.55868,6.6523767828
1653,6.553956,6.6520497656
1654,6.549855,6.6517660817
1655,6.546532,6.651521428
1656,6.544094,6.6513115742
1657,6.542603,6.6511324366
1658,6.542075,6.6509801376
1659,6.542486,6.6508510774
1660,6.543769,6.6507419806
1661,6.545826,6.6506499656
1662,6.548527,6.6505725849
1663,6.551722,6.6505078688
1664,6.555242,6.6504543419
1665,6.55891,6.6504110516
1666,6.562546,6.6503775591
1667,6.565976,6.650353929
1668,6.569033,6.6503406989
1669,6.571569,6.6503388387
1670,6.573454,6.6503496946
1671,6.574585,6.6503749161
1672,6.574884,6.6504163785
1673,6.574302,6.6504760925
1674,6.572817,6.6505561032
1675,6.570436,6.6506584
1676,6.567194,6.6507848065
1677,6.563148,6.6509368774
1678,6.558373,6.6511158129
1679,6.552965,6.6513223742
1680,6.547029,6.6515568
1681,6.540677,6.6518187505
1682,6.534026,6.6521072688
1683,6.527192,6.6524207527
1684,6.520282,6.6527569441
1685,6.5134,6.6531129548
1686,6.506634,6.6534852925
1687,6.500062,6.6538699183
1688,6.493746,6.6542623204
1689,6.487737,6.6546575978
1690,6.482068,6.6550505591
1691,6.476764,6.655435843
1692,6.471838,6.6558080215
1693,6.467296,6.656161729
1694,6.463141,6.6564917763
1695,6.459373,6.6567932688
1696,6.455993,6.6570617161
1697,6.453009,6.6572931247
1698,6.450432,6.6574840882
1699,6.448285,6.6576318538
1700,6.446597,6.6577343742
1701,6.445411,6.6577903441
1702,6.444775,6.6577992043
1703,6.44475,6.6577611484
1704,6.445402,6.6576770839
1705,6.446799,6.6575485914
1706,6.449013,6.6573778688
1707,6.452114,6.6571676495
1708,6.456164,6.6569211118
1709,6.461217,6.6566417871
1710,6.467315,6.6563334602
1711,6.474483,6.6560000602
1712,6.482725,6.6556455656
1713,6.492029,6.6552739161
1714,6.502355,6.654888914
1715,6.513646,6.6544941677
1716,6.525816,6.6540930215
1717,6.538763,6.6536885269
1718,6.55236,6.6532834
1719,6.566467,6.6528800215
1720,6.580927,6.652480428
1721,6.595573,6.6520863312
1722,6.61023,6.6516991398
1723,6.624724,6.6513199978
1724,6.638877,6.6509498086
1725,6.65252,6.6505892925
1726,6.665492,6.6502390151
1727,6.677645,6.6498994323
1728,6.688846,6.649570929
1729,6.69898,6.6492538516
1730,6.707952,6.6489485355
1731,6.715689,6.6486553247
1732,6.722138,6.6483745849
1733,6.727269,6.6481067204
1734,6.731075,6.6478521677
1735,6.733566,6.6476113935
1736,6.734776,6.6473848882
1737,6.734753,6.6471731505
1738,6.733562,6.6469766688
1739,6.731282,6.6467959097
1740,6.728001,6.6466312903
1741,6.72382,6.6464831677
1742,6.718841,6.6463518086
1743,6.713175,6.6462373892
1744,6.706932,6.6461399699
1745,6.700223,6.6460594903
1746,6.693158,6.6459957677
1747,6.685844,6.6459484903
1748,6.678385,6.6459172237
1749,6.670879,6.6459014151
1750,6.66342,6.6459004086
1751,6.656094,6.6459134538
1752,6.648983,6.645939729
1753,6.642165,6.645978357
1754,6.635707,6.6460284172
1755,6.629675,6.6460889763
1756,6.624128,6.6461590968
1757,6.619117,6.6462378581
1758,6.614692,6.6463243742
1759,6.610894,6.6464177957
1760,6.60776,6.646517329
1761,6.605322,6.6466222344
1762,6.603604,6.6467318301
1763,6.602625,6.6468454903
1764,6.602399,6.6469626409
1765,6.602931,6.6470827462
1766,6.60422,6.6472053097
1767,6.606258,6.6473298559
1768,6.609029,6.6474559183
1769,6.612511,6.6475830301
1770,6.616674,6.6477107097
1771,6.621481,6.6478384559
1772,6.62689,6.6479657398
1773,6.632852,6.6480919914
1774,6.639314,6.6482166043
1775,6.646219,6.6483389376
1776,6.653507,6.648458314
1777,6.661116,6.648574028
1778,6.668984,6.6486853548
1779,6.67705,6.6487915613
1780,6.685253,6.648891914
1781,6.693536,6.6489857011
1782,6.701845,6.6490722366
1783,6.71013,6.6491508817
1784,6.718346,6.6492210538
1785,6.726452,6.6492822387
1786,6.734414,6.6493340065
1787,6.742202,6.6493760108
1788,6.749793,6.6494080043
1789,6.757167,6.6494298301
1790,6.764309,6.6494414344
1791,6.771209,6.6494428624
1792,6.777858,6.6494342473
1793,6.784252,6.6494158172
1794,6.790388,6.6493878796
1795,6.796265,6.6493508129
1796,6.801882,6.6493050602
1797,6.807239,6.6492511183
1798,6.812338,6.649189529
1799,6.817177,6.6491208645
1800,6.821758,6.6490457247
1801,6.82608,6.6489647247
1802,6.830143,6.648878486
1803,6.833947,6.6487876323
1804,6.837493,6.6486927849
1805,6.840784,6.6485945548
1806,6.843821,6.6484935333
1807,6.846611,6.6483903032
1808,6.849161,6.6482854172
1809,6.85148,6.6481794086
1810,6.853581,6.6480727806
1811,6.855479,6.6479660086
1812,6.857194,6.6478595312
1813,6.858745,6.6477537462
1814,6.860156,6.6476490151
1815,6.861452,6.6475456495
1816,6.86266,6.6474439161
1817,6.863806,6.6473440258
1818,6.864915,6.6472461333
1819,6.866013,6.6471503376
1820,6.867121,6.6470566753
1821,6.868257,6.646965129
1822,6.869435,6.6468756194
1823,6.870663,6.6467880151
1824,6.871943,6.6467021355
1825,6.87327,6.6466177591
1826,6.87463,6.646534628
1827,6.876006,6.6464524667
1828,6.87737,6.6463709849
1829,6.878688,6.6462898925
1830,6.879922,6.6462089183
1831,6.881028,6.6461278129
1832,6.881957,6.6460463677
1833,6.882661,6.6459644258
1834,6.883089,6.6458818903
1835,6.883192,6.6457987355
1836,6.882927,6.6457150065
1837,6.882254,6.6456308258
1838,6.88114,6.6455463892
1839,6.879562,6.6454619656
1840,6.877507,6.6453778882
1841,6.874974,6.6452945441
1842,6.871974,6.6452123634
1843,6.868531,6.6451318
1844,6.864682,6.6450533226
1845,6.860477,6.6449773892
1846,6.855979,6.6449044366
1847,6.85126,6.6448348538
1848,6.846403,6.644768972
1849,6.841496,6.6447070473
1850,6.836633,6.6446492538
1851,6.83191,6.6445956731
1852,6.827424,6.6445462882
1853,6.823266,6.6445009806
1854,6.819521,6.6444595398
1855,6.816269,6.644421671
1856,6.813573,6.6443870043
1857,6.811488,6.6443551118
1858,6.81005,6.6443255269
1859,6.809282,6.6442977656
1860,6.809189,6.6442713462
1861,6.809758,6.6442458108
1862,6.81096,6.644220757
1863,6.812754,6.6441958473
1864,6.81508,6.6441708301
1865,6.817871,6.644145557
1866,6.821048,6.6441199849
1867,6.824525,6.6440941914
1868,6.828215,6.6440683742
1869,6.832027,6.6440428344
1870,6.835873,6.6440179849
1871,6.839669,6.6439943226
1872,6.843339,6.6439724194
1873,6.846815,6.6439528946
1874,6.850039,6.6439363957
1875,6.852964,6.6439235699
1876,6.855558,6.6439150409
1877,6.857797,6.6439113785
1878,6.859673,6.6439130817
1879,6.861187,6.6439205505
1880,6.862351,6.643934071
1881,6.863185,6.6439537957
1882,6.863715,6.6439797376
1883,6.863973,6.6440117634
1884,6.863992,6.6440495914
1885,6.863807,6.6440928022
1886,6.86345,6.6441408387
1887,6.86295,6.6441930258
1888,6.862333,6.6442485914
1889,6.861616,6.6443066796
1890,6.860811,6.6443663828
1891,6.859922,6.6444267613
1892,6.858945,6.6444868731
1893,6.857869,6.6445458022
1894,6.856679,6.6446026774
1895,6.855353,6.6446566989
1896,6.853864,6.6447071527
1897,6.852185,6.6447534344
1898,6.850288,6.6447950538
1899,6.848146,6.6448316473
1900,6.845736,6.6448629763
1901,6.843037,6.6448889247
1902,6.840038,6.6449095032
1903,6.836731,6.6449248237
1904,6.833121,6.6449351011
1905,6.829217,6.6449406237
1906,6.825039,6.6449417462
1907,6.820616,6.6449388688
1908,6.815985,6.6449324172
1909,6.811189,6.6449228215
1910,6.806278,6.6449105075
1911,6.801305,6.6448958753
1912,6.79633,6.6448792946
1913,6.79141,6.6448610882
1914,6.786605,6.6448415312
1915,6.781969,6.6448208452
1916,6.777557,6.6447992065
1917,6.773417,6.6447767376
1918,6.769589,6.6447535204
1919,6.766108,6.6447296022
1920,6.763001,6.6447050043
1921,6.760286,6.6446797247
1922,6.757973,6.6446537527
1923,6.756065,6.6446270753
1924,6.754554,6.6445996731
1925,6.753429,6.6445715419
1926,6.75267,6.6445426753
1927,6.752253,6.6445130731
1928,6.752149,6.6444827355
1929,6.752327,6.6444516602
1930,6.752752,6.644419828
1931,6.753389,6.6443872022
1932,6.754203,6.6443537097
1933,6.755156,6.6443192387
1934,6.756215,6.644283628
1935,6.757346,6.6442466581
1936,6.758515,6.6442080452
1937,6.759691,6.6441674452
1938,6.760844,6.6441244473
1939,6.761945,6.6440785806
1940,6.762966,6.6440293247
1941,6.763878,6.6439761183
1942,6.764655,6.6439183785
1943,6.765268,6.6438555161
1944,6.765691,6.6437869591
1945,6.765896,6.6437121742
1946,6.765854,6.6436306882
1947,6.765537,6.6435421161
1948,6.764917,6.6434461828
1949,6.763966,6.6433427376
1950,6.762657,6.6432317806
1951,6.760964,6.6431134688
1952,6.758863,6.6429881312
1953,6.756333,6.6428562731
1954,6.753356,6.6427185699
1955,6.749918,6.6425758645
1956,6.746008,6.642429157
1957,6.741624,6.6422795871
1958,6.736766,6.6421284129
1959,6.731442,6.6419769849
1960,6.725665,6.6418267226
1961,6.719455,6.6416790839
1962,6.712841,6.6415355376
1963,6.705855,6.6413975247
1964,6.698536,6.641266443
1965,6.69093,6.6411436151
1966,6.683086,6.6410302667
1967,6.67506,6.6409275075
1968,6.666908,6.640836314
1969,6.658691,6.6407575269
1970,6.65047,6.6406918366
1971,6.642306,6.6406397871
1972,6.63426,6.6406017806
1973,6.62639,6.6405780796
1974,6.618751,6.6405688172
1975,6.611393,6.6405740043
1976,6.604362,6.6405935484
1977,6.597697,6.6406272602
1978,6.59143,6.6406748602
1979,6.585587,6.6407359957
1980,6.580185,6.640810243
1981,6.575234,6.6408971097
1982,6.570737,6.6409960387
1983,6.566689,6.6411064043
1984,6.563078,6.6412275032
1985,6.559886,6.6413585505
1986,6.557089,6.6414986688
1987,6.554661,6.6416468731
1988,6.552569,6.6418020559
1989,6.550779,6.6419629785
1990,6.549255,6.6421282602
1991,6.547961,6.6422963677
1992,6.546861,6.6424656065
1993,6.545919,6.6426341226
1994,6.545103,6.6427999054
1995,6.544381,6.6429607978
1996,6.543727,6.643114514
1997,6.543115,6.6432586581
1998,6.542525,6.643390757
1999,6.541941,6.6435082968
2000,6.54135,6.643608757
2001,6.540741,6.6436896688
2002,6.540108,6.6437486667
2003,6.53945,6.6437835376
2004,6.538766,6.6437922817
2005,6.538059,6.6437731763
2006,6.537334,6.6437248258
2007,6.536598,6.6436462237
2008,6.53586,6.6435368022
2009,6.53513,6.6433964731
2010,6.53442,6.6432256688
2011,6.533741,6.6430253613
2012,6.533105,6.6427970817
2013,6.532526,6.6425429247
2014,6.532016,6.6422655269
2015,6.531585,6.6419680473
2016,6.531245,6.641654129
2017,6.531005,6.6413278323
2018,6.53087,6.6409935763
2019,6.530844,6.6406560602
2020,6.530928,6.6403201677
2021,6.531116,6.6399908753
2022,6.5314,6.6396731505
2023,6.531765,6.6393718516
2024,6.532189,6.6390916215
2025,6.532648,6.6388368
2026,6.533106,6.6386113226
2027,6.533524,6.6384186516
2028,6.533855,6.6382617032
2029,6.53405,6.6381427871
2030,6.53405,6.6380635656
2031,6.533796,6.638025028
2032,6.533226,6.6380274731
2033,6.532277,6.6380705011
2034,6.530888,6.6381530301
2035,6.529001,6.6382733183
2036,6.526562,6.6384289914
2037,6.523527,6.6386170882
2038,6.519859,6.6388341032
2039,6.515536,6.6390760452
2040,6.510545,6.6393384925
2041,6.50489,6.6396166645
2042,6.498592,6.639905486
2043,6.491686,6.6401996516
2044,6.484225,6.6404937118
2045,6.476279,6.6407821398
2046,6.46793,6.6410594108
2047,6.459278,6.6413200839
2048,6.450433,6.6415588839
2049,6.441514,6.6417707785
2050,6.432648,6.6419510667
2051,6.423964,6.6420954516
2052,6.41559,6.6422001269
2053,6.407651,6.6422618559
2054,6.400264,6.6422780344
2055,6.393535,6.6422467613
2056,6.387555,6.6421668882
2057,6.382396,6.6420380645
2058,6.378114,6.6418607699
2059,6.374742,6.6416363183
2060,6.37229,6.6413668581
2061,6.370751,6.6410553419
2062,6.370094,6.6407054796
2063,6.370273,6.640321671
2064,6.371228,6.6399089204
2065,6.372887,6.6394727247
2066,6.375174,6.6390189527
2067,6.378014,6.638553714
2068,6.381337,6.6380832043
2069,6.385086,6.6376135613
2070,6.389223,6.6371507118
2071,6.393739,6.6367002194
2072,6.398653,6.6362671312
2073,6.404028,6.6358558516
2074,6.409968,6.63547
2075,6.416636,6.6351122968
2076,6.424248,6.6347844409
2077,6.433091,6.6344870172
2078,6.443529,6.6342193806
2079,6.456015,6.6339795484
2080,6.471107,6.6337640817
2081,6.489497,6.633567929
2082,6.512046,6.6333842323
2083,6.539845,6.633204043
2084,6.574315,6.6330159161
2085,6.617361,6.6328052882
2086,6.671657,6.6325535161
2087,6.741131,6.6322363118
2088,6.831915,6.6318211355
2089,6.954276,6.6312625742
2090,7.12701,6.6304936323
2091,7.388943,6.6294076968
2092,7.836035,6.6278161075
2093,8.792007,6.6253267699
2094,12.656499,6.6208584602
2095,12.656499,6.6081915441
2096,1.333404,6.5957934108
2097,4.094538,6.6034468129
2098,4.838674,6.6087472
2099,5.220032,6.612649372
2100,5.458987,6.6158220387
2101,5.626551,6.618538972
2102,5.752934,6.6209379398
2103,5.853179,6.6230972194
2104,5.935598,6.6250649247
2105,6.005142,6.6268722538
2106,6.064932,6.6285402065
2107,6.117035,6.6300833161
2108,6.162877,6.6315118473
2109,6.203484,6.6328331849
2110,6.239622,6.6340527484
2111,6.271887,6.6351746237
2112,6.300758,6.6362020151
2113,6.326639,6.6371375935
2114,6.349875,6.6379837398
2115,6.370771,6.6387427548
2116,6.389602,6.6394170151
2117,6.406617,6.6400090796
2118,6.422043,6.6405217849
2119,6.436091,6.6409583011
2120,6.44895,6.6413221527
2121,6.460795,6.6416172344
2122,6.471784,6.6418477849
2123,6.482062,6.6420183419
2124,6.491756,6.6421336839
2125,6.500982,6.6421987505
2126,6.509844,6.642218557
2127,6.518434,6.6421980839
2128,6.526832,6.6421421785
2129,6.535112,6.6420554602
2130,6.543336,6.6419422043
2131,6.551558,6.641806271
2132,6.559824,6.6416510237
2133,6.568168,6.6414792688
2134,6.576617,6.6412932323
2135,6.585182,6.6410945312
2136,6.593865,6.6408841892
2137,6.602651,6.6406626624
2138,6.611507,6.6404298925
2139,6.620385,6.6401853871
2140,6.629215,6.6399282989
2141,6.637907,6.6396575398
2142,6.646353,6.6393718903
2143,6.654424,6.6390701247
2144,6.661973,6.6387511376
2145,6.668836,6.6384140645
2146,6.674838,6.6380584086
2147,6.679796,6.6376841398
2148,6.683521,6.6372917935
2149,6.685827,6.6368825484
2150,6.686537,6.636458286
2151,6.685485,6.6360216172
2152,6.682529,6.6355759011
2153,6.67755,6.6351252215
2154,6.670464,6.6346743548
2155,6.661225,6.6342286946
2156,6.649827,6.6337941613
2157,6.636312,6.6333770946
2158,6.620768,6.6329841161
2159,6.603335,6.6326219828
2160,6.584201,6.6322974194
2161,6.563598,6.6320169591
2162,6.541807,6.6317867677
2163,6.519143,6.6316124731
2164,6.495957,6.6314990086
2165,6.472623,6.6314504602
2166,6.449531,6.6314699398
2167,6.427079,6.6315594796
2168,6.40566,6.6317199505
2169,6.385653,6.6319510129
2170,6.367413,6.6322510989
2171,6.351261,6.6326174258
2172,6.337474,6.6330460452
2173,6.326278,6.6335319183
2174,6.317845,6.6340690301
2175,6.312284,6.634650514
2176,6.309643,6.6352688043
2177,6.309908,6.6359158108
2178,6.313003,6.6365830817
2179,6.318798,6.6372619978
2180,6.327113,6.6379439441
2181,6.337726,6.6386204796
2182,6.350379,6.6392834903
2183,6.364789,6.6399253462
2184,6.380656,6.6405390129
2185,6.397672,6.6411181634
2186,6.415529,6.6416572559
2187,6.433929,6.6421516
2188,6.452586,6.6425973828
2189,6.471237,6.6429916989
2190,6.489641,6.6433325376
2191,6.507586,6.6436187699
2192,6.524891,6.6438501161
2193,6.541405,6.6440270882
2194,6.557008,6.6441509376
2195,6.571609,6.6442235849
2196,6.585145,6.6442475462
2197,6.597581,6.6442258624
2198,6.608902,6.6441620086
2199,6.619115,6.6440598237
2200,6.628241,6.6439234258
2201,6.636318,6.6437571419
2202,6.643389,6.6435654301
2203,6.649509,6.6433528172
2204,6.654734,6.643123828
2205,6.659124,6.6428829376
2206,6.662738,6.6426345075
2207,6.665636,6.6423827505
2208,6.667875,6.6421316774
2209,6.669509,6.6418850667
2210,6.670592,6.641646428
2211,6.671174,6.6414189742
2212,6.671305,6.6412055978
2213,6.671034,6.6410088538
2214,6.670411,6.6408309355
2215,6.669486,6.6406736667
2216,6.668312,6.6405384946
2217,6.666945,6.6404264817
2218,6.665443,6.6403383032
2219,6.663867,6.6402742538
2220,6.662281,6.6402342538
2221,6.660752,6.6402178688
2222,6.659347,6.6402243161
2223,6.658133,6.6402524989
2224,6.657177,6.6403010301
2225,6.656541,6.6403682602
2226,6.656284,6.6404523226
2227,6.656456,6.6405511656
2228,6.6571,6.6406626086
2229,6.658248,6.6407843763
2230,6.659923,6.6409141548
2231,6.662134,6.6410496301
2232,6.664877,6.6411885376
2233,6.668136,6.6413287097
2234,6.671882,6.6414681118
2235,6.676076,6.6416048774
2236,6.680668,6.6417373355
2237,6.685597,6.6418640323
2238,6.690797,6.6419837591
2239,6.696199,6.6420955484
2240,6.701729,6.6421986774
2241,6.707314,6.6422926645
2242,6.712883,6.6423772581
2243,6.71837,6.6424524151
2244,6.723714,6.6425182774
2245,6.728864,6.6425751527
2246,6.733775,6.6426234731
2247,6.738415,6.6426637785
2248,6.74276,6.642696671
2249,6.746797,6.6427227957
2250,6.750524,6.6427428108
2251,6.753946,6.6427573591
2252,6.757079,6.6427670581
2253,6.759942,6.642772471
2254,6.762563,6.6427741075
2255,6.764973,6.6427724108
2256,6.767203,6.6427677548
2257,6.769288,6.6427604538
2258,6.771261,6.6427507634
2259,6.773152,6.6427388903
2260,6.77499,6.6427250043
2261,6.776799,6.6427092559
2262,6.7786,6.6426917828
2263,6.780409,6.6426727269
2264,6.782237,6.642652243
2265,6.784093,6.6426305097
2266,6.785979,6.6426077355
2267,6.787896,6.6425841634
2268,6.789843,6.642560071
2269,6.791816,6.6425357677
2270,6.793809,6.6425115892
2271,6.795819,6.6424878946
2272,6.797839,6.642465043
2273,6.799867,6.6424433978
2274,6.801898,6.6424233011
2275,6.803932,6.6424050731
2276,6.805967,6.6423889892
2277,6.808004,6.6423752796
2278,6.810045,6.6423641161
2279,6.812091,6.6423556065
2280,6.814146,6.6423497978
2281,6.816211,6.6423466667
2282,6.818286,6.6423461312
2283,6.82037,6.6423480602
2284,6.82246,6.6423522753
2285,6.824552,6.6423585742
2286,6.826635,6.6423667312
2287,6.828699,6.642376529
2288,6.830729,6.6423877677
2289,6.832708,6.6424002796
2290,6.834614,6.6424139441
2291,6.836425,6.642428714
2292,6.838117,6.6424446129
2293,6.839662,6.6424617505
2294,6.841035,6.6424803333
2295,6.842208,6.6425006538
2296,6.843156,6.6425231032
2297,6.843854,6.6425481548
2298,6.844282,6.6425763634
2299,6.844422,6.6426083462
2300,6.844258,6.6426447634
2301,6.843783,6.6426863118
2302,6.842991,6.6427336903
2303,6.841883,6.6427875806
2304,6.840466,6.6428486301
2305,6.838752,6.6429174194
2306,6.83676,6.6429944473
2307,6.834512,6.6430801011
2308,6.832039,6.6431746473
2309,6.829373,6.6432782065
2310,6.826554,6.6433907462
2311,6.823623,6.6435120667
2312,6.820625,6.6436418
2313,6.817608,6.6437794086
2314,6.814622,6.6439241849
2315,6.811718,6.6440752624
2316,6.808946,6.6442316215
2317,6.806356,6.644392114
2318,6.803996,6.6445554731
2319,6.801912,6.6447203398
2320,6.800149,6.6448852839
2321,6.798743,6.645048828
2322,6.797731,6.6452094817
2323,6.797141,6.6453657591
2324,6.796997,6.6455162108
2325,6.797315,6.6456594495
2326,6.798108,6.645794172
2327,6.799377,6.6459191806
2328,6.801121,6.6460334086
2329,6.803328,6.6461359269
2330,6.80598,6.6462259656
2331,6.809054,6.6463029247
2332,6.81252,6.6463663677
2333,6.816339,6.6464160366
2334,6.820472,6.6464518473
2335,6.82487,6.6464738796
2336,6.829484,6.6464823785
2337,6.83426,6.6464777355
2338,6.839143,6.646460486
2339,6.844075,6.6464312839
2340,6.848998,6.6463908989
2341,6.853855,6.6463401935
2342,6.858589,6.6462801118
2343,6.863146,6.6462116581
2344,6.867474,6.6461358903
2345,6.871523,6.6460538968
2346,6.875248,6.6459667914
2347,6.878607,6.6458756946
2348,6.881563,6.645781729
2349,6.884085,6.6456860022
2350,6.886144,6.6455896
2351,6.887717,6.6454935785
2352,6.888788,6.645398957
2353,6.889344,6.6453067054
2354,6.889378,6.6452177419
2355,6.888887,6.6451329226
2356,6.887874,6.6450530366
2357,6.886347,6.6449787978
2358,6.884316,6.6449108409
2359,6.881799,6.6448497161
2360,6.878814,6.6447958817
2361,6.875385,6.6447497032
2362,6.871538,6.6447114495
2363,6.867304,6.6446812946
2364,6.862714,6.6446593161
2365,6.857802,6.6446454946
2366,6.852606,6.644639729
2367,6.847162,6.644641828
2368,6.84151,6.6446515312
2369,6.835689,6.6446685097
2370,6.829739,6.6446923849
2371,6.823701,6.6447227355
2372,6.817616,6.6447591118
2373,6.811523,6.644801043
2374,6.805463,6.6448480624
2375,6.799474,6.6448997011
2376,6.793595,6.6449555161
2377,6.787864,6.6450150839
2378,6.782316,6.6450780129
2379,6.776986,6.6451439484
2380,6.771907,6.6452125677
2381,6.767109,6.6452835871
2382,6.762621,6.6453567527
2383,6.758467,6.6454318344
2384,6.75467,6.6455086258
2385,6.751246,6.645586929
2386,6.748209,6.6456665484
2387,6.745568,6.6457472817
2388,6.743323,6.6458289118
2389,6.741473,6.6459112022
2390,6.740006,6.6459938839
2391,6.738905,6.6460766602
2392,6.738146,6.6461592043
2393,6.737699,6.6462411548
2394,6.737525,6.6463221204
2395,6.737581,6.6464016946
2396,6.737815,6.6464794516
2397,6.738174,6.6465549699
2398,6.738597,6.6466278301
2399,6.739024,6.6466976409
2400,6.739391,6.6467640366
2401,6.739636,6.6468267054
2402,6.739697,6.6468853892
2403,6.739516,6.6469399011
2404,6.739041,6.6469901312
2405,6.738225,6.6470360495
2406,6.737029,6.6470777161
2407,6.735424,6.6471152796
2408,6.733389,6.6471489742
2409,6.730916,6.6471791183
2410,6.728005,6.6472061011
2411,6.724668,6.6472303849
2412,6.720928,6.647252486
2413,6.716815,6.6472729656
2414,6.712371,6.6472924215
2415,6.707642,6.6473114667
2416,6.702682,6.6473307226
2417,6.697549,6.6473508043
2418,6.692301,6.6473723054
2419,6.686998,6.6473957935
2420,6.681699,6.6474217978
2421,6.676458,6.6474507978
2422,6.671328,6.6474832194
2423,6.666352,6.6475194215
2424,6.66157,6.6475597011
2425,6.657013,6.6476042839
2426,6.652706,6.6476533204
2427,6.648665,6.6477068817
2428,6.644902,6.6477649613
2429,6.641421,6.6478274645
2430,6.638223,6.6478942129
2431,6.635303,6.6479649355
2432,6.632655,6.6480392753
2433,6.630272,6.6481167828
2434,6.628145,6.6481969097
2435,6.626267,6.6482790172
2436,6.624633,6.6483623785
2437,6.623239,6.6484461742
2438,6.622083,6.6485295054
2439,6.621163,6.6486114022
2440,6.620481,6.6486908387
2441,6.620038,6.6487667419
2442,6.619831,6.6488380151
2443,6.619858,6.6489035656
2444,6.620112,6.6489623247
2445,6.620578,6.6490132753
2446,6.621236,6.6490554882
2447,6.622057,6.6490881505
2448,6.623,6.6491105957
2449,6.624015,6.6491223398
2450,6.625041,6.6491231097
2451,6.626004,6.6491128645
2452,6.626821,6.6490918258
2453,6.627398,6.6490604903
2454,6.627635,6.6490196409
2455,6.627425,6.6489703505
2456,6.626657,6.6489139785
2457,6.625221,6.6488521634
2458,6.623008,6.6487867957
2459,6.619918,6.6487200022
2460,6.615859,6.6486541032
2461,6.610754,6.6485915763
2462,6.604541,6.6485350086
2463,6.597181,6.6484870495
2464,6.588655,6.6484503505
2465,6.578974,6.6484275161
2466,6.568175,6.6484210387
2467,6.556323,6.648433243
2468,6.543516,6.6484662387
2469,6.529882,6.6485218559
2470,6.515576,6.6486016
2471,6.500784,6.6487066108
2472,6.485717,6.6488376237
2473,6.470607,6.6489949333
2474,6.455706,6.6491783806
2475,6.441277,6.6493873312
2476,6.427591,6.649620671
2477,6.414922,6.6498768172
2478,6.403536,6.6501537247
2479,6.393688,6.6504489161
2480,6.385613,6.6507595097
2481,6.379517,6.6510822667
2482,6.375576,6.6514136387
2483,6.373925,6.6517498301
2484,6.374654,6.6520868559
2485,6.377807,6.6524206172
2486,6.383374,6.6527469699
2487,6.391296,6.6530618022
2488,6.401458,6.6533611011
2489,6.413697,6.6536410344
2490,6.427801,6.6538980129
2491,6.443514,6.6541287591
2492,6.460543,6.6543303656
2493,6.478559,6.6545003484
2494,6.497212,6.6546366968
2495,6.51613,6.6547379075
2496,6.534933,6.6548030215
2497,6.553234,6.6548316473
2498,6.570653,6.6548239828
2499,6.586822,6.6547808258
2500,6.601389,6.654703572
2501,6.614027,6.6545942194
2502,6.624439,6.6544553591
2503,6.632362,6.654290157
2504,6.637574,6.6541023333
2505,6.639895,6.6538961226
2506,6.639192,6.653676243
2507,6.635379,6.6534478409
2508,6.628424,6.6532164301
2509,6.618344,6.6529878258
2510,6.60521,6.6527680559
2511,6.589143,6.6525632731
2512,6.57032,6.6523796538
2513,6.548964,6.652223271
2514,6.525348,6.6520999806
2515,6.499787,6.6520152839
2516,6.472638,6.6519741935
2517,6.444294,6.651981086
2518,6.415174,6.6520395634
2519,6.385722,6.6521523161
2520,6.356394,6.6523209914
2521,6.327652,6.6525460817
2522,6.299954,6.6528268172
2523,6.273744,6.6531610946
2524,6.249443,6.6535454194
2525,6.227435,6.6539748731
2526,6.208065,6.6544431333
2527,6.191623,6.6549424882
2528,6.178344,6.6554639204
2529,6.168397,6.6559971871
2530,6.161883,6.6565309462
2531,6.158838,6.6570529118
2532,6.159227,6.65755
2533,6.162953,6.6580085204
2534,6.169861,6.6584143613
2535,6.179744,6.6587531677
2536,6.192353,6.6597855151
2537,6.207408,6.6607950886
2538,6.224607,6.6617764459
2539,6.243636,6.6627247527
2540,6.264183,6.6636358152
2541,6.285946,6.6645060828
2542,6.30864,6.6653326332
2543,6.332007,6.6661131422
2544,6.355823,6.6668458311
2545,6.379896,6.6675293978
2546,6.404078,6.6681629515
2547,6.428258,6.6687459205
2548,6.452366,6.6692779735
2549,6.476373,6.6697589313
2550,6.500287,6.6701886778
2551,6.524157,6.670567078
2552,6.548074,6.6708938862
2553,6.572184,6.671168651
2554,6.596718,6.6713905897
2555,6.62205,6.6715583933
2556,6.648854,6.6716698986
2557,6.678493,6.6717214018
2558,6.714243,6.6717060814
2559,6.766383,6.6716096259
2560,6.891367,6.6713942318
2561,4.892236,6.6708931549
2562,6.559218,6.674954016
2563,6.653184,6.6752188581
2564,6.695322,6.6752693968
2565,6.722361,6.6752232989
2566,6.742071,6.6751146866
2567,6.756999,6.6749600531
2568,6.768162,6.6747701481
2569,6.776006,6.6745534617
2570,6.78074,6.6743175256
2571,6.782478,6.6740694545
2572,6.781302,6.6738161636
2573,6.777299,6.6735644403
2574,6.770581,6.6733209319
2575,6.761294,6.6730920847
2576,6.749624,6.6728840613
2577,6.735802,6.672702643
2578,6.720097,6.6725531185
2579,6.702817,6.6724401876
2580,6.684302,6.6723678619
2581,6.664912,6.6723393795
2582,6.645025,6.6723571483
2583,6.625023,6.672422693
2584,6.605282,6.6725366346
2585,6.586163,6.672698694
2586,6.568001,6.6729077174
2587,6.551093,6.6731617288
2588,6.535696,6.6734580121
2589,6.522012,6.6737931995
2590,6.510192,6.6741633976
2591,6.500324,6.6745643056
2592,6.492438,6.6749913652
2593,6.486508,6.6754398993
2594,6.482448,6.6759052488
2595,6.480127,6.676382921
2596,6.479368,6.676868703
2597,6.479958,6.6773587792
2598,6.481661,6.6778498259
2599,6.484221,6.6783390748
2600,6.487373,6.67882437
2601,6.490855,6.679304198
2602,6.494413,6.6797776884
2603,6.497812,6.680244602
2604,6.500839,6.6807052904
2605,6.503312,6.6811606481
2606,6.50508,6.6816120406
2607,6.506032,6.6820612316
2608,6.506095,6.6825102857
2609,6.505234,6.6829614757
2610,6.503456,6.6834171872
2611,6.500803,6.6838798123
2612,6.497355,6.6843516598
2613,6.493222,6.6848348553
2614,6.488545,6.6853312617
2615,6.483486,6.6858423948
2616,6.478227,6.6863693646
2617,6.472963,6.6869128172
2618,6.467897,6.6874728953
2619,6.463232,6.68804921
2620,6.459167,6.6886408342
2621,6.455891,6.6892463061
2622,6.453577,6.6898636481
2623,6.452376,6.6904904032
2624,6.452413,6.6911236862
2625,6.453787,6.691760248
2626,6.456559,6.6923965401
2627,6.46076,6.6930288123
2628,6.466382,6.6936531909
2629,6.473382,6.6942657817
2630,6.481681,6.6948627649
2631,6.491167,6.6954404932
2632,6.501698,6.6959955842
2633,6.513104,6.6965250054
2634,6.525193,6.6970261557
2635,6.537755,6.6974969315
2636,6.550569,6.697935783
2637,6.563405,6.6983417521
2638,6.576035,6.6987145055
2639,6.588235,6.699054338
2640,6.599789,6.6993621694
2641,6.610501,6.699639532
2642,6.620189,6.6998885223
2643,6.628699,6.7001117703
2644,6.635903,6.700312368
2645,6.641702,6.7004938028
2646,6.646026,6.7006598814
2647,6.648842,6.7008146516
2648,6.650144,6.7009623011
2649,6.649961,6.7011070826
2650,6.64835,6.7012532143
2651,6.645399,6.7014047994
2652,6.641218,6.7015657356
2653,6.635943,6.7017396484
2654,6.629727,6.7019298121
2655,6.622739,6.7021390957
2656,6.615162,6.7023699099
2657,6.607183,6.7026241603
2658,6.598995,6.7029032281
2659,6.590789,6.7032079443
2660,6.582751,6.7035385882
2661,6.575062,6.7038948938
2662,6.567889,6.7042760562
2663,6.561386,6.7046807656
2664,6.55569,6.7051072381
2665,6.550919,6.7055532597
2666,6.547172,6.7060162365
2667,6.544524,6.7064932462
2668,6.543029,6.7069811054
2669,6.54272,6.707476429
2670,6.543604,6.7079756909
2671,6.545671,6.7084753009
2672,6.548887,6.7089716555
2673,6.553201,6.709461211
2674,6.558542,6.7099405368
2675,6.564826,6.7104063785
2676,6.571954,6.7108557006
2677,6.579819,6.7112857368
2678,6.588302,6.7116940186
2679,6.597281,6.7120784174
2680,6.606631,6.7124371594
2681,6.616226,6.7127688401
2682,6.625942,6.713072434
2683,6.63566,6.7133472934
2684,6.645267,6.7135931392
2685,6.654662,6.7138100476
2686,6.66375,6.7139984172
2687,6.672452,6.7141589553
2688,6.6807,6.7142926314
2689,6.688439,6.7144006463
2690,6.69563,6.7144843935
2691,6.702246,6.714545411
2692,6.708277,6.7145853442
2693,6.713722,6.7146058925
2694,6.718595,6.714608781
2695,6.722919,6.7145957115
2696,6.726726,6.7145683322
2697,6.730057,6.7145282079
2698,6.732958,6.7144767881
2699,6.735478,6.7144153887
2700,6.737669,6.71434518
2701,6.739582,6.7142671739
2702,6.74127,6.7141822248
2703,6.742779,6.7140910202
2704,6.744154,6.7139941014
2705,6.745433,6.7138918644
2706,6.74665,6.7137845816
2707,6.747831,6.713672413
2708,6.748996,6.7135554315
2709,6.750161,6.7134336426
2710,6.751333,6.7133069966
2711,6.752517,6.7131754187
2712,6.75371,6.713038816
2713,6.754908,6.7128971045
2714,6.756104,6.7127502133
2715,6.757289,6.7125980947
2716,6.758456,6.7124407324
2717,6.759596,6.7122781343
2718,6.760703,6.7121103404
2719,6.761774,6.7119374128
2720,6.762808,6.711759425
2721,6.763808,6.7115764552
2722,6.764782,6.7113885719
2723,6.76574,6.7111958159
2724,6.766695,6.710998192
2725,6.767667,6.7107956582
2726,6.768674,6.7105880985
2727,6.769739,6.7103753297
2728,6.770884,6.7101570809
2729,6.772131,6.7099329963
2730,6.773503,6.7097026333
2731,6.775018,6.7094654572
2732,6.776693,6.7092208582
2733,6.778542,6.7089681536
2734,6.780573,6.7087065977
2735,6.782791,6.7084354038
2736,6.785193,6.7081537538
2737,6.787774,6.7078608289
2738,6.790522,6.7075558168
2739,6.793422,6.7072379387
2740,6.796453,6.7069064615
2741,6.799592,6.706560722
2742,6.802813,6.7062001357
2743,6.806088,6.7058242101
2744,6.80939,6.7054325547
2745,6.81269,6.7050248784
2746,6.815962,6.704601
2747,6.819183,6.7041608379
2748,6.82233,6.7037044008
2749,6.825389,6.7032317888
2750,6.828345,6.70274316
2751,6.831191,6.7022387349
2752,6.833925,6.7017187661
2753,6.836547,6.7011835182
2754,6.839062,6.7006332602
2755,6.841482,6.7000682449
2756,6.843818,6.6994886803
2757,6.846086,6.6988947325
2758,6.848303,6.6982865041
2759,6.850484,6.697664029
2760,6.852647,6.6970272792
2761,6.854805,6.6963761506
2762,6.856971,6.6957104832
2763,6.859154,6.6950300591
2764,6.861356,6.6943346186
2765,6.863578,6.6936238894
2766,6.865814,6.6928975897
2767,6.86805,6.6921554592
2768,6.870271,6.6913972931
2769,6.872453,6.6906229481
2770,6.87457,6.6898323826
2771,6.876589,6.6890256681
2772,6.878476,6.6882030219
2773,6.880194,6.687364815
2774,6.881704,6.6865115885
2775,6.882968,6.6856440667
2776,6.883949,6.6847631563
2777,6.884613,6.6838699462
2778,6.884929,6.6829656982
2779,6.884873,6.6820518371
2780,6.884425,6.6811299227
2781,6.883575,6.6802016347
2782,6.882318,6.6792687294
2783,6.880659,6.6783330184
2784,6.878611,6.6773963241
2785,6.876197,6.6764604419
2786,6.873447,6.6755270935
2787,6.8704,6.674597892
2788,6.867101,6.6736742972
2789,6.863603,6.6727575829
2790,6.859961,6.6718487952
2791,6.856237,6.6709487368
2792,6.852493,6.6700579279
2793,6.848792,6.669176599
2794,6.845196,6.6683046796
2795,6.841766,6.6674417951
2796,6.838555,6.6665872647
2797,6.835616,6.665740133
2798,6.832991,6.6648991634
2799,6.830717,6.6640628856
2800,6.828822,6.663229615
2801,6.827325,6.6623974925
2802,6.826239,6.6615645253
2803,6.825564,6.6607286142
2804,6.825296,6.6598876173
2805,6.82542,6.6590393692
2806,6.825917,6.6581817371
2807,6.826758,6.6573126425
2808,6.827914,6.6564301146
2809,6.829347,6.6555322932
2810,6.831019,6.6546174789
2811,6.832888,6.6536841376
2812,6.834913,6.6527309255
2813,6.83705,6.6517566898
2814,6.839258,6.6507604892
2815,6.841494,6.6497415838
2816,6.843718,6.6486994511
2817,6.845891,6.647633776
2818,6.847976,6.6465444505
2819,6.849937,6.6454315691
2820,6.85174,6.6442954278
2821,6.853353,6.6431365196
2822,6.854747,6.6419555281
2823,6.855893,6.6407533164
2824,6.856766,6.6395309318
2825,6.857341,6.6382895886
2826,6.857597,6.6370306724
2827,6.857516,6.6357557225
2828,6.857084,6.6344664186
2829,6.856287,6.6331645614
2830,6.855121,6.6318520765
2831,6.853582,6.6305309586
2832,6.851674,6.6292032738
2833,6.849405,6.6278711138
2834,6.846791,6.6265365723
2835,6.843852,6.625201697
2836,6.840616,6.6238684634
2837,6.837114,6.6225387239
2838,6.833387,6.6212141852
2839,6.829475,6.6198963416
2840,6.825428,6.618586475
2841,6.821294,6.6172855849
2842,6.817126,6.6159943924
2843,6.812976,6.6147132994
2844,6.808894,6.6134423846
2845,6.804931,6.6121814065
2846,6.801131,6.6109297857
2847,6.797534,6.6096866405
2848,6.794175,6.6084508026
2849,6.791081,6.6072208411
2850,6.788269,6.6059951067
2851,6.78575,6.6047717919
2852,6.783526,6.6035489662
2853,6.781588,6.6023246327
2854,6.77992,6.6010968014
2855,6.778497,6.5998635379
2856,6.777288,6.5986230278
2857,6.776253,6.5973736224
2858,6.775348,6.5961139085
2859,6.774527,6.5948427447
2860,6.773738,6.5935592857
2861,6.772931,6.592263036
2862,6.772054,6.5909538478
2863,6.771059,6.5896319489
2864,6.769898,6.5882979265
2865,6.768532,6.5869527407
2866,6.766924,6.5855976716
2867,6.765045,6.5842343158
2868,6.762873,6.5828645379
2869,6.760393,6.5814904275
2870,6.7576,6.5801142538
2871,6.754496,6.5787383953
2872,6.751092,6.5773652891
2873,6.747406,6.5759973622
2874,6.743463,6.5746369762
2875,6.739297,6.573286368
2876,6.734945,6.5719475726
2877,6.730451,6.5706223902
2878,6.725862,6.5693123197
2879,6.721227,6.5680185207
2880,6.716596,6.5667417833
2881,6.71202,6.5654825042
2882,6.707547,6.564240661
2883,6.703223,6.5630158205
2884,6.69909,6.5618071379
2885,6.695184,6.5606133739
2886,6.691534,6.5594329298
2887,6.688162,6.5582638938
2888,6.685082,6.5571040893
2889,6.682301,6.5559511351
2890,6.679815,6.5548025
2891,6.677612,6.5536555963
2892,6.675672,6.5525078519
2893,6.673966,6.551356785
2894,6.672459,6.5502000943
2895,6.671109,6.5490357238
2896,6.669871,6.5478619423
2897,6.668696,6.5466773883
2898,6.667531,6.5454811275
2899,6.666325,6.5442727129
2900,6.66503,6.54305219
2901,6.663598,6.5418200909
2902,6.661988,6.5405774592
2903,6.660165,6.5393258041
2904,6.658101,6.5380670625
2905,6.655776,6.5368035474
2906,6.65318,6.535537883
2907,6.650312,6.534272914
2908,6.647181,6.5330116196
2909,6.643804,6.531757011
2910,6.640207,6.5305120444
2911,6.636424,6.5292795169
2912,6.632494,6.5280619659
2913,6.628461,6.5268615977
2914,6.624373,6.5256802093
2915,6.620277,6.5245191176
2916,6.616221,6.5233791429
2917,6.61225,6.5222605663
2918,6.608403,6.5211631341
2919,6.604715,6.5200860988
2920,6.601212,6.5190282375
2921,6.597913,6.5179879367
2922,6.594825,6.5169632564
2923,6.591949,6.5159520649
2924,6.589275,6.5149521053
2925,6.586784,6.5139611333
2926,6.58445,6.5129770405
2927,6.58224,6.5119979589
2928,6.580116,6.511022375
2929,6.578037,6.5100492254
2930,6.575962,6.5090779714
2931,6.57385,6.5081086377
2932,6.571666,6.5071418529
2933,6.569378,6.506178806
2934,6.566963,6.5052212424
2935,6.564406,6.5042713692
2936,6.561705,6.5033317656
2937,6.558866,6.5024052063
2938,6.55591,6.5014945484
2939,6.552868,6.5006024918
2940,6.54978,6.4997314
2941,6.546699,6.4988831186
2942,6.543684,6.4980587069
2943,6.5408,6.4972582632
2944,6.538114,6.4964807321
2945,6.535695,6.4957237636
2946,6.533605,6.4949835556
2947,6.531905,6.4942548491
2948,6.530642,6.4935308077
2949,6.529853,6.4928031373
2950,6.529561,6.49206214
2951,6.529771,6.4912968571
2952,6.53047,6.4904953125
2953,6.531627,6.4896447872
2954,6.533192,6.4887321304
2955,6.535098,6.4877441333
2956,6.537261,6.4866679091
2957,6.539585,6.4854913256
2958,6.541961,6.484203381
2959,6.544275,6.4827946585
2960,6.546408,6.48125765
2961,6.548244,6.4795871282
2962,6.54967,6.4777803684
2963,6.550585,6.4758374054
2964,6.550899,6.4737610833
2965,6.55054,6.4715571429
2966,6.549457,6.4692341176
2967,6.54762,6.4668031212
2968,6.545024,6.4642775938
2969,6.541686,6.461672871
2970,6.537651,6.4590057667
2971,6.532985,6.4562938621
2972,6.527773,6.4535548929
2973,6.522123,6.4508060741
2974,6.516151,6.4480631154
2975,6.509986,6.4453396
2976,6.50376,6.442646
2977,6.497602,6.4399888696
2978,6.491634,6.4373700909
2979,6.485964,6.4347860952
2980,6.48068,6.4322272
2981,6.475843,6.4296770526
2982,6.471486,6.4271122778
2983,6.467604,6.4245020588
2984,6.464156,6.4218081875
2985,6.461061,6.418985
2986,6.458194,6.4159795714
2987,6.455393,6.4127323077
2988,6.452455,6.40917725
2989,6.449139,6.4052429091
2990,6.445176,6.4008533
2991,6.440265,6.3959285556
2992,6.434089,6.3903865
2993,6.426313,6.3841432857
2994,6.416595,6.377115
2995,6.404597,6.369219
2996,6.389984,6.3603745
2997,6.372439,6.3505046667
2998,6.351669,6.3395375
2999,6.327406,6.327406
