0,0,0
1,0,0.0224603267
2,0,0.04532347
3,0,0.0686024133
4,0,0.0922981833
5,0,0.1163995533
6,0,0.1408833967
7,0,0.1657156133
8,0,0.1908525567
9,0,0.21624282
10,0,0.24182927
11,0,0.2675512567
12,0,0.2933468367
13,0,0.3191549867
14,0,0.34491765
15,0,0.3705815933
16,0,0.39609998
17,0,0.42143361
18,0,0.4465517633
19,0,0.47143266
20,0,0.4960634733
21,0,0.5204399267
22,0,0.5445655167
23,0,0.56845039
24,0,0.5921099633
25,0,0.6155633767
26,0,0.63883191
27,0,0.66193742
28,0,0.6849009633
29,0,0.7077416267
30,0,0.7304756833
31,0,0.75311605
32,0,0.7756721033
33,0,0.7981497967
34,0,0.8205520633
35,0,0.8428794433
36,0,0.86513089
37,0,0.8873046767
38,0,0.90939935
39,0,0.93141466
40,0,0.9533524033
41,0,0.9752171333
42,0,0.99701667
43,0,1.0187623633
44,0,1.0404691
45,0,1.0621550267
46,0,1.0838409867
47,0,1.1055497233
48,0,1.1273048967
49,0,1.14912998
50,0,1.17104713
51,0,1.19307612
52,0,1.21523341
53,0,1.2375314333
54,0,1.2599781367
55,0,1.2825767967
56,0,1.3053261133
57,0,1.32822055
58,0,1.3512508867
59,0,1.3744049233
60,0,1.3976682733
61,0,1.4210252067
62,0,1.44445946
63,0,1.4679549833
64,0,1.49149655
65,0,1.51507026
66,0,1.53866384
67,0,1.5622668233
68,0,1.5858705333
69,0,1.6094679767
70,0,1.6330535967
71,0,1.6566229867
72,0,1.6801725567
73,0,1.70369922
74,0,1.7272001167
75,0,1.75067239
76,0,1.77411306
77,0,1.7975189767
78,0,1.8208868567
79,0,1.8442133867
80,0,1.8674954
81,0,1.89073008
82,0,1.9139151667
83,0,1.93704917
84,0,1.96013153
85,0,1.9831627267
86,0,2.00614432
87,0,2.02907892
88,0,2.0519700533
89,0,2.0748219633
90,0,2.0976393467
91,0,2.1204270233
92,0,2.1431895833
93,0,2.1659310267
94,0,2.1886544267
95,0,2.2113616333
96,0,2.2340530467
97,0,2.2567274833
98,0,2.2793821333
99,0,2.30201264
100,0,2.3246132733
101,0,2.34717722
102,0,2.36969696
103,0,2.39216471
104,0,2.4145729267
105,0,2.43691483
106,0,2.4591849233
107,0,2.48137947
108,0,2.5034969233
109,0,2.5255382367
110,0,2.5475070767
111,0,2.56940988
112,0,2.5912557833
113,0,2.6130563833
114,0,2.63482537
115,0,2.6565780267
116,0,2.6783306667
117,0,2.7000999833
118,0,2.7219024133
119,0,2.74375351
120,0,2.7656674033
121,0,2.78765633
122,0,2.8097303033
123,0,2.8318969
124,0,2.8541611967
125,0,2.87652581
126,0,2.8989910667
127,0,2.9215552633
128,0,2.944215
129,0,2.9669655567
130,0,2.9898013
131,0,3.0127160867
132,0,3.03570365
133,0,3.0587579467
134,0,3.08187343
135,0,3.1050452733
136,0,3.1282695
137,0,3.1515430233
138,0,3.1748635933
139,0,3.1982296733
140,0,3.22164022
141,0,3.2450944033
142,0,3.2685912967
143,0,3.2921295167
144,0,3.3157068767
145,0,3.33932006
146,0,3.3629643333
147,0,3.3866333167
148,0,3.41031885
149,0,3.43401092
150,0,3.4576976967
151,0,3.4813656567
152,0,3.50499979
153,0,3.52858389
154,0,3.5521009
155,0,3.5755333333
156,0,3.5988637167
157,0,3.6220750833
158,0,3.6451514733
159,0,3.6680784533
160,0,3.69084362
161,0,3.7134370967
162,0,3.7358520033
163,0,3.7580848533
164,0,3.7801359167
165,0,3.80200946
166,0,3.8237138767
167,0,3.8452616767
168,0,3.8666692967
169,0,3.8879567467
170,0,3.9091470433
171,0,3.9302654967
172,0,3.95133883
173,0,3.9723941933
174,0,3.99345814
175,0,4.01455561
176,0,4.0357090033
177,0,4.05693738
178,0,4.07825586
179,0,4.0996752467
180,0,4.1212018767
181,0,4.1428377
182,0,4.1645805833
183,0,4.1864247833
184,0,4.2083615633
185,0,4.23037992
186,0,4.25246735
187,0,4.2746106433
188,0,4.29679663
189,0,4.31901287
190,0,4.34124823
191,0,4.36349335
192,0,4.38574095
193,0,4.4079859933
194,0,4.4302256833
195,0,4.4524593367
196,0,4.4746881133
197,0,4.4969146633
198,0,4.51914271
199,0,4.54137662
200,0,4.5636209767
201,0,4.5858802333
202,0,4.6081584133
203,0,4.6304589433
204,0,4.65278456
205,0,4.6751373233
206,0,4.6975187133
207,0,4.7199297467
208,0,4.74237113
209,0,4.76484337
210,0,4.7873468367
211,0,4.80988173
212,0,4.83244794
213,0,4.85504481
214,0,4.87767078
215,0,4.9003229467
216,0,4.9229965767
217,0,4.9456845867
218,0,4.9683770633
219,0,4.99106083
220,0,5.0137191267
221,0,5.0363314333
222,0,5.0588734667
223,0,5.0813173767
224,0,5.10363215
225,0,5.12578427
226,0,5.1477386133
227,0,5.1694596067
228,0,5.19091264
229,0,5.2120657467
230,0,5.2328914967
231,0,5.25336911
232,0,5.2734866733
233,0,5.2932433633
234,0,5.31265152
235,0,5.3317383167
236,0,5.35054675
237,0,5.3691356467
238,0,5.3875783933
239,0,5.4059602467
240,0,5.42437426
241,0,5.4429161333
242,0,5.46167853
243,0,5.4807455033
244,0,5.5001876667
245,0,5.52005854
246,0,5.54039229
247,0,5.56120285
248,0,5.58248428
249,0,5.6042121067
250,0,5.6263454167
251,0,5.64882948
252,0,5.67159871
253,0,5.6945798067
254,0,5.7176949767
255,0,5.7408651233
256,0,5.7640129533
257,0,5.7870659067
258,0,5.80995888
259,0,5.83263668
260,0,5.85505614
261,0,5.87718786
262,0,5.89901748
263,0,5.92054641
264,0,5.9417919633
265,0,5.9627867567
266,0,5.9835773933
267,0,6.0042223833
268,0,6.02478938
269,0,6.0453518833
270,0,6.0659856467
271,0,6.0867650433
272,0,6.10775968
273,0,6.12903149
274,0,6.1506324433
275,0,6.17260297
276,0,6.1949710367
277,0,6.2177518333
278,0,6.2409479667
279,0,6.2645500167
280,0,6.2885374033
281,0,6.3128794233
282,0,6.3375364367
283,0,6.36246112
284,0,6.3875997767
285,0,6.4128936467
286,0,6.43828022
287,0,6.4636945167
288,0,6.48907032
289,0,6.5143413433
290,0,6.53944228
291,0,6.5643097267
292,0,6.5888829267
293,0,6.6131042867
294,0,6.6369196267
295,0,6.6602781
296,0,6.6831317133
297,0,6.7054344133
298,0,6.72714061
299,0,6.74820307
300,6.738098,6.7685699967
301,6.858943,6.7657206667
302,6.983683,6.7616379833
303,7.108731,6.7562119067
304,7.230411,6.74930913
305,7.345153,6.7407516733
306,7.449665,6.73027524
307,7.541083,6.71743525
308,7.617079,6.7013219567
309,7.675935,6.67799055
310,7.716596,6.6544629567
311,7.738674,6.6307998267
312,7.742445,6.6070631033
313,7.728799,6.58331381
314,7.699183,6.5596100033
315,7.655516,6.5360049167
316,7.600089,6.6236916333
317,7.535446,6.6554986567
318,7.464269,6.6758006767
319,7.389244,6.6908466533
320,7.312936,6.7029003467
321,7.237677,6.71305639
322,7.165462,6.72192256
323,7.097872,6.7298597467
324,7.036024,6.73708656
325,6.98056,6.74373247
326,6.931653,6.7498683
327,6.889063,6.7555257567
328,6.852199,6.7607110233
329,6.820217,6.7654149233
330,6.79211,6.7696207967
331,6.766816,6.7733107067
332,6.743308,6.7764702633
333,6.72068,6.7790921967
334,6.698214,6.7811787233
335,6.675434,6.7827427533
336,6.652136,6.7838079133
337,6.628402,6.7844074767
338,6.604593,6.7845822767
339,6.581323,6.7843778167
340,6.559419,6.7838408333
341,6.539861,6.7830156933
342,6.523708,6.7819409867
343,6.512021,6.78064677
344,6.505778,6.7791527133
345,6.505788,6.7774674
346,6.512621,6.7755888467
347,6.526552,6.77350617
348,6.547525,6.7712021833
349,6.575145,6.7686566833
350,6.608697,6.7658500833
351,6.647187,6.7627670633
352,6.689407,6.7593998767
353,6.734011,6.75575104
354,6.779598,6.7518351233
355,6.824795,6.7476794733
356,6.868331,6.74332376
357,6.909101,6.7388183833
358,6.946211,6.73422188
359,6.979005,6.72959759
360,7.00708,6.7250099633
361,7.030276,6.7205208467
362,7.048657,6.7161861567
363,7.06247,6.7120532067
364,7.072113,6.7081588833
365,7.078074,6.70452869
366,7.080895,6.7011767033
367,7.081113,6.69810625
368,7.079233,6.69531123
369,7.075686,6.6927778433
370,7.070817,6.6904866333
371,7.064871,6.68841457
372,7.057999,6.6865371333
373,7.050269,6.6848301567
374,7.041682,6.68327141
375,7.032201,6.68184179
376,7.021775,6.68052608
377,7.010364,6.6793132767
378,6.997959,6.6781964767
379,6.984604,6.6771724233
380,6.970404,6.67624071
381,6.955526,6.67540281
382,6.940201,6.67466101
383,6.924708,6.6740173333
384,6.909359,6.6734726033
385,6.894478,6.6730256833
386,6.88038,6.6726729833
387,6.86734,6.6724082167
388,6.855573,6.67222247
389,6.845215,6.67210454
390,6.836303,6.6720414567
391,6.828768,6.6720192133
392,6.822433,6.67202357
393,6.81702,6.6720408967
394,6.812162,6.6720589467
395,6.807424,6.6720675467
396,6.802331,6.6720591133
397,6.796395,6.6720289467
398,6.789152,6.6719752967
399,6.78019,6.67189918
400,6.769184,6.6718039567
401,6.755922,6.6716947
402,6.740325,6.67157738
403,6.722465,6.6714579633
404,6.702571,6.6713414567
405,6.681028,6.671231
406,6.658364,6.6711270567
407,6.635236,6.6710268167
408,6.612394,6.6709238133
409,6.590652,6.6708078633
410,6.570841,6.6706653033
411,6.553771,6.67047956
412,6.54018,6.6702320067
413,6.530696,6.6699030833
414,6.525797,6.6694735967
415,6.525792,6.66892613
416,6.530795,6.6682464133
417,6.540729,6.6674246033
418,6.555329,6.6664563
419,6.574168,6.66534327
420,6.596678,6.6640937267
421,6.622192,6.6627222033
422,6.649979,6.6612489567
423,6.679289,6.6596990033
424,6.709384,6.6581008
425,6.739577,6.6564847667
426,6.769259,6.6548817
427,6.797921,6.65332123
428,6.825167,6.65183042
429,6.850723,6.6504326
430,6.874436,6.6491464533
431,6.896269,6.6479854133
432,6.916289,6.64695734
433,6.934645,6.64606447
434,6.951553,6.6453036267
435,6.967268,6.64466662
436,6.982057,6.6441408367
437,6.996171,6.6437099733
438,7.009824,6.6433549033
439,7.023164,6.64305459
440,7.036255,6.6427871
441,7.049068,6.6425306067
442,7.061466,6.6422643867
443,7.073208,6.6419697933
444,7.083955,6.6416311167
445,7.093282,6.6412363333
446,7.100695,6.64077769
447,7.10566,6.6402521167
448,7.107621,6.6396613933
449,7.106033,6.63901212
450,7.100388,6.6383154433
451,7.09024,6.63758656
452,7.07523,6.6368440333
453,7.055103,6.6361089433
454,7.02973,6.6354039367
455,6.999115,6.6347522
456,6.96341,6.6341764367
457,6.922917,6.63369788
458,6.878094,6.6333353967
459,6.82955,6.6331047167
460,6.778043,6.63301782
461,6.724472,6.6330824733
462,6.669855,6.63330196
463,6.615319,6.6336749833
464,6.562063,6.6341957067
465,6.511325,6.6348539833
466,6.46434,6.63563573
467,6.422286,6.63652341
468,6.386235,6.63749667
469,6.357089,6.6385330533
470,6.335536,6.6396088133
471,6.322,6.64069978
472,6.316609,6.6417822267
473,6.319184,6.6428337533
474,6.329241,6.64383406
475,6.346018,6.6447656433
476,6.368513,6.6456143233
477,6.395544,6.6463696067
478,6.425816,6.64702487
479,6.457989,6.6475773333
480,6.490747,6.64802787
481,6.522865,6.6483806833
482,6.55326,6.6486428433
483,6.581034,6.6488237467
484,6.605507,6.6489345433
485,6.626229,6.64898752
486,6.642988,6.64899551
487,6.655796,6.64897133
488,6.664872,6.64892727
489,6.670608,6.6488746633
490,6.673536,6.6488235233
491,6.67428,6.6487822767
492,6.673513,6.6487576133
493,6.671907,6.6487544333
494,6.670096,6.6487759
495,6.668633,6.6488235933
496,6.667965,6.6488977567
497,6.668414,6.64899761
498,6.670173,6.6491217067
499,6.673307,6.6492683033
500,6.677777,6.6494357233
501,6.683454,6.64962264
502,6.690159,6.6498283467
503,6.697685,6.6500528667
504,6.705829,6.6502970267
505,6.714417,6.6505624
506,6.72331,6.65085117
507,6.732415,6.6511659667
508,6.741672,6.6515096267
509,6.75104,6.6518850067
510,6.760468,6.6522948067
511,6.769863,6.6527414867
512,6.779061,6.65322726
513,6.787791,6.6537542067
514,6.79565,6.6543244867
515,6.802089,6.6549406533
516,6.806403,6.65560604
517,6.807743,6.6563251867
518,6.80513,6.6571042567
519,6.797489,6.6579514367
520,6.783692,6.65887725
521,6.76261,6.65989475
522,6.733173,6.6610195667
523,6.694432,6.6622697967
524,6.645636,6.6636657
525,6.586303,6.6652291833
526,6.516298,6.6669830867
527,6.43591,6.6689502267
528,6.345932,6.6711522533
529,6.247725,6.6736082467
530,6.143284,6.67633316
531,6.035269,6.6793360433
532,5.927007,6.6826182
533,5.822447,6.6861713067
534,5.726039,6.6899756867
535,5.64253,6.69399892
536,5.576669,6.6981950833
537,5.532824,6.70250487
538,5.514556,6.7068569067
539,5.524204,6.7111703633
540,5.562562,6.7153588533
541,5.628719,6.7193352933
542,5.720092,6.7230172133
543,5.832649,6.7263319067
544,5.961262,6.7292207933
545,6.100125,6.7316426033
546,6.243168,6.7335751967
547,6.384429,6.7350160567
548,6.518348,6.7359816067
549,6.639993,6.7365056333
550,6.745219,6.73663703
551,6.830769,6.7364371067
552,6.894329,6.7359766167
553,6.934551,6.7353326667
554,6.951044,6.7345856033
555,6.944349,6.7338159533
556,6.915886,6.73310147
557,6.867892,6.7325143733
558,6.80334,6.7321188033
559,6.725838,6.7319685333
560,6.639516,6.7321050167
561,6.548886,6.7325558
562,6.458679,6.7333333767
563,6.373666,6.73443456
564,6.298438,6.7358404267
565,6.237191,6.7375169567
566,6.193497,6.7394163433
567,6.170099,6.7414790567
568,6.168751,6.7436365433
569,6.190129,6.74581445
570,6.233819,6.7479361467
571,6.298391,6.7499262933
572,6.381543,6.7517142033
573,6.480286,6.75323675
574,6.591158,6.75444073
575,6.71042,6.7552845567
576,6.834239,6.7557393567
577,6.95884,6.75578949
578,7.080615,6.7554325733
579,7.196216,6.75467915
580,7.302606,6.75355198
581,7.397104,6.7520851167
582,7.477405,6.75032272
583,7.541597,6.7483176933
584,7.588161,6.7461301367
585,7.615972,6.74382568
586,7.624289,6.7414737167
587,7.612741,6.7391455833
588,7.581307,6.7369127833
589,7.530281,6.73484527
590,7.460234,6.7330099067
591,7.37196,6.73146918
592,7.266408,6.7302802033
593,7.144602,6.7294941333
594,7.007542,6.72915599
595,6.856084,6.7293049933
596,6.69081,6.7299754333
597,6.511859,6.7311980933
598,6.318738,6.7330023067
599,6.110078,6.7354187
600,5.883299,6.73848275
601,5.634138,6.74223941
602,5.35586,6.74674926
603,5.037898,6.7520971967
604,4.663174,6.7584055333
605,4.202223,6.7658559367
606,3.597668,6.77473082
607,2.707095,6.7855063933
608,0.617657,6.7991360367
609,0.617657,6.81961825
610,0.617657,6.8399926067
611,0.617657,6.8602653167
612,0.617657,6.8804441567
613,0.617657,6.9005382
614,0.617657,6.92055752
615,33.961531,6.9405129167
616,17.142196,6.8492693667
617,13.626052,6.8140489067
618,11.978062,6.79051872
619,11.005352,6.77246228
620,10.359749,6.7576384833
621,9.897528,6.7449656767
622,9.546618,6.7338398933
623,9.265916,6.7238957733
624,9.029797,6.7149031767
625,8.821309,6.7067155067
626,8.62889,6.6992408233
627,8.444643,6.6924239967
628,8.263369,6.6862347167
629,8.081979,6.68065882
630,7.899083,6.67569166
631,7.714683,6.6713329
632,7.529888,6.6675823533
633,7.346638,6.66443677
634,7.167423,6.6618875133
635,6.994982,6.65991909
636,6.832005,6.6585086
637,6.680842,6.6576260633
638,6.543255,6.6572355933
639,6.420228,6.6572972633
640,6.311877,6.6577695033
641,6.217449,6.65861167
642,6.135443,6.6597865633
643,6.063804,6.66126248
644,6.000184,6.6630145967
645,5.942222,6.6650255033
646,5.887818,6.6672848233
647,5.835356,6.6697879933
648,5.783875,6.6725343667
649,5.733165,6.6755248367
650,5.683791,6.6787592233
651,5.637031,6.68223366
652,5.594756,6.68593828
653,5.559236,6.6898553633
654,5.532903,6.69395819
655,5.518081,6.69821072
656,5.516718,6.7025682033
657,5.53015,6.7069786967
658,5.558924,6.7113853433
659,5.602717,6.71572925
660,5.660345,6.7199525767
661,5.729869,6.7240015667
662,5.808772,6.7278291833
663,5.894173,6.7313971033
664,5.983055,6.73467695
665,6.072478,6.7376507567
666,6.159759,6.7403106733
667,6.242607,6.7426580767
668,6.319217,6.74470224
669,6.388323,6.7464586933
670,6.449198,6.7479474233
671,6.50164,6.7491911233
672,6.545906,6.7502134833
673,6.582645,6.7510377467
674,6.612796,6.75168548
675,6.637488,6.7521757033
676,6.657934,6.75252433
677,6.675324,6.7527439533
678,6.690743,6.75284397
679,6.70509,6.7528309333
680,6.719034,6.7527091833
681,6.732986,6.75248157
682,6.747098,6.75215027
683,6.761289,6.7517175833
684,6.775283,6.7511866333
685,6.788668,6.7505619167
686,6.80095,6.7498496433
687,6.811616,6.7490578567
688,6.820194,6.74819632
689,6.82629,6.74727615
690,6.82963,6.7463092867
691,6.830075,6.7453077833
692,6.827631,6.74428302
693,6.822435,6.7432448733
694,6.814742,6.7422009667
695,6.804894,6.74115602
696,6.793281,6.7401114067
697,6.7803,6.7390649667
698,6.766317,6.7380111467
699,6.751623,6.7369414333
700,6.736407,6.7358451433
701,6.720726,6.7347104867
702,6.7045,6.73352589
703,6.687513,6.73228146
704,6.669434,6.7309705
705,6.649845,6.72959093
706,6.628292,6.72814653
707,6.604335,6.7266478
708,6.577609,6.7251123733
709,6.547884,6.7235648733
710,6.515118,6.7220361433
711,6.479505,6.7205618633
712,6.441503,6.71918059
713,6.40185,6.7179313633
714,6.361557,6.7168510233
715,6.321877,6.7159714567
716,6.284252,6.7153170367
717,6.250238,6.7149024533
718,6.22142,6.7147311533
719,6.199305,6.7147945
720,6.185221,6.7150717867
721,6.180218,6.7155310767
722,6.184993,6.7161308267
723,6.199828,6.7168221867
724,6.224574,6.7175518167
725,6.258657,6.71826501
726,6.301118,6.7189089433
727,6.350678,6.7194358367
728,6.405821,6.7198058133
729,6.464879,6.71998932
730,6.526124,6.7199689433
731,6.587847,6.7197404933
732,6.648428,6.7193133067
733,6.706392,6.7187096933
734,6.760451,6.71796357
735,6.809533,6.71711831
736,6.852798,6.71622397
737,6.88965,6.71533408
738,6.91973,6.71450218
739,6.942917,6.7137784433
740,6.959307,6.7132065033
741,6.969202,6.71282081
742,6.973088,6.7126445433
743,6.971605,6.7126882333
744,6.96552,6.7129491
745,6.955689,6.7134110833
746,6.943023,6.71404552
747,6.928443,6.7148123967
748,6.912839,6.7156621067
749,6.89703,6.7165376033
750,6.881723,6.7173768733
751,6.867482,6.71811563
752,6.854703,6.71869011
753,6.843601,6.71903986
754,6.834209,6.7191103767
755,6.826386,6.7188554467
756,6.819843,6.7182390467
757,6.814172,6.7172366067
758,6.80889,6.7158355033
759,6.803481,6.7140346067
760,6.797439,6.71184279
761,6.790318,6.7092763467
762,6.781762,6.7063553033
763,6.771536,6.7030988
764,6.759546,6.6995196267
765,6.745849,6.6956181467
766,6.730644,6.6913756733
767,6.714264,6.6867472267
768,6.69715,6.6816531267
769,6.679817,6.6759682033
770,6.662826,6.66950578
771,6.646734,6.6619898667
772,6.632067,6.6529982567
773,6.619276,6.6418170267
774,6.608716,6.6268595033
775,6.600622,6.61193718
776,6.595098,6.5970418367
777,6.592123,6.5821649067
778,6.591555,6.5672978933
779,6.59315,6.5524327733
780,6.596591,6.5375623367
781,6.601513,6.52268043
782,6.607531,6.5613768733
783,6.614273,6.5816928367
784,6.6214,6.59427582
785,6.628626,6.6021727967
786,6.635734,6.60674203
787,6.642578,6.6087394133
788,6.64909,6.60865438
789,6.655266,6.6068435033
790,6.661162,6.6035920333
791,6.666881,6.59914463
792,6.672559,6.59372111
793,6.678347,6.5875240633
794,6.684404,6.5807418167
795,6.690882,6.5735487033
796,6.697921,6.5661039867
797,6.705643,6.55855039
798,6.714152,6.5510128333
799,6.723533,6.5435977367
800,6.733852,6.53639295
801,6.745166,6.5294682367
802,6.757515,6.5228761233
803,6.770933,6.5166530433
804,6.785441,6.5108205967
805,6.801048,6.5053869567
806,6.817749,6.5003483567
807,6.835513,6.4956907033
808,6.854286,6.49139133
809,6.87398,6.48742084
810,6.894472,6.48374508
811,6.915595,6.48032717
812,6.937145,6.47712957
813,6.958875,6.4741160767
814,6.9805,6.47125371
815,7.001705,6.4685144033
816,7.022147,6.46587641
817,7.041464,6.46332536
818,7.059284,6.4608549267
819,7.075233,6.45846702
820,7.088942,6.4561715367
821,7.100055,6.4539856567
822,7.108242,6.4519327233
823,7.113203,6.4500407733
824,7.114681,6.44834081
825,7.112474,6.4468649133
826,7.10644,6.44564429
827,7.096518,6.44470738
828,7.08273,6.44407804
829,7.065199,6.4437739667
830,7.044149,6.4438053
831,7.019916,6.44417354
832,6.992939,6.44487072
833,6.963761,6.44587892
834,6.933009,6.44717009
835,6.901379,6.4487062467
836,6.869605,6.4504399967
837,6.838435,6.4523154667
838,6.808593,6.4542695833
839,6.780751,6.4562337267
840,6.755494,6.4581357067
841,6.733295,6.4599020567
842,6.7145,6.46146054
843,6.699315,6.4627428067
844,6.687805,6.4636870933
845,6.679903,6.46424087
846,6.675426,6.46436326
847,6.674094,6.4640271033
848,6.675556,6.4632205367
849,6.679412,6.4619478733
850,6.685242,6.4602297167
851,6.692622,6.45810212
852,6.701144,6.45561482
853,6.710432,6.4528285767
854,6.720149,6.4498117567
855,6.730004,6.4466364933
856,6.739757,6.4433747567
857,6.749221,6.4400947033
858,6.758259,6.4368576467
859,6.766783,6.4337158533
860,6.774751,6.4307112333
861,6.782159,6.4278749133
862,6.789034,6.42522752
863,6.795426,6.4227800467
864,6.801397,6.4205350967
865,6.807007,6.4184883333
866,6.812311,6.4166300267
867,6.817345,6.4149465567
868,6.822123,6.4134218267
869,6.826638,6.41203851
870,6.830863,6.4107790967
871,6.834764,6.4096267233
872,6.838307,6.40856576
873,6.84148,6.40758217
874,6.844306,6.4066636367
875,6.84686,6.4057994733
876,6.849279,6.4049803733
877,6.851765,6.4041980067
878,6.854588,6.4034445633
879,6.858065,6.4027122367
880,6.862547,6.4019927833
881,6.868385,6.4012771533
882,6.875897,6.4005552867
883,6.88533,6.39981607
884,6.896824,6.3990475267
885,6.910383,6.39823718
886,6.925849,6.3973726133
887,6.942901,6.3964421667
888,6.961053,6.3954356933
889,6.979672,6.3943453467
890,6.998016,6.3931663033
891,7.015267,6.3918973567
892,7.030587,6.3905413433
893,7.043159,6.38910534
894,7.052243,6.38760063
895,7.057216,6.3860424267
896,7.057608,6.3844493733
897,7.053123,6.3828428367
898,7.043656,6.3812460867
899,7.029293,6.37968334
900,7.010297,6.3781787967
901,6.987093,6.3767556833
902,6.960241,6.3754353767
903,6.930399,6.3742366167
904,6.898295,6.37317492
905,6.864688,6.3722621133
906,6.83034,6.3715061
907,6.795988,6.3709107733
908,6.762321,6.37047612
909,6.729964,6.37019847
910,6.69947,6.37007088
911,6.671309,6.3700835933
912,6.64587,6.3702245733
913,6.623453,6.37048007
914,6.604276,6.3708352033
915,6.588466,6.3712745067
916,6.576058,6.37178246
917,6.566996,6.37234398
918,6.56113,6.37294482
919,6.558213,6.3735719233
920,6.557907,6.3742137033
921,6.559793,6.37486024
922,6.563382,6.3755033867
923,6.568137,6.3761368233
924,6.573496,6.3767560133
925,6.578904,6.3773581067
926,6.583842,6.3779417833
927,6.587859,6.3785070533
928,6.5906,6.37905503
929,6.591831,6.37958769
930,6.591455,6.3801076167
931,6.589519,6.3806177533
932,6.586213,6.38112119
933,6.581861,6.3816209433
934,6.576896,6.3821197767
935,6.571835,6.3826200533
936,6.567244,6.3831235967
937,6.563701,6.38363159
938,6.561756,6.38414449
939,6.5619,6.38466197
940,6.564527,6.38518287
941,6.569917,6.3857051867
942,6.578218,6.38622607
943,6.589439,6.3867418433
944,6.603456,6.3872480667
945,6.620018,6.3877395933
946,6.638769,6.3882107033
947,6.659268,6.38865522
948,6.681016,6.38906668
949,6.703481,6.38943852
950,6.726122,6.38976428
951,6.748417,6.3900378267
952,6.769881,6.39025357
953,6.790084,6.3904066833
954,6.808662,6.3904933167
955,6.825326,6.3905108
956,6.839866,6.39045781
957,6.852144,6.3903345233
958,6.862096,6.39014275
959,6.869715,6.3898859933
960,6.875042,6.3895695133
961,6.878154,6.3892003267
962,6.879148,6.3887871367
963,6.878127,6.3883402333
964,6.875197,6.3878713167
965,6.870453,6.38739324
966,6.86398,6.38691971
967,6.855856,6.38646492
968,6.846153,6.3860431167
969,6.834942,6.3856681633
970,6.822308,6.3853531033
971,6.808348,6.3851097
972,6.793185,6.38494808
973,6.776965,6.38487641
974,6.759863,6.38490069
975,6.742076,6.38502464
976,6.723821,6.38524972
977,6.705329,6.38557524
978,6.686832,6.3859985867
979,6.668565,6.38651553
980,6.65075,6.3871205633
981,6.633596,6.3878073
982,6.617292,6.38856885
983,6.602004,6.3893981833
984,6.587868,6.3902884467
985,6.574986,6.3912332267
986,6.563414,6.3922267667
987,6.553155,6.3932641333
988,6.544143,6.39434134
989,6.536231,6.39545545
990,6.529179,6.3966046733
991,6.522646,6.3977884433
992,6.516187,6.3990075
993,6.509263,6.4002639633
994,6.501258,6.40156137
995,6.49151,6.4029046567
996,6.479349,6.4043000867
997,6.464154,6.4057550567
998,6.445403,6.4072777833
999,6.422736,6.4088768733
1000,6.39601,6.4105607467
1001,6.365347,6.4123369533
1002,6.331171,6.4142113933
1003,6.294225,6.4161874967
1004,6.255563,6.4182654133
1005,6.216525,6.4204412867
1006,6.178673,6.4227066767
1007,6.143707,6.42504822
1008,6.113359,6.4274476
1009,6.089265,6.4298818667
1010,6.072834,6.4323241567
1011,6.065123,6.4347448167
1012,6.066735,6.43711288
1013,6.077748,6.43939779
1014,6.097687,6.4415712633
1015,6.125551,6.4436091467
1016,6.159877,6.4454930667
1017,6.198848,6.4472117567
1018,6.240424,6.4487619133
1019,6.282491,6.4501485367
1020,6.323008,6.45138471
1021,6.360143,6.4524908367
1022,6.392401,6.4534934033
1023,6.418717,6.4544233267
1024,6.438532,6.4553140233
1025,6.451837,6.45619927
1026,6.459186,6.45711099
1027,6.461671,6.4580770767
1028,6.460873,6.4591193867
1029,6.458766,6.4602520067
1030,6.457589,6.4614799167
1031,6.459691,6.46279818
1032,6.467344,6.46419174
1033,6.482555,6.46563591
1034,6.506873,6.4670975533
1035,6.541231,6.46853696
1036,6.585831,6.4699102867
1037,6.64008,6.4711723867
1038,6.702609,6.4722798733
1039,6.771335,6.4731940867
1040,6.843599,6.4738838367
1041,6.916322,6.4743276367
1042,6.986195,6.4745153533
1043,7.049865,6.4744491733
1044,7.104115,6.47414387
1045,7.14602,6.4736264033
1046,7.173086,6.4729349233
1047,7.183356,6.4721172467
1048,7.175488,6.4712289333
1049,7.148811,6.4703310533
1050,7.10335,6.46948773
1051,7.039826,6.46876361
1052,6.959628,6.4682213067
1053,6.864756,6.4679189733
1054,6.75773,6.46790809
1055,6.641466,6.4682316
1056,6.519111,6.46892249
1057,6.393841,6.47000298
1058,6.268621,6.47148442
1059,6.145936,6.47336803
1060,6.027506,6.4756465467
1061,5.914005,6.4783068367
1062,5.804811,6.4813334367
1063,5.697784,6.4847129133
1064,5.589102,6.4884389267
1065,5.473107,6.4925178
1066,5.34211,6.49697457
1067,5.186034,6.5018596533
1068,4.991673,6.5072566667
1069,4.74109,6.5132927267
1070,4.408052,6.52015407
1071,3.949251,6.5281136167
1072,3.277698,6.5375878267
1073,2.132019,6.5492823067
1074,2.132019,6.56477318
1075,2.132019,6.5802366533
1076,2.132019,6.5956675367
1077,2.132019,6.6110606167
1078,2.132019,6.6264110167
1079,2.132019,6.64171456
1080,2.132019,6.6569681567
1081,18.210446,6.6721701367
1082,12.70232,6.6337257667
1083,10.389168,6.61359213
1084,8.990493,6.6011231833
1085,7.999396,6.5932764467
1086,7.234949,6.58870085
1087,6.617068,6.58664987
1088,6.105827,6.5866449867
1089,5.679825,6.5883413533
1090,5.326941,6.5914655267
1091,5.039825,6.5957840067
1092,4.813445,6.60108683
1093,4.643673,6.60717939
1094,4.52647,6.61387908
1095,4.457467,6.6210147267
1096,4.431842,6.6284275833
1097,4.444376,6.6359728233
1098,4.489623,6.64352099
1099,4.562097,6.6509589767
1100,4.656438,6.6581904833
1101,4.767532,6.6651359833
1102,4.890591,6.67173233
1103,5.021199,6.67793211
1104,5.155349,6.6837028333
1105,5.289468,6.6890259533
1106,5.420453,6.69389574
1107,5.545701,6.6983179433
1108,5.663139,6.70230827
1109,5.771252,6.70589065
1110,5.869099,6.7090953033
1111,5.956315,6.71195667
1112,6.033097,6.71451125
1113,6.100165,6.7167954267
1114,6.158708,6.71884341
1115,6.210307,6.7206853367
1116,6.256832,6.7223456667
1117,6.300334,6.72384197
1118,6.342912,6.7251841367
1119,6.386588,6.7263741233
1120,6.433178,6.7274062067
1121,6.484175,6.7282677467
1122,6.540657,6.72894044
1123,6.603214,6.7294019367
1124,6.671912,6.72962775
1125,6.746287,6.7295933267
1126,6.825367,6.7292761333
1127,6.907716,6.72865765
1128,6.991508,6.72772518
1129,7.074599,6.7264733333
1130,7.154621,6.7249052033
1131,7.22907,6.7230331267
1132,7.295399,6.7208790433
1133,7.351112,6.71847446
1134,7.393856,6.7158599967
1135,7.421504,6.71308458
1136,7.432246,6.7102042833
1137,7.42467,6.7072808833
1138,7.397836,6.70438014
1139,7.351345,6.7015698933
1140,7.285399,6.69891802
1141,7.20084,6.69649028
1142,7.09918,6.69434818
1143,6.982601,6.69254684
1144,6.853938,6.6911330033
1145,6.71662,6.6901432
1146,6.574579,6.68960219
1147,6.432124,6.6895217333
1148,6.293757,6.6898998
1149,6.163965,6.6907203133
1150,6.046963,6.69195349
1151,5.946432,6.6935569033
1152,5.865271,6.6954772133
1153,5.805386,6.69765253
1154,5.76757,6.70001529
1155,5.751483,6.7024953333
1156,5.755741,6.70502293
1157,5.778104,6.7075314267
1158,5.815721,6.7099593
1159,5.865397,6.7122514967
1160,5.923855,6.7143600667
1161,5.987941,6.71624423
1162,6.054792,6.7178700867
1163,6.121941,6.71921016
1164,6.187368,6.72024301
1165,6.249515,6.7209530367
1166,6.30727,6.72133061
1167,6.359926,6.7213724867
1168,6.407128,6.72108252
1169,6.448814,6.7204725533
1170,6.485151,6.7195633
1171,6.516475,6.7183850433
1172,6.54323,6.7169779233
1173,6.56592,6.7153916133
1174,6.585057,6.71368417
1175,6.60113,6.7119200833
1176,6.614569,6.7101674867
1177,6.625732,6.7084948233
1178,6.63489,6.70696722
1179,6.642229,6.7056429933
1180,6.647858,6.7045706333
1181,6.651825,6.7037865267
1182,6.654132,6.7033136
1183,6.654767,6.7031609233
1184,6.65372,6.7033241433
1185,6.651013,6.7037866633
1186,6.646715,6.7045213667
1187,6.640959,6.7054926867
1188,6.633949,6.7066588933
1189,6.625959,6.70797439
1190,6.617332,6.7093919433
1191,6.608463,6.7108646767
1192,6.599786,6.7123477867
1193,6.591746,6.7137998767
1194,6.584782,6.7151838967
1195,6.5793,6.71646763
1196,6.575647,6.7176237767
1197,6.574098,6.71862965
1198,6.574832,6.71946655
1199,6.57793,6.7201189667
1200,6.583363,6.7205736633
1201,6.591001,6.7210325619
1202,6.600613,6.7214689094
1203,6.61189,6.7218758316
1204,6.624453,6.7222474054
1205,6.637884,6.7225789119
1206,6.651742,6.7228669898
1207,6.665592,6.7231097372
1208,6.679026,6.7233067158
1209,6.691687,6.7234588832
1210,6.703284,6.7235684414
1211,6.713603,6.7236386298
1212,6.722519,6.7236734757
1213,6.729993,6.7236774983
1214,6.736067,6.7236554161
1215,6.740852,6.7236118667
1216,6.744514,6.723551162
1217,6.747248,6.7234770883
1218,6.749261,6.7233927943
1219,6.750747,6.7233007367
1220,6.751868,6.7232027143
1221,6.752737,6.7230999713
1222,6.753413,6.7229933633
1223,6.753894,6.7228835451
1224,6.754124,6.7227711884
1225,6.754007,6.7226571782
1226,6.753423,6.7225427628
1227,6.752252,6.7224296484
1228,6.750398,6.7223200074
1229,6.747809,6.7222163985
1230,6.744496,6.7221216111
1231,6.74055,6.7220384349
1232,6.736139,6.7219693619
1233,6.731511,6.7219162921
1234,6.726979,6.7218802218
1235,6.722898,6.7218609811
1236,6.719642,6.721857053
1237,6.717571,6.7218654753
1238,6.717,6.7218818664
1239,6.71817,6.7219005709
1240,6.721222,6.7219149192
1241,6.726182,6.7219175946
1242,6.73295,6.7219010659
1243,6.741306,6.7218580739
1244,6.750914,6.7217821055
1245,6.761351,6.7216678627
1246,6.772124,6.7215116299
1247,6.782706,6.721311581
1248,6.792568,6.7210679524
1249,6.801209,6.7207830916
1250,6.808186,6.720461388
1251,6.81314,6.7201090803
1252,6.815815,6.7197339556
1253,6.816074,6.7193449636
1254,6.813907,6.7189517561
1255,6.809429,6.7185641837
1256,6.80288,6.7181917869
1257,6.794612,6.7178432757
1258,6.785069,6.7175260496
1259,6.774771,6.7172457884
1260,6.764286,6.7170061
1261,6.754197,6.7168082762
1262,6.745077,6.7166511807
1263,6.737452,6.7165312405
1264,6.731774,6.7164425932
1265,6.728394,6.7163773532
1266,6.727543,6.716326
1267,6.729315,6.7162778584
1268,6.733667,6.7162216638
1269,6.740424,6.7161461429
1270,6.749287,6.716040587
1271,6.759862,6.7158954061
1272,6.771684,6.7157025702
1273,6.784249,6.7154559559
1274,6.797048,6.7151515619
1275,6.8096,6.7147875778
1276,6.821477,6.714364308
1277,6.832333,6.7138839821
1278,6.841915,6.7133504279
1279,6.850075,6.7127686878
1280,6.856771,6.7121445682
1281,6.862061,6.7114841735
1282,6.866092,6.7107934541
1283,6.869083,6.7100777926
1284,6.871302,6.7093416574
1285,6.873048,6.7085883535
1286,6.874624,6.7078198505
1287,6.876317,6.7070367324
1288,6.878376,6.7062382406
1289,6.880998,6.7054224218
1290,6.88431,6.7045863476
1291,6.888363,6.7037264258
1292,6.893126,6.70283875
1293,6.898485,6.7019194879
1294,6.904244,6.7009652864
1295,6.910139,6.6999736829
1296,6.91584,6.6989434608
1297,6.920972,6.6978750049
1298,6.92513,6.6967705644
1299,6.927898,6.6956344478
1300,6.928872,6.69447313
1301,6.927679,6.6932952462
1302,6.924002,6.6921114899
1303,6.9176,6.6909343807
1304,6.908325,6.6897779235
1305,6.896142,6.6886571692
1306,6.881136,6.6875876598
1307,6.863521,6.6865848187
1308,6.843639,6.685663276
1309,6.821952,6.684836178
1310,6.799032,6.6841145158
1311,6.775542,6.6835064868
1312,6.752208,6.6830169362
1313,6.72979,6.6826469305
1314,6.709052,6.6823934731
1315,6.690727,6.682249373
1316,6.675484,6.6822032989
1317,6.663895,6.6822400164
1318,6.656411,6.6823408132
1319,6.653343,6.6824840718
1320,6.654846,6.6826459667
1321,6.660913,6.6828012737
1322,6.671378,6.6829242416
1323,6.685926,6.6829894746
1324,6.704106,6.6829727898
1325,6.725353,6.6828520286
1326,6.749012,6.6826077701
1327,6.774364,6.6822239306
1328,6.800659,6.6816882326
1329,6.827139,6.6809924971
1330,6.853068,6.6801328118
1331,6.877759,6.6791095266
1332,6.900595,6.6779270893
1333,6.921048,6.6765937485
1334,6.938695,6.6751211325
1335,6.953229,6.6735237152
1336,6.964461,6.6718181951
1337,6.972326,6.6700228405
1338,6.976873,6.6681567716
1339,6.97826,6.6662392795
1340,6.976739,6.66428915
1341,6.972637,6.6623240566
1342,6.966341,6.6603600506
1343,6.958274,6.6584111274
1344,6.948875,6.6564889295
1345,6.938576,6.6546025677
1346,6.927783,6.6527585844
1347,6.916862,6.6509610392
1348,6.906124,6.6492116908
1349,6.895814,6.6475102848
1350,6.886114,6.6458549267
1351,6.877135,6.6442424497
1352,6.868928,6.6426688514
1353,6.861491,6.6411296735
1354,6.854783,6.6396203493
1355,6.848733,6.638136469
1356,6.843258,6.6366739931
1357,6.838273,6.6352293497
1358,6.833704,6.6337994648
1359,6.829491,6.6323817021
1360,6.825593,6.6309737786
1361,6.821985,6.6295736403
1362,6.818654,6.6281793551
1363,6.815588,6.6267890292
1364,6.812764,6.6254008015
1365,6.810138,6.6240129259
1366,6.807635,6.6226239328
1367,6.805138,6.6212328722
1368,6.802491,6.6198396515
1369,6.799493,6.6184453664
1370,6.795916,6.6170526923
1371,6.791514,6.615666155
1372,6.786042,6.6142923438
1373,6.779281,6.6129399843
1374,6.771061,6.6116198175
1375,6.761284,6.610344288
1376,6.749943,6.6091270323
1377,6.737139,6.607982187
1378,6.723082,6.6069235246
1379,6.708098,6.6059635372
1380,6.692613,6.6051124167
1381,6.677135,6.6043771176
1382,6.662229,6.6037605254
1383,6.648484,6.6032607949
1384,6.636472,6.6028709397
1385,6.626717,6.6025787565
1386,6.619655,6.6023670175
1387,6.615603,6.6022140265
1388,6.614737,6.6020944821
1389,6.617077,6.6019805856
1390,6.622485,6.6018433455
1391,6.630672,6.6016539725
1392,6.641213,6.601385287
1393,6.65358,6.6010130654
1394,6.667164,6.6005171509
1395,6.681324,6.599882419
1396,6.695414,6.5990993269
1397,6.708826,6.598164233
1398,6.721019,6.5970793137
1399,6.731549,6.5958521881
1400,6.740088,6.59449522
1401,6.746436,6.5930245859
1402,6.750525,6.5914591633
1403,6.752416,6.5898193093
1404,6.752285,6.5881255938
1405,6.750404,6.5863976
1406,6.747114,6.5846528511
1407,6.742799,6.582905957
1408,6.737853,6.5811679891
1409,6.732648,6.5794461758
1410,6.727509,6.5777439333
1411,6.722689,6.5760611798
1412,6.71835,6.5743949545
1413,6.71456,6.5727402989
1414,6.711286,6.5710912326
1415,6.708406,6.5694418824
1416,6.705723,6.5677875476
1417,6.702984,6.5661256747
1418,6.699908,6.5644566707
1419,6.696213,6.5627844321
1420,6.69164,6.561116575
1421,6.685983,6.5594643797
1422,6.679106,6.5578423462
1423,6.670958,6.5562674935
1424,6.661585,6.5547584079
1425,6.651129,6.5533340533
1426,6.639822,6.5520125
1427,6.627975,6.5508096301
1428,6.615954,6.5497378889
1429,6.60416,6.5488052676
1430,6.592998,6.5480144857
1431,6.582845,6.5473625507
1432,6.574024,6.54684075
1433,6.566773,6.5464350299
1434,6.561231,6.5461268788
1435,6.557415,6.5458945077
1436,6.555226,6.5457145
1437,6.554447,6.5455635238
1438,6.554762,6.5454202419
1439,6.555783,6.5452670984
1440,6.557077,6.5450918333
1441,6.55821,6.5448886949
1442,6.558778,6.5446590172
1443,6.55845,6.5444113158
1444,6.556997,6.544160625
1445,6.554317,6.5439272364
1446,6.550442,6.5437348333
1447,6.545544,6.543608283
1448,6.539911,6.5435710577
1449,6.533918,6.5436428235
1450,6.527987,6.54383732
1451,6.522525,6.5441607959
1452,6.517866,6.5446115417
1453,6.514214,6.5451805957
1454,6.511583,6.5458537826
1455,6.509762,6.5466153556
1456,6.50829,6.5474529318
1457,6.506466,6.5483636977
1458,6.50338,6.5493612619
1459,6.497968,6.5504827561
1460,6.489104,6.551795625
1461,6.475698,6.5534031026
1462,6.456814,6.5554479737
1463,6.431796,6.5581137568
1464,6.400376,6.5616225833
1465,6.362787,6.5662296286
1466,6.319833,6.5722132353
1467,6.272936,6.5798611212
1468,6.224138,6.5894525313
1469,6.176038,6.601236871
1470,6.131674,6.6154101667
1471,6.094339,6.6320907241
1472,6.067337,6.6512961429
1473,6.053687,6.6729242593
1474,6.055831,6.6967410769
1475,6.075351,6.72237748
1476,6.11277,6.7493369167
1477,6.167451,6.7770137391
1478,6.237622,6.8047211364
1479,6.320521,6.8317258571
1480,6.412626,6.8572861
1481,6.509947,6.8806892632
1482,6.608329,6.9012860556
1483,6.703733,6.9185188235
1484,6.792476,6.9319429375
1485,6.871424,6.9412407333
1486,6.938111,6.9462276429
1487,6.990821,6.946852
1488,7.028598,6.9431879167
1489,7.051225,6.9354233636
1490,7.059152,6.9238432
1491,7.053396,6.9088088889
1492,7.035413,6.8907355
1493,7.006952,6.8700672857
1494,6.969902,6.8472531667
1495,6.926144,6.8227234
1496,6.877409,6.79686825
1497,6.825168,6.7700213333
1498,6.770557,6.742448
1499,6.714339,6.714339
