0,0,0
1,0,0
2,0,0
3,0,0
4,0,0
5,0,0
6,0,0
7,0,0
8,0,0
9,0,0
10,0,0
11,0,0
12,0,0
13,0,0
14,0,0
15,0,0
16,0,0
17,0,0
18,0,0
19,0,0
20,0,0
21,0,0
22,0,0
23,0,0
24,0,0
25,0,0
26,0,0
27,0,0
28,0,0
29,0,0
30,0,0
31,0,0
32,0,0
33,0,0
34,0,0
35,0,0
36,0,0
37,0,0
38,0,0
39,0,0
40,0,0
41,0,0
42,0,0
43,0,0
44,0,0
45,0,0
46,0,0
47,0,0
48,0,0
49,0,0
50,0,0
51,0,0
52,0,0
53,0,0
54,0,0
55,0,0
56,0,0
57,0,0
58,0,0
59,0,0
60,16.855544,10.9532150333
61,17.323115,10.8874925333
62,13.039498,10.7549455333
63,10.888309,10.6140177833
64,11.899131,10.5089431833
65,7.820897,10.38702155
66,7.820897,10.3330704833
67,7.820897,10.2791194167
68,7.820897,10.22516835
69,5.366651,10.1712172833
70,17.541407,10.1010928833
71,19.257276,9.9048295667
72,15.531339,9.72661985
73,7.696687,9.64739835
74,7.696687,9.7263782
75,7.696687,9.8187486333
76,7.696687,9.9021979
77,7.696687,9.9479059
78,7.696687,9.91903905
79,12.292126,9.8901722
80,16.372865,9.7847147
81,16.430142,9.6112448833
82,14.433036,9.43682045
83,11.481282,9.2956811167
84,5.972425,9.2117396333
85,5.972425,9.2941534667
86,5.972425,9.3969961
87,5.972425,9.47867975
88,5.972425,9.5174662667
89,1.90946,9.5354640667
90,1.90946,9.6521816333
91,1.90946,9.80968015
92,1.90946,9.9786393333
93,1.90946,10.1051951833
94,15.671217,10.2317510333
95,25.766019,10.1289442667
96,29.735011,9.8578908
97,26.751433,9.5206874667
98,14.732868,9.1435855333
99,14.732868,9.07970105
100,14.732868,9.0301942167
101,14.732868,8.9545256667
102,14.732868,8.8569611167
103,11.874766,8.7639465833
104,14.179204,8.7152191
105,10.734707,8.5703084167
106,3.987447,8.4828060167
107,3.987447,8.50775795
108,6.354728,8.5327098833
109,9.344171,8.5338848333
110,8.256857,8.5660302167
111,8.256857,8.64357385
112,8.256857,8.7149910833
113,8.256857,8.7572791167
114,8.256857,8.7490715
115,4.175539,8.6423738
116,13.549801,8.6036980667
117,17.117195,8.4087846333
118,17.578965,8.1544146333
119,15.851771,7.9551612333
120,12.912194,7.7885497
121,9.370295,7.6709311167
122,4.583833,7.6123441833
123,4.583833,7.6335316167
124,4.583833,7.65471905
125,4.583833,7.6759064833
126,4.583833,7.7121849
127,4.583833,7.8522088833
128,4.583833,8.042951
129,1.159187,8.2462290667
130,5.765608,8.490142
131,8.564693,8.6219560667
132,10.778049,8.6593157833
133,12.435478,8.5985434333
134,13.238913,8.5101472667
135,12.703643,8.4083605167
136,10.439167,8.3154949333
137,5.964676,8.18903445
138,5.964676,8.2101786167
139,5.964676,8.2649278
140,5.964676,8.3246418667
141,5.964676,8.3648324167
142,5.964676,8.3719617667
143,6.444793,8.3519896
144,10.917255,8.3182913833
145,12.142983,8.2120292667
146,10.873444,8.0790626167
147,8.299616,7.9623960333
148,7.052293,7.9078198833
149,8.912514,7.9073483
150,11.359371,7.9011280667
151,12.047011,7.8606538
152,9.502811,7.7982668833
153,9.502811,7.7635845833
154,9.502811,7.7238547667
155,9.502811,7.6861303667
156,9.502811,7.6431457167
157,4.125317,7.5818812167
158,10.899799,7.5921259
159,11.762458,7.4992223333
160,10.192755,7.4242475833
161,8.878995,7.4028053
162,9.151996,7.40993535
163,8.951117,7.3932436833
164,5.484563,7.3386540333
165,5.484563,7.2962556833
166,5.484563,7.2577503667
167,5.484563,7.2552653
168,6.425225,7.2732044667
169,11.272894,7.2723292
170,12.909475,7.1678267167
171,12.541891,7.00210655
172,10.794139,6.8425127833
173,7.7644,6.7120482167
174,1.854995,6.61916355
175,1.854995,6.6623540333
176,1.854995,6.7450847
177,1.854995,6.8654568667
178,5.623761,7.0152553333
179,5.855079,7.1178828
180,5.855079,7.2154990167
181,5.855079,7.2953528667
182,5.855079,7.3431007333
183,5.855079,7.3448969833
184,5.855079,7.3466932333
185,6.760538,7.3484894833
186,12.985272,7.33519475
187,16.02836,7.21815445
188,16.780517,7.0471398167
189,15.793963,6.9194287833
190,13.674452,6.8323908
191,10.806276,6.77549025
192,7.131708,6.7385703333
193,7.131708,6.7278930833
194,7.131708,6.6983071833
195,7.131708,6.6760748
196,2.851538,6.6685425833
197,7.233326,6.7396812333
198,9.249627,6.7364232167
199,9.54752,6.6947631667
200,8.376109,6.6466388333
201,6.392437,6.6230933333
202,4.766346,6.6413151
203,4.4229,6.6931880333
204,4.541528,6.7516024
205,4.164984,6.8042413667
206,3.873449,6.8591877167
207,5.025047,6.9171474
208,7.023998,6.95171485
209,8.5393,6.9383415833
210,8.930915,6.8700750333
211,8.303796,6.7567545333
212,7.421873,6.6595575167
213,7.119022,6.6221961
214,7.239347,6.6275837
215,6.923732,6.6524266667
216,5.826941,6.6871292667
217,4.739998,6.7318352833
218,5.325585,6.7797189
219,7.263973,6.8024329167
220,8.906218,6.7810628833
221,9.306798,6.7250246333
222,8.150496,6.6590260167
223,5.675738,6.61474775
224,2.940662,6.6223207667
225,3.174244,6.6921007833
226,5.335459,6.7747332
227,6.560913,6.8333455167
228,6.372709,6.87673885
229,5.002745,6.9209916167
230,2.966265,6.9763902167
231,2.966265,7.0393908667
232,2.966265,7.04606305
233,2.19132,7.0527352333
234,4.446424,7.0723231667
235,6.818835,7.0543260333
236,9.077325,7.0197429667
237,10.842903,7.0189551833
238,11.781409,7.0183933833
239,11.712052,6.9950486
240,10.64631,6.9320717333
241,8.719951,6.8143126333
242,5.962854,6.7286595167
243,5.962854,6.6889580167
244,5.962854,6.6664709667
245,5.962854,6.6905750833
246,5.962854,6.7390173
247,5.767482,6.7942728
248,9.117855,6.8463781667
249,10.571684,6.8285487667
250,10.260419,6.7694656333
251,8.591081,6.6972092667
252,6.491073,6.6344036667
253,5.356554,6.5987788167
254,5.797765,6.5990349
255,6.679775,6.6230342333
256,7.119857,6.6582142
257,7.037845,6.6952482833
258,6.750024,6.7231200833
259,6.66006,6.7309892833
260,6.963379,6.7148143833
261,7.485743,6.6830951667
262,7.878722,6.6473329333
263,7.927762,6.6119201667
264,7.699866,6.5809295
265,7.461765,6.5615095
266,7.35103,6.5566723167
267,7.099094,6.5608038167
268,6.221602,6.5681281833
269,4.443307,6.5847132333
270,2.131685,6.631739
271,2.471975,6.7285127167
272,5.180188,6.83192895
273,7.442278,6.8927355833
274,8.729925,6.9065506833
275,9.005888,6.8856490667
276,8.509302,6.8533984833
277,7.613015,6.8296965833
278,6.688426,6.81937055
279,5.981771,6.8157987333
280,5.543923,6.8117321167
281,5.346881,6.80771785
282,5.4938,6.8099533667
283,6.130119,6.8195130833
284,7.127463,6.8294013333
285,8.132189,6.8324542333
286,8.852198,6.8279159833
287,9.164513,6.81993145
288,9.027875,6.81130475
289,8.326661,6.7990851833
290,6.746304,6.77484795
291,3.366596,6.7222759667
292,3.366596,6.72603245
293,3.366596,6.7297889333
294,3.366596,6.7335454167
295,4.743851,6.7016174833
296,9.030058,6.7288794667
297,10.809195,6.7091282333
298,10.380722,6.6577267
299,7.93344,6.6048904667
300,3.580764,6.6008529
301,3.580764,6.6932097833
302,3.580764,6.8037681
303,4.613631,6.9098985
304,7.409101,6.9630521833
305,8.869387,6.8853313333
306,9.278184,6.7832723833
307,8.893804,6.67440015
308,8.048091,6.6000982
309,7.026696,6.6150022167
310,5.925037,6.6777623667
311,4.822745,6.7538976333
312,4.353582,6.81719565
313,5.371919,6.84914955
314,7.237725,6.8417239667
315,8.790573,6.8046662667
316,9.341902,6.7441296667
317,8.710153,6.66508035
318,7.222176,6.5847071333
319,5.689566,6.5352063333
320,5.060226,6.5315032667
321,5.340009,6.5529846333
322,5.753956,6.57006235
323,6.068322,6.5700568667
324,6.534666,6.56174775
325,7.171534,6.56694765
326,7.59892,6.5976999333
327,7.538556,6.65282745
328,7.216705,6.7218559333
329,7.264853,6.7823421167
330,7.938108,6.7960677333
331,8.676949,6.6798567333
332,8.828586,6.5513317167
333,8.271184,6.4202794167
334,7.475828,6.29851715
335,7.070853,6.20383875
336,7.087188,6.20303255
337,6.993453,6.2375599667
338,6.474117,6.2902616667
339,5.737774,6.35596705
340,5.303067,6.4287343833
341,5.481012,6.4951355167
342,6.067383,6.53719015
343,6.723414,6.5404308167
344,7.310637,6.4979016333
345,7.859894,6.4198358
346,8.373126,6.34914205
347,8.646911,6.30390885
348,8.294701,6.2814244167
349,6.872427,6.28267845
350,3.591985,6.3193415667
351,3.591985,6.4155293667
352,3.591985,6.5013848667
353,3.591985,6.5507629167
354,1.45092,6.5086738167
355,6.37957,6.5022691333
356,7.844984,6.4137202833
357,7.725103,6.3951610167
358,7.210548,6.4248693
359,7.691186,6.4821364
360,9.122177,6.5315495167
361,10.214263,6.534027
362,9.948588,6.51830305
363,7.802852,6.5070070167
364,2.74585,6.53147325
365,2.74585,6.64022285
366,2.74585,6.74897245
367,4.435687,6.8373108
368,8.942332,7.1708933167
369,10.792305,7.5102151
370,10.493153,7.7705586833
371,8.620626,7.8695275333
372,6.270816,7.9997051667
373,4.926384,8.1690463
374,5.014263,8.3607946333
375,5.158377,8.5510783167
376,4.598943,8.5607585
377,3.88776,8.6707307333
378,4.252128,8.8219125
379,5.467382,8.9612165167
380,6.349108,9.0436108
381,6.364672,9.0473773333
382,5.753627,9.0508844667
383,5.569775,9.0645756833
384,6.84666,9.0813311
385,9.016671,9.0768051
386,10.906571,9.03611225
387,11.680265,8.9639210667
388,10.845876,8.9055901333
389,8.08839,8.9137856333
390,0.965448,8.9755825833
391,0.965448,9.1046653333
392,0.965448,9.2337480833
393,0.965448,9.3628308333
394,1.795124,9.4919135833
395,7.022481,9.6071684
396,9.158833,9.5946034667
397,10.155555,9.6373181
398,10.41644,9.7120008833
399,10.103814,9.7986731
400,9.287135,9.8651422167
401,8.00429,9.8680330167
402,6.261823,9.8923045667
403,4.171663,9.9456172333
404,2.626687,10.0337659
405,3.618269,10.0332942667
406,5.659134,10.0863098167
407,7.297845,10.1453290333
408,8.369943,10.22360875
409,9.072214,10.33176525
410,9.363253,10.4577377
411,8.743315,10.5695704833
412,6.554668,10.6210827167
413,1.066639,10.7090724
414,1.066639,10.8885292333
415,1.066639,11.0679860667
416,6.731428,11.2474429
417,9.5076,11.3324865833
418,10.646574,11.3297043
419,10.655973,11.3328877
420,9.270826,11.3074825333
421,9.270826,11.2460388833
422,9.270826,11.1107643
423,9.270826,11.0139921
424,9.270826,10.9912888333
425,9.270826,11.0303984833
426,8.046151,11.1054782167
427,24.450638,11.1962387333
428,29.301639,10.9575502833
429,26.41292,10.6380118167
430,16.431284,10.3666186667
431,16.431284,10.2615861167
432,16.431284,10.1565535667
433,16.431284,10.0515210167
434,16.431284,9.9464884667
435,5.739188,9.9226787833
436,11.197277,10.0770707
437,12.958666,10.1404944667
438,12.610369,10.4054603167
439,10.411039,10.7506852667
440,6.5751,11.0834672667
441,6.5751,11.3549116333
442,6.5751,11.43124775
443,6.5751,11.5075838667
444,6.5751,11.5839199833
445,6.5751,11.6602561
446,6.5751,11.7365922167
447,8.180409,11.8129283333
448,11.337606,11.8625093
449,11.796207,12.1134311833
450,8.710413,12.4724664333
451,8.710413,12.8793084167
452,8.710413,13.1869081667
453,8.710413,13.2987437333
454,8.710413,13.4105793
455,6.268585,13.5224148667
456,11.721711,13.6749475667
457,14.636522,13.7365948333
458,15.616773,13.7138458833
459,14.091961,13.6527156
460,9.460583,13.61699885
461,9.460583,13.6584717333
462,9.460583,13.6999446167
463,9.460583,13.7414175
464,2.598389,13.7828903833
465,6.799202,13.8946332167
466,9.200287,14.0180085333
467,11.994628,14.1511005167
468,14.859333,14.26190755
469,16.630561,14.3128875333
470,16.07322,14.2747597667
471,11.834049,14.1058614333
472,11.834049,14.00761595
473,11.834049,13.9093704667
474,11.834049,13.8111249833
475,11.834049,13.7128795
476,11.834049,13.6970630833
477,9.340663,13.7479179833
478,10.837578,13.8226880667
479,9.131663,13.76655625
480,5.584207,13.73885635
481,1.154351,13.7702807167
482,3.464494,13.8755360167
483,7.90863,13.9422889333
484,11.617405,13.9233495667
485,13.77561,13.8712292667
486,13.491782,13.7472871167
487,10.129331,13.5516243833
488,10.129331,13.4469873
489,10.129331,13.4278746833
490,10.129331,13.4653573667
491,10.129331,13.5188580667
492,10.129331,13.54940515
493,10.129331,13.53464845
494,15.002703,13.4828531167
495,15.002703,13.3440372167
496,15.002703,13.2072350833
497,28.856617,13.0445129
498,33.323866,12.65089215
499,30.377959,12.18281725
500,22.861762,11.7638408
501,11.155267,11.4701343
502,11.155267,11.3661550333
503,11.155267,11.3435969833
504,11.155267,11.3527499
505,11.155267,11.3567771833
506,11.155267,11.3261408667
507,11.155267,11.24288925
508,26.392919,11.1160960333
509,33.338322,10.7551541833
510,33.120932,10.3224609833
511,27.166398,9.9197692
512,15.420547,9.6151814667
513,15.420547,9.47903305
514,15.420547,9.29607915
515,15.420547,9.11312525
516,15.420547,8.8781545167
517,13.271585,8.7093510833
518,11.948956,8.6280554
519,11.948956,8.6027834
520,11.948956,8.5852538167
521,11.948956,8.5460643167
522,11.948956,8.4615475333
523,11.948956,8.3208922333
524,9.302959,8.1802369333
525,14.201721,8.0836815833
526,17.185806,7.9054802
527,18.64305,7.6775440667
528,17.918132,7.4280218667
529,14.342895,7.23856075
530,5.93932,7.13858545
531,5.93932,7.1887044833
532,5.93932,7.2360804333
533,5.93932,7.2836118833
534,5.93932,7.344471
535,10.885064,7.4221999333
536,14.885343,7.4189518
537,13.826868,7.3205610667
538,7.469669,7.1671124333
539,7.469669,7.1196171167
540,7.469669,7.0721218
541,7.469669,7.0246264833
542,7.469669,6.9771311667
543,6.772268,6.9127635667
544,8.490187,6.9079648833
545,6.339081,6.8998231833
546,1.752018,6.93306375
547,3.851106,7.0232751167
548,8.982574,7.0305175333
549,12.378292,6.9522354833
550,13.339373,6.7869342
551,11.962156,6.6803076
552,9.243929,6.6413507833
553,7.021611,6.6590450167
554,6.673749,6.6922034
555,6.794575,6.68700305
556,5.239372,6.6367985333
557,5.239372,6.6131153
558,5.239372,6.61807075
559,5.239372,6.6437259167
560,5.239372,6.6800155
561,4.916511,6.7265637167
562,9.801784,6.7936087333
563,11.704442,6.7917208833
564,11.396904,6.75563215
565,9.317088,6.7000155167
566,6.16017,6.6347429167
567,3.547674,6.5787703
568,4.736408,6.5857247167
569,7.37673,6.61957945
570,8.959425,6.6414631667
571,8.891134,6.6447795
572,7.251642,6.63150645
573,4.443313,6.60558695
574,4.443313,6.56660695
575,1.322303,6.52762695
576,5.292341,6.5557259167
577,8.393844,6.5637084167
578,10.432636,6.5469508667
579,10.897181,6.5056566167
580,9.597586,6.4530543167
581,6.877949,6.415652
582,3.509638,6.4256800833
583,3.509638,6.50316885
584,3.509638,6.5903257
585,3.509638,6.6759930167
586,3.509638,6.7473865833
587,3.671718,6.79678805
588,6.550465,6.8215463667
589,8.344377,6.7850499167
590,8.946462,6.7238240167
591,8.781877,6.6752980667
592,8.791207,6.6553574833
593,9.590867,6.6500993667
594,10.603056,6.6273415833
595,10.690176,6.56370185
596,8.981899,6.4592701167
597,4.61995,6.3285323667
598,4.61995,6.2704937667
599,4.61995,6.2376180167
600,4.61995,6.2527230667
601,4.61995,6.3081386833
602,3.607613,6.3912817
603,6.484347,6.4987540833
604,8.001685,6.54034915
605,8.333515,6.5131571333
606,7.1647,6.4131190833
607,4.285651,6.3325612833
608,4.285651,6.3370306167
609,2.460215,6.3903259667
610,6.941777,6.4959555833
611,9.624747,6.5227532833
612,10.305583,6.4848310833
613,9.011114,6.4187450333
614,6.361728,6.3730574
615,3.782304,6.3740583667
616,3.818378,6.4079198667
617,5.536699,6.4178768333
618,6.778682,6.3867870167
619,7.416747,6.3590834833
620,8.032265,6.3547435167
621,8.939212,6.3617475833
622,9.688513,6.3574275167
623,9.539118,6.3312792167
624,8.059906,6.2954568
625,5.400732,6.2772446
626,2.801813,6.29921755
627,3.964939,6.35548165
628,6.767692,6.3766174333
629,8.689753,6.3398192333
630,9.158405,6.2805614167
631,8.094751,6.2369738
632,5.696472,6.2313738167
633,2.104513,6.2752158
634,2.104513,6.3778851667
635,3.008241,6.4711532333
636,5.771291,6.5309665833
637,7.388391,6.5158460667
638,7.954981,6.4448897
639,7.741043,6.3793349
640,7.353447,6.3654127667
641,7.479634,6.4018618
642,8.158964,6.4609443333
643,8.739049,6.5075731333
644,8.649677,6.5153417167
645,7.793252,6.4650164833
646,6.473726,6.428965
647,5.157217,6.4149056167
648,4.360678,6.42278805
649,4.670823,6.44920925
650,6.034905,6.51994755
651,7.585442,6.5898201833
652,8.47572,6.6346027833
653,8.2254,6.6520982667
654,6.784672,6.6581476
655,4.424272,6.6771034333
656,1.137634,6.7275829833
657,1.137634,6.81957865
658,2.647405,6.8861042333
659,5.526253,6.893131
660,7.944887,6.84064065
661,9.608531,6.7799099
662,10.055956,6.7224353
663,8.980051,6.67095495
664,6.370164,6.6302037667
665,2.331232,6.61090185
666,2.331232,6.6417848333
667,4.553811,6.6876667667
668,7.483372,6.7313958833
669,8.797992,6.7572310833
670,8.549639,6.7770823167
671,7.349415,6.7978481667
672,6.34042,6.8159690167
673,6.269856,6.81173215
674,6.421786,6.75922695
675,5.813994,6.65562275
676,4.415796,6.5998098833
677,3.67131,6.59448405
678,5.11647,6.6149884333
679,7.156349,6.6214903833
680,8.452509,6.6128758667
681,8.680008,6.6102895167
682,8.119615,6.63028085
683,7.389773,6.6743128833
684,6.967174,6.7257691333
685,6.719109,6.7551007167
686,6.177659,6.7304830167
687,5.233086,6.7148894833
688,4.5598,6.7150388333
689,5.134284,6.7264096167
690,6.543148,6.7343835
691,7.758752,6.7511818667
692,8.326991,6.7527233
693,8.264675,6.7341236333
694,7.700597,6.70674965
695,6.597042,6.6929402833
696,4.86406,6.7123472667
697,3.131009,6.7752411167
698,4.021693,6.8750234333
699,6.905715,6.9585324667
700,9.540389,6.9807000167
701,11.024586,6.9322464333
702,10.956692,6.8218421333
703,9.205164,6.6842049167
704,5.630163,6.5967684833
705,5.630163,6.6073266667
706,5.630163,6.6443751167
707,5.630163,6.6871968333
708,5.94595,6.71360235
709,8.915121,6.6993852833
710,10.227263,6.5851701
711,10.272398,6.4490858833
712,9.525449,6.3351145833
713,8.58836,6.2841687167
714,7.922022,6.28984235
715,7.453045,6.33372555
716,6.657374,6.3943034667
717,5.129169,6.45797625
718,3.069011,6.5228366167
719,2.376832,6.5943747833
720,4.301042,6.6588495333
721,6.160055,6.6855531833
722,6.967135,6.6805431833
723,6.53498,6.6593189333
724,5.212049,6.6405242667
725,4.184211,6.6405127833
726,5.084148,6.6591682
727,7.177558,6.6707424833
728,9.033484,6.6599185667
729,9.989066,6.6294933
730,9.79559,6.5871390333
731,8.436666,6.5436193667
732,6.086208,6.51803215
733,3.119544,6.5381150833
734,0.205534,6.6226375833
735,2.465222,6.7623690833
736,4.096246,6.8476024667
737,4.901573,6.8562056
738,5.506587,6.8513866167
739,6.639478,6.8364840667
740,8.297328,6.7944495667
741,9.879488,6.7864492333
742,10.761537,6.78000315
743,10.477148,6.7557617333
744,8.727069,6.7034380333
745,5.242047,6.6141874833
746,5.242047,6.5830206333
747,5.242047,6.5518537833
748,5.242047,6.54320035
749,5.612717,6.59347385
750,7.55105,6.6675558167
751,7.851238,6.7150084167
752,7.211011,6.7453805333
753,6.622236,6.7662490833
754,6.872035,6.7779412833
755,7.761461,6.7711196667
756,8.637691,6.7340533333
757,9.117948,6.6540585167
758,9.032235,6.5660594167
759,8.235768,6.4794888667
760,6.633174,6.4061927667
761,4.400328,6.3605596167
762,2.698459,6.39735005
763,3.958978,6.4896938833
764,6.263654,6.57913105
765,7.85307,6.6417406167
766,8.199466,6.6766519167
767,7.214494,6.6815761667
768,5.092926,6.6466363833
769,2.06221,6.6470560667
770,2.06221,6.6979876833
771,3.43412,6.6931737833
772,6.468697,6.7419657333
773,8.928778,6.7703597167
774,10.555014,6.7625783
775,11.08772,6.7161568167
776,10.477741,6.6469084
777,9.020791,6.58916415
778,7.361301,6.5753759833
779,6.245317,6.61051245
780,5.903261,6.6706964833
781,5.859455,6.7205025
782,5.69368,6.7329220667
783,5.4073,6.6919212833
784,5.21136,6.6556935
785,5.303536,6.6227313833
786,5.778605,6.56960075
787,6.528123,6.5447917833
788,7.207968,6.5404117333
789,7.44781,6.5591653833
790,7.18441,6.602339
791,6.901433,6.6617460167
792,7.291184,6.7149274667
793,8.190894,6.7304047
794,8.589424,6.6929180333
795,7.579225,6.62804505
796,4.612434,6.5864653667
797,4.612434,6.6051992667
798,4.612434,6.6248653167
799,4.117408,6.6358430167
800,7.817308,6.64075975
801,9.492723,6.5679184667
802,9.307052,6.4610008667
803,7.337726,6.3780036167
804,3.372036,6.3657536
805,3.372036,6.4584028
806,3.372036,6.57942015
807,4.722841,6.7093838667
808,8.258457,6.8001435
809,10.057635,6.7870200167
810,10.398206,6.6585596167
811,9.673565,6.5244230333
812,8.463124,6.4023638
813,7.323768,6.3004785833
814,6.462738,6.2367006833
815,5.537481,6.2237140333
816,3.838002,6.2497809833
817,3.838002,6.31794365
818,3.838002,6.3869063667
819,3.838002,6.4455869667
820,3.895185,6.4952479667
821,6.607754,6.5503959333
822,8.239089,6.5780480833
823,9.325208,6.5929050167
824,10.020228,6.59442295
825,9.947748,6.5823962333
826,8.494921,6.5662195
827,5.118107,6.5605835833
828,5.118107,6.5745005667
829,5.118107,6.58841755
830,1.773376,6.6023345333
831,6.361637,6.6719970333
832,8.172336,6.6651885167
833,8.461893,6.6282016833
834,7.769725,6.5932269833
835,6.932815,6.6164257
836,7.013086,6.6645191667
837,8.193501,6.69778845
838,9.469489,6.6834168167
839,9.856359,6.6162083667
840,8.891622,6.5218752667
841,6.604629,6.4506886167
842,3.233633,6.4452333833
843,3.233633,6.5249909833
844,3.233633,6.62384025
845,2.115698,6.72646005
846,4.290067,6.8367917667
847,6.26532,6.8947738333
848,8.333187,6.91582285
849,10.038227,6.9164242833
850,10.748831,6.90413075
851,10.09232,6.8790510167
852,8.219818,6.8377638833
853,5.941694,6.7565248667
854,4.697045,6.7132545833
855,5.084444,6.69072845
856,5.736468,6.6617456667
857,5.792397,6.6218958167
858,5.271096,6.5811138167
859,4.412412,6.6176065
860,3.446831,6.7044734
861,3.077667,6.8078615167
862,4.327217,6.9009273
863,6.602725,6.9662505
864,8.930988,7.01078355
865,10.633077,7.0407564
866,11.169859,7.0544889167
867,10.168419,7.0569475833
868,7.471048,7.0695666667
869,2.350011,7.1235115333
870,2.350011,7.2553289833
871,2.350011,7.3658402667
872,2.350011,7.4420413333
873,3.497094,7.4871749833
874,5.683539,7.51175685
875,7.101498,7.52081575
876,7.927762,7.50929125
877,7.975765,7.4839956833
878,7.358838,7.4579000667
879,6.817662,7.4420865667
880,7.204063,7.4352926667
881,8.266883,7.42205875
882,9.130505,7.5473896167
883,9.416284,7.71152535
884,9.298625,7.7961308
885,8.977144,7.8826972333
886,8.156766,7.9746216833
887,5.953126,8.0802191
888,5.953126,8.22254385
889,5.953126,8.4519028167
890,5.953126,8.7524636167
891,5.953126,8.9880174833
892,5.953126,9.22357135
893,6.363411,9.4591252167
894,9.161648,9.687841
895,9.818423,9.6864458667
896,9.009243,10.0652259667
897,7.331203,10.6622563
898,5.436982,11.3288943333
899,4.196373,11.7112093333
900,4.620423,12.11420115
901,6.277315,12.5101254667
902,8.019089,14.4810842667
903,9.164589,15.7681626333
904,9.390821,16.5683059333
905,8.735601,16.7567727667
906,7.768991,16.9561599333
907,7.528261,17.1716572667
908,8.369273,17.3911667667
909,9.300615,17.5966594
910,9.244047,17.7866296667
911,7.615092,17.8866833
912,3.345477,18.1510278667
913,3.345477,18.49802815
914,3.345477,18.80772825
915,3.345477,19.0620696333
916,3.345477,19.2504629833
917,3.345477,19.35813925
918,7.460657,19.3655087167
919,9.624426,19.30429185
920,9.650118,19.2070121667
921,8.661614,19.1093042833
922,8.246609,19.0280714667
923,9.274708,18.9537554
924,10.729359,18.86230435
925,11.457028,18.7466091167
926,11.317379,18.7841275167
927,10.925564,18.8718727167
928,10.70774,18.9228058
929,10.259058,18.8407569167
930,8.980688,18.7661860667
931,6.922075,18.7129213833
932,5.05803,18.6939669167
933,4.972006,18.7077635167
934,6.227073,18.8210402667
935,6.410028,18.9576854833
936,6.410028,19.10583005
937,6.410028,19.24291455
938,6.410028,19.3367473167
939,6.410028,19.32740475
940,6.410028,19.3180621833
941,15.786735,19.3087196167
942,18.978649,19.1430986
943,14.492611,18.9242790167
944,14.492611,18.7802267333
945,14.492611,18.60638045
946,14.492611,18.4858248
947,14.492611,18.4208162333
948,19.714664,18.4036249667
949,23.986774,18.3159800333
950,20.086358,18.1277816667
951,20.086358,17.92092175
952,20.086358,17.7140618333
953,20.086358,17.5072019167
954,9.07794,17.300342
955,32.545229,17.2769557167
956,44.831063,16.8404700667
957,47.329485,16.2398744667
958,28.375882,15.6109708
959,28.375882,15.29206995
960,28.375882,14.9559388833
961,124.534843,14.6137380833
962,85.243791,12.6969768
963,57.173187,11.4792343667
964,20.698831,10.7575305833
965,20.698831,10.6420717167
966,20.698831,10.5084597333
967,20.698831,10.37031825
968,20.698831,10.2361217
969,20.698831,10.0530597167
970,15.247265,9.8699977333
971,23.475766,9.7777951833
972,24.165494,9.54845095
973,21.927483,9.30761125
974,18.60596,9.0125739
975,14.649078,8.9268574833
976,9.806053,8.9173147167
977,3.787645,8.9440576167
978,3.787645,9.0198564667
979,3.787645,9.0743398
980,3.787645,9.1274574167
981,3.787645,9.1684691167
982,3.787645,9.178157
983,3.787645,9.1446876
984,3.787645,9.1144289833
985,13.708132,9.1325736667
986,16.582091,9.0252461167
987,13.981549,8.8893701167
988,5.784807,8.78788145
989,5.784807,8.7851570333
990,5.784807,8.72831375
991,5.784807,8.6852847
992,5.885826,8.7026193167
993,11.768611,8.7623454333
994,14.425786,8.741609
995,15.298702,8.6682688
996,14.635098,8.5540923833
997,12.039994,8.4159450167
998,5.849474,8.27611955
999,5.849474,8.2394694167
1000,5.849474,8.2028192833
1001,5.849474,8.16616915
1002,5.849474,8.1295190167
1003,5.849474,8.1426773833
1004,4.061834,8.2044829333
1005,7.259272,8.3205663333
1006,10.592097,8.3879146167
1007,13.461135,8.3869574667
1008,14.455968,8.30766375
1009,12.694872,8.1589903167
1010,7.674763,8.0396684833
1011,7.674763,8.0040151333
1012,7.674763,7.9683617833
1013,7.674763,7.9318259167
1014,7.674763,7.9231088833
1015,6.35609,7.9185593333
1016,8.795327,7.93343345
1017,9.595265,7.91154925
1018,9.241831,7.8834488667
1019,8.208018,7.8606543833
1020,7.843834,7.8422699167
1021,9.529166,7.8083328333
1022,12.179245,7.72411725
1023,13.87096,7.5852208833
1024,13.771299,7.4280529833
1025,12.682112,7.2937432167
1026,12.410342,7.1971172
1027,12.647038,7.1161919333
1028,9.715112,7.0328603167
1029,9.715112,6.9932098333
1030,9.715112,6.9470896333
1031,9.715112,6.8977052333
1032,9.715112,6.8479288833
1033,4.225242,6.79704765
1034,13.462975,6.835297
1035,14.076512,6.7211176167
1036,11.410627,6.6068342333
1037,8.335576,6.5517899
1038,7.056645,6.5578131
1039,6.974702,6.5811625833
1040,6.248347,6.5827956333
1041,4.368918,6.5535057667
1042,1.779481,6.4923800667
1043,1.972128,6.5019908667
1044,4.876326,6.56326035
1045,7.268479,6.6100469167
1046,8.429531,6.6253068333
1047,7.892229,6.6063392333
1048,5.621342,6.5695694833
1049,2.37421,6.5546565833
1050,3.203064,6.6077716
1051,6.824884,6.6754994
1052,9.469393,6.7067770333
1053,10.524425,6.7061609
1054,10.025374,6.6878056667
1055,8.448117,6.6677940333
1056,6.346256,6.65698805
1057,3.650466,6.65699
1058,3.650466,6.6646201833
1059,3.650466,6.6722503667
1060,3.650466,6.67988055
1061,3.650466,6.6875107333
1062,6.638976,6.7062199833
1063,9.557807,6.7366386
1064,11.026838,6.7484628833
1065,11.300169,6.7325714833
1066,10.534668,6.6762262667
1067,8.703512,6.5684321833
1068,5.535562,6.4911573667
1069,5.535562,6.45049015
1070,5.535562,6.4776969833
1071,5.535562,6.5454419
1072,5.482611,6.6241143
1073,7.151741,6.6832771
1074,7.40179,6.6664891833
1075,7.248537,6.5800401833
1076,7.482275,6.49778695
1077,7.909242,6.4711844333
1078,7.874162,6.4753919
1079,7.10495,6.4903894
1080,5.807609,6.5043590667
1081,4.476231,6.5156826833
1082,3.845463,6.5358465667
1083,4.440886,6.57488485
1084,5.712713,6.6206732167
1085,6.884551,6.65722605
1086,7.554826,6.6771887167
1087,7.647141,6.67724455
1088,7.336083,6.6500351333
1089,6.9479,6.5720192
1090,6.752048,6.5004729833
1091,6.728531,6.4321909667
1092,6.662238,6.38755
1093,6.520203,6.405914
1094,6.612212,6.4569658333
1095,7.219509,6.5104604167
1096,8.107967,6.540045
1097,8.696968,6.5367592
1098,8.457614,6.5117002167
1099,7.072685,6.4840077
1100,4.490955,6.4724688
1101,0.701376,6.497868
1102,2.356129,6.5879853667
1103,5.648297,6.6600008833
1104,7.68352,6.6858291833
1105,8.184074,6.6780657833
1106,7.291475,6.6528774333
1107,5.686044,6.62950645
1108,4.726568,6.6259650167
1109,5.561111,6.6455569667
1110,7.266732,6.6687493667
1111,8.701542,6.6806663167
1112,9.432425,6.6766056333
1113,9.423111,6.65515925
1114,8.824676,6.61735855
1115,7.799758,6.5686166333
1116,6.346373,6.5208390667
1117,4.108277,6.4926846333
1118,4.108277,6.5096371667
1119,4.108277,6.5442054667
1120,4.108277,6.60179115
1121,4.773021,6.68100215
1122,8.464093,6.7610789167
1123,10.267264,6.7737046167
1124,10.073354,6.7255443167
1125,7.919456,6.6149650167
1126,4.067023,6.5402840167
1127,4.067023,6.5298102333
1128,3.095529,6.56477195
1129,7.167972,6.6793993667
1130,9.600257,6.7573112833
1131,10.255906,6.7928140333
1132,9.032379,6.7832217667
1133,6.144466,6.72681115
1134,2.21485,6.7185324167
1135,2.313343,6.7757472833
1136,5.886124,6.8313206
1137,8.16169,6.7741863333
1138,8.774012,6.7357321667
1139,7.94313,6.7141969667
1140,6.487026,6.7238843833
1141,5.686064,6.76792835
1142,6.18776,6.8241795333
1143,7.188188,6.8561088833
1144,7.905883,6.8424404333
1145,8.082311,6.7857574667
1146,7.558176,6.7156176833
1147,6.014576,6.66977155
1148,2.655127,6.6654482167
1149,2.655127,6.71947295
1150,2.655127,6.7657728
1151,4.050073,6.8118257167
1152,7.764078,6.8547240667
1153,9.583313,6.8638377667
1154,9.821887,6.8623705
1155,8.994584,6.86088765
1156,7.910819,6.861789
1157,7.193429,6.8594043
1158,6.796063,6.8462551167
1159,6.380351,6.82580735
1160,6.014907,6.8119963333
1161,6.108418,6.8106714667
1162,6.67706,6.8124238667
1163,7.197995,6.8071540167
1164,7.217716,6.7987097167
1165,6.672773,6.800437
1166,5.889216,6.8215715
1167,5.473558,6.85975095
1168,5.902085,6.9009916
1169,6.952655,6.9266586833
1170,7.981749,6.9256846333
1171,8.457901,6.8975636167
1172,8.145642,6.8479100833
1173,7.155069,6.7879767333
1174,5.900161,6.7380417833
1175,4.933104,6.7206468667
1176,4.657107,6.7417997
1177,5.125429,6.7915228
1178,6.182375,6.8540193333
1179,7.563418,6.9107548167
1180,8.860937,6.9410303833
1181,9.577627,6.92648845
1182,9.221635,6.8579261167
1183,7.377646,6.7421012
1184,3.438596,6.6506080667
1185,3.438596,6.6753880333
1186,3.438596,6.7407636833
1187,6.164726,6.83033145
1188,9.973174,6.8807537667
1189,11.842687,6.8559942667
1190,11.730422,6.7697724833
1191,9.68037,6.6317434333
1192,5.647742,6.5278819167
1193,5.647742,6.4912308667
1194,5.647742,6.46632475
1195,5.647742,6.4992007
1196,2.458068,6.5660437833
1197,5.85444,6.6993504167
1198,7.4819,6.7722946333
1199,8.524375,6.8025137333
1200,9.129664,6.7930730167
1201,9.061135,6.7477548667
1202,8.103521,6.6733720167
1203,6.368081,6.5714648333
1204,4.504905,6.49848165
1205,3.873924,6.4565514
1206,4.807408,6.4664044
1207,5.755176,6.50273535
1208,5.896611,6.5434082333
1209,5.433118,6.5800680667
1210,5.418302,6.6100838167
1211,6.623974,6.6307667
1212,8.3109,6.6363796667
1213,9.495277,6.6214182333
1214,9.732916,6.5807543833
1215,9.048665,6.5111976
1216,7.767737,6.4161704333
1217,6.404478,6.3275637333
1218,5.569197,6.2951772833
1219,5.55169,6.3145070667
1220,5.935415,6.3621976167
1221,6.213562,6.4201285333
1222,6.360869,6.4791066833
1223,6.691337,6.5306566833
1224,7.321353,6.5613988667
1225,7.940843,6.55701
1226,8.179983,6.50932445
1227,7.947997,6.4152643167
1228,7.44211,6.3250706167
1229,6.894212,6.24393865
1230,6.294488,6.2242903833
1231,5.478689,6.2539918333
1232,4.549641,6.3171296667
1233,4.158972,6.3914932167
1234,4.856466,6.4439790333
1235,6.202274,6.43655065
1236,7.640493,6.34035145
1237,8.875221,6.25714775
1238,9.586504,6.2071894833
1239,9.379952,6.1814678833
1240,7.988421,6.1743685
1241,5.463887,6.187052
1242,2.27214,6.22774745
1243,1.888058,6.30737505
1244,4.925394,6.3856735167
1245,7.361135,6.4105638333
1246,8.812662,6.3911036667
1247,9.190065,6.3394508167
1248,8.487604,6.2730651167
1249,6.66938,6.2215210333
1250,3.448679,6.2206898667
1251,3.448679,6.2987293833
1252,3.448679,6.3906686
1253,4.153375,6.4745789
1254,7.620299,6.5119041667
1255,9.658327,6.4199233167
1256,10.456466,6.2939753333
1257,10.231093,6.1547250333
1258,9.295046,6.0763368333
1259,7.957932,6.0553889333
1260,6.410575,6.0717076333
1261,4.598164,6.1044303833
1262,1.98909,6.13832515
1263,1.98909,6.1786449167
1264,1.98909,6.2080724
1265,4.465104,6.2715862667
1266,6.987265,6.3327292833
1267,8.195549,6.3743427167
1268,8.096201,6.3956151667
1269,7.234063,6.3974906
1270,6.659275,6.3817383167
1271,6.960752,6.3538334833
1272,7.413214,6.3282793
1273,7.055446,6.3113272667
1274,5.559509,6.2977383667
1275,3.347035,6.2759465833
1276,2.451335,6.2910293667
1277,4.461291,6.2871824167
1278,6.728984,6.3159701167
1279,8.413123,6.3397593333
1280,9.41127,6.3266819333
1281,9.752251,6.2401460333
1282,9.453869,6.1479271167
1283,8.535868,6.0606812333
1284,7.058021,6.0246912167
1285,5.07971,6.0722188667
1286,2.536375,6.18033665
1287,2.536375,6.33397965
1288,2.574192,6.4727404667
1289,5.715316,6.5796032167
1290,8.076575,6.58026765
1291,9.266959,6.5415777667
1292,9.011454,6.48304815
1293,7.308121,6.4529803
1294,4.410763,6.5496398
1295,0.430322,6.7456892
1296,2.648271,6.9648131167
1297,5.877725,7.1469712167
1298,8.043208,7.2753050833
1299,8.953989,7.3675475667
1300,8.749431,7.4446103667
1301,7.905614,7.4074649833
1302,7.049796,7.7073961167
1303,6.585966,8.0991563167
1304,6.418813,8.43905965
1305,6.193525,8.6031280167
1306,5.713491,8.7709511833
1307,5.206923,8.9467749167
1308,5.394959,9.13104145
1309,6.61951,9.31217405
1310,8.13105,9.3398189333
1311,8.965032,9.4156021667
1312,8.483297,9.4886407667
1313,6.392891,9.5504848
1314,2.101448,9.6098080833
1315,2.101448,9.6832955667
1316,2.101448,9.75678305
1317,5.527801,9.8302705333
1318,8.038172,9.8466521333
1319,8.937054,9.8211942167
1320,8.37394,9.7807549333
1321,6.63185,9.6787497167
1322,4.408276,9.7439200333
1323,3.754739,9.9087883333
1324,5.799922,10.1050054667
1325,8.133685,10.2518067833
1326,9.484071,10.3198697167
1327,9.471896,10.3069948667
1328,8.208727,10.2943229333
1329,6.288926,10.3027038167
1330,4.984985,10.3430813833
1331,5.427501,10.4051913
1332,6.396092,10.45992595
1333,6.240112,10.5143541167
1334,4.252002,10.60951035
1335,4.252002,10.70329925
1336,2.220518,10.79708815
1337,6.188553,10.9247351167
1338,8.156337,10.9862481667
1339,7.628479,11.0149648167
1340,4.219116,10.9191957
1341,4.219116,11.01746975
1342,4.219116,11.1687456667
1343,6.376467,11.3369921333
1344,9.90968,11.45426605
1345,11.566777,11.4663263
1346,11.754955,11.37092785
1347,10.862024,11.2723931
1348,8.985957,11.1887405333
1349,5.755182,11.13635575
1350,5.755182,11.1378172167
1351,5.755182,11.1392786833
1352,7.207383,11.14074015
1353,13.107691,11.2468361
1354,16.173727,11.38142805
1355,13.577757,11.4950147833
1356,13.577757,11.5541709333
1357,13.577757,11.6133270833
1358,13.577757,11.6724832333
1359,13.577757,11.7316393833
1360,6.520708,11.7907955333
1361,25.901482,11.77015845
1362,30.555408,11.7449580333
1363,26.980166,11.8012573333
1364,16.262915,12.0284986
1365,16.262915,12.4852117
1366,16.262915,12.79690175
1367,16.262915,13.1085918
1368,16.262915,15.3520083667
1369,8.278203,16.5250631333
1370,12.678044,17.3248104667
1371,13.347348,17.2387202667
1372,12.193939,17.141475
1373,9.952288,17.0634532167
1374,6.510697,17.0227922833
1375,6.510697,17.0394912
1376,6.510697,17.2043022167
1377,6.510697,17.5397898667
1378,6.510697,17.8652856667
1379,6.510697,18.1191837333
1380,2.253627,18.3165533667
1381,10.542069,18.5702966
1382,14.300374,18.6739049167
1383,15.527767,18.6616487167
1384,14.608001,18.4798157833
1385,12.217461,18.3133122833
1386,8.71158,18.1866511167
1387,8.71158,18.1184213
1388,8.71158,18.0501914833
1389,8.71158,17.9819616667
1390,8.71158,18.0417414333
1391,8.71158,18.1830588833
1392,9.661782,18.3529482333
1393,11.949486,18.4837172
1394,9.879336,18.49857665
1395,9.879336,18.3914179333
1396,9.879336,18.2842592167
1397,9.879336,18.1771005
1398,9.879336,18.0699417833
1399,1.882332,17.9627830667
1400,10.115559,17.98890775
1401,13.295671,17.8778119833
1402,14.313904,17.71371435
1403,13.412902,17.5891802667
1404,10.633295,17.5757375333
1405,5.84287,17.6380455833
1406,5.84287,17.7606882333
1407,5.84287,17.82374555
1408,5.84287,17.7885700167
1409,5.84287,17.7533944833
1410,5.84287,17.71821895
1411,5.84287,17.7162998667
1412,13.57314,17.7574812
1413,21.183208,17.6830594333
1414,22.988931,17.4743489333
1415,17.127126,17.2167433333
1416,17.127126,17.0391808833
1417,17.127126,16.8637140333
1418,17.127126,16.7169846667
1419,17.127126,16.6070115167
1420,5.282483,16.5194155833
1421,24.389457,16.6218080667
1422,33.933366,16.3606643167
1423,40.614642,15.8359722667
1424,43.665701,15.1999256167
1425,34.964318,14.5130279833
1426,34.964318,13.9711534
1427,150.867909,13.4292788167
1428,86.646201,10.9711641333
1429,56.263043,9.5928419333
1430,7.512632,8.7092674167
1431,7.512632,8.63819975
1432,7.512632,8.5671320833
1433,7.512632,8.4960644167
1434,7.512632,8.4341703
1435,16.399358,8.45410925
1436,26.639956,8.3839607333
1437,26.040445,8.17258215
1438,21.744581,7.9667818
1439,18.352875,7.795682
1440,17.478221,7.6186657833
1441,16.758568,7.3638092
1442,13.565002,7.1209468333
1443,4.617791,6.9313105667
1444,4.617791,6.8907944833
1445,4.617791,6.8763870167
1446,4.617791,6.9030746
1447,4.617791,6.9471013167
1448,4.617791,6.98326135
1449,12.298366,6.9858577333
1450,17.190627,6.7906356333
1451,18.904941,6.51387585
1452,17.50792,6.26908875
1453,12.841053,6.1011258667
1454,3.449813,6.0464762667
1455,3.449813,6.1614146667
1456,3.449813,6.2612258167
1457,3.449813,6.3107063667
1458,3.449813,6.3601869167
1459,3.449813,6.4096674667
1460,3.449813,6.4591480167
1461,3.449813,6.4925991667
1462,6.841859,6.5737482833
1463,12.606338,6.6031598833
1464,14.371778,6.5084942167
1465,13.201429,6.33660195
1466,9.626309,6.155132
1467,3.732338,6.0788508167
1468,3.732338,6.1559406667
1469,3.732338,6.2743906
1470,5.727725,6.4112759167
1471,8.31375,6.5053414833
1472,9.107834,6.5191012333
1473,8.660578,6.4617980667
1474,7.532595,6.3477606333
1475,6.473379,6.25991885
1476,6.599115,6.2314532333
1477,8.323364,6.2213092667
1478,10.528737,6.1852479
1479,11.87137,6.1107725833
1480,11.426032,6.0187588167
1481,8.720832,5.94165185
1482,2.451843,5.9092647833
1483,2.451843,5.97032295
1484,2.451843,6.0199288167
1485,2.451843,6.0749837667
1486,2.451843,6.1515616667
1487,3.381028,6.2486404167
1488,3.946869,6.3379955667
1489,3.248572,6.4096367333
1490,3.248572,6.4707055333
1491,3.248572,6.5007163167
1492,3.248572,6.5008328333
1493,3.798985,6.49837025
1494,8.708969,6.5157295833
1495,12.190447,6.4825975333
1496,13.957241,6.4117079167
1497,13.692424,6.31707115
1498,11.478593,6.2221008167
1499,7.731902,6.1586815
1500,2.186826,6.15866215
1501,2.186826,6.25323645
1502,2.186826,6.3401112
1503,2.186826,6.40333135
1504,3.753343,6.42955065
1505,6.219046,6.39314475
1506,7.259394,6.3287468833
1507,6.787393,6.2819747
1508,4.773574,6.27421835
1509,0.58504,6.3245504833
1510,0.58504,6.4578816833
1511,4.217715,6.5872404833
1512,7.430147,6.6336267167
1513,9.562077,6.5949033333
1514,10.346117,6.5067375667
1515,9.438482,6.4262524167
1516,6.418646,6.3889547833
1517,6.418646,6.4178594
1518,6.418646,6.4446776
1519,6.418646,6.45050315
1520,5.456882,6.41660125
1521,8.31876,6.39872875
1522,8.606555,6.2876243833
1523,6.926398,6.24148005
1524,4.058242,6.27566395
1525,2.313232,6.38701635
1526,5.049438,6.5284516333
1527,8.357729,6.5984476
1528,10.839334,6.57059415
1529,11.945457,6.4630470833
1530,11.371659,6.3347744167
1531,9.139335,6.2380066833
1532,5.669644,6.1922011167
1533,1.818332,6.2000738
1534,2.262088,6.2514064167
1535,4.765442,6.2650302667
1536,5.990477,6.2196738333
1537,6.159682,6.1832008
1538,6.060218,6.1874009167
1539,6.350544,6.2318440667
1540,6.799614,6.2951430833
1541,6.777608,6.35342955
1542,6.115333,6.3934958667
1543,5.428195,6.4144333667
1544,5.75514,6.4244315833
1545,7.046517,6.42899985
1546,8.276568,6.4206288833
1547,8.742337,6.38944685
1548,8.245339,6.33376775
1549,6.9127,6.2677817167
1550,5.049219,6.2239239833
1551,3.255563,6.2273568833
1552,3.100817,6.2771779
1553,4.840545,6.3425047
1554,6.721046,6.3903629833
1555,7.93707,6.4157142667
1556,8.279035,6.4227126667
1557,7.994204,6.4190135833
1558,7.673434,6.4161235667
1559,7.730741,6.4241024333
1560,7.861284,6.4414276
1561,7.399311,6.45735225
1562,5.980035,6.4612651667
1563,3.759984,6.4452432
1564,1.568989,6.4662220833
1565,2.355174,6.52371755
1566,4.453063,6.5301853167
1567,6.322012,6.5470342667
1568,7.793502,6.5544609667
1569,8.584912,6.5428875667
1570,8.346568,6.5149882
1571,7.000889,6.4885028667
1572,5.106744,6.4887694167
1573,4.272131,6.53027545
1574,5.517008,6.5946936667
1575,7.200624,6.6432009
1576,8.152923,6.66549835
1577,8.027738,6.6730166833
1578,6.768179,6.6808417
1579,4.384532,6.6988804333
1580,4.384532,6.733362
1581,1.652498,6.7382106333
1582,5.837895,6.7727892667
1583,8.977432,6.7470073
1584,10.739386,6.6812954167
1585,10.799349,6.5907174833
1586,9.249196,6.5057707
1587,6.686522,6.4669249667
1588,4.38651,6.49880345
1589,4.249097,6.5926796167
1590,5.565595,6.7014079333
1591,6.391001,6.7867729
1592,6.142005,6.8394552
1593,4.898289,6.8533412833
1594,3.079519,6.8879559667
1595,2.044056,6.9528834833
1596,3.802095,7.0350687167
1597,6.411689,7.00094255
1598,8.726807,6.99157205
1599,10.148485,6.9576183
1600,10.296802,6.8916326167
1601,9.181587,6.8163043167
1602,7.371583,6.7671716667
1603,6.028088,6.7576961167
1604,6.029236,6.7704613167
1605,6.544259,6.7798159333
1606,6.405646,6.7890248333
1607,5.401591,6.8198796333
1608,4.286177,6.8822580333
1609,4.281236,6.96370045
1610,5.255193,7.0328254333
1611,6.244824,7.0699227667
1612,7.020425,7.0815822167
1613,7.712042,7.0797688667
1614,8.242123,7.06659245
1615,8.356974,7.0377227667
1616,8.05709,6.9914085667
1617,7.820803,6.93446265
1618,8.152166,6.88514175
1619,8.770251,6.8553327667
1620,8.816763,6.84079285
1621,7.634086,6.8366098667
1622,5.018717,6.8456966
1623,5.018717,6.8834734167
1624,5.018717,6.9151259167
1625,2.74324,6.9557785333
1626,5.464,7.0442979333
1627,6.767614,7.0831542833
1628,7.099098,7.0759881167
1629,6.91095,7.0221126
1630,6.757448,6.9283034667
1631,7.016882,6.8597503333
1632,7.597106,6.8222581667
1633,8.137224,6.7936923333
1634,8.427442,6.7584908333
1635,8.538471,6.7153126167
1636,8.604023,6.6778157833
1637,8.497239,6.6627461833
1638,7.850503,6.6782792
1639,6.453426,6.72534135
1640,4.67545,6.7984519167
1641,3.727216,6.8809436
1642,4.290977,6.9369918833
1643,5.034719,6.9267063833
1644,5.30471,6.8581395667
1645,5.702542,6.8315534
1646,6.918452,6.8406669833
1647,8.599231,6.85489815
1648,10.01908,6.8474771333
1649,10.772796,6.8027150833
1650,10.687493,6.7138549333
1651,9.551939,6.5939000333
1652,6.97517,6.5066252167
1653,6.97517,6.5047693167
1654,6.97517,6.53309945
1655,6.97517,6.5674876333
1656,1.754525,6.5872354333
1657,5.849459,6.6711106833
1658,6.689582,6.6661571167
1659,6.189344,6.6273044833
1660,5.777104,6.5745485
1661,6.233628,6.5291714333
1662,6.80305,6.5115538333
1663,6.794,6.5208614833
1664,6.590513,6.5502965833
1665,7.096793,6.5816378167
1666,8.256934,6.5846553167
1667,9.144295,6.5398146167
1668,9.172722,6.4633866167
1669,8.428735,6.4034853833
1670,7.481033,6.3916129667
1671,6.944391,6.4257026167
1672,6.911624,6.4803239
1673,6.921457,6.5239947
1674,6.509942,6.536771
1675,5.578122,6.51806265
1676,4.640335,6.4857730667
1677,4.861549,6.4589105833
1678,6.363627,6.4236168667
1679,7.897856,6.3568453167
1680,8.565784,6.27569335
1681,8.17929,6.2150772833
1682,7.285326,6.19589805
1683,6.917867,6.2201744167
1684,7.457874,6.2678793833
1685,8.054404,6.30944665
1686,7.795381,6.3265744167
1687,6.337644,6.3140226167
1688,3.866567,6.2711390833
1689,1.282402,6.2694401667
1690,2.64426,6.2865908333
1691,4.767352,6.3452500333
1692,5.883156,6.4069735
1693,6.025134,6.4630317667
1694,5.836749,6.5064445333
1695,6.288661,6.5288192
1696,7.699847,6.5218611167
1697,9.42922,6.4887986167
1698,10.674232,6.4412959333
1699,10.84006,6.3873477333
1700,9.624951,6.3324740167
1701,7.090113,6.2821593833
1702,3.673847,6.2434359167
1703,0.92071,6.2327865833
1704,3.70954,6.2784572167
1705,6.249357,6.3116391667
1706,7.772322,6.3317343833
1707,8.15397,6.34706885
1708,7.333357,6.37147495
1709,5.441187,6.4196577
1710,3.490199,6.4959680333
1711,4.31545,6.5754777333
1712,6.863816,6.5655376167
1713,8.674978,6.5131247333
1714,9.038461,6.4305258167
1715,8.160038,6.34186885
1716,6.78704,6.30422405
1717,5.552245,6.3207986
1718,4.358424,6.3514629833
1719,3.023985,6.3850656833
1720,3.05448,6.4503988167
1721,5.176572,6.5492169333
1722,7.361509,6.63861625
1723,8.560106,6.6889825833
1724,8.470987,6.6785342833
1725,7.277843,6.6695713
1726,5.566492,6.68049405
1727,4.558615,6.7199393167
1728,5.578648,6.6905381667
1729,7.71639,6.7348971167
1730,9.526412,6.7759751833
1731,10.221668,6.7814135833
1732,9.531872,6.7379507833
1733,7.688035,6.6423510333
1734,5.387441,6.5774819
1735,3.640747,6.5415857833
1736,3.028586,6.60063605
1737,2.743926,6.7095890333
1738,2.357334,6.8354638833
1739,3.028738,6.95421345
1740,4.92882,7.0301851167
1741,7.028536,7.0364649667
1742,8.741908,6.9749190333
1743,9.780165,6.8664474333
1744,9.95191,6.7448858333
1745,9.08207,6.64346935
1746,7.042273,6.5851819333
1747,3.764632,6.5824269333
1748,3.764632,6.63781275
1749,2.311442,6.6728841333
1750,6.163812,6.69215415
1751,8.47076,6.63130285
1752,9.246652,6.58398635
1753,8.6299,6.5778965667
1754,7.179229,6.6165456167
1755,5.871176,6.6857553
1756,5.716097,6.7525537667
1757,6.579059,6.76777935
1758,7.43734,6.7686222333
1759,7.547637,6.7551604333
1760,6.606073,6.68233475
1761,4.766705,6.693278
1762,3.034887,6.7641874667
1763,3.660948,6.8609370333
1764,5.700457,6.9165581167
1765,7.45507,6.88026405
1766,8.69239,6.8147264333
1767,9.618336,6.7285668167
1768,10.224322,6.6269747667
1769,10.019807,6.51528295
1770,8.260781,6.4318085833
1771,3.719043,6.4260224667
1772,3.719043,6.5255820167
1773,3.719043,6.6444920833
1774,3.719043,6.7742617667
1775,5.90135,6.9031134
1776,7.781513,6.9811039167
1777,7.392108,7.0053220167
1778,6.374586,7.0143159333
1779,6.943973,7.0137696667
1780,8.983567,6.9038792333
1781,10.540531,6.7599955667
1782,10.383489,6.5901625
1783,7.933208,6.4229468
1784,7.933208,6.2965691167
1785,7.933208,6.28188355
1786,7.933208,6.36180475
1787,2.794546,6.4818309833
1788,8.240185,6.6857838333
1789,10.181074,6.7633698833
1790,9.852716,6.7496589667
1791,7.6139,6.6591384333
1792,3.795887,6.6059315
1793,3.795887,6.6163581167
1794,3.233674,6.6267847333
1795,7.183763,6.6465815667
1796,9.565765,6.6005435833
1797,10.296417,6.4968575833
1798,9.482308,6.4610440333
1799,7.587038,6.4590377
1800,5.305611,6.46435455
1801,3.33578,6.4460026
1802,2.233612,6.4192792333
1803,2.486469,6.4930935667
1804,3.866921,6.6308309667
1805,5.584825,6.7772386667
1806,6.876973,6.8798524667
1807,7.087781,6.8876697833
1808,5.868915,6.8919736333
1809,3.467643,6.9165919167
1810,2.512734,6.9812314
1811,5.63177,7.0405518
1812,8.881265,7.1723244667
1813,10.948843,7.31277245
1814,11.33181,7.4316536333
1815,9.879084,7.5009831667
1816,6.629632,7.4727253333
1817,6.629632,7.4986250333
1818,6.629632,7.5245247333
1819,3.178096,7.5504244333
1820,7.262668,7.6338497333
1821,9.021273,7.6491988333
1822,8.839861,7.58298315
1823,6.998213,7.6236751833
1824,3.522813,7.6939615833
1825,3.522813,7.6870787833
1826,3.522813,7.6801959833
1827,3.522813,7.6722274333
1828,3.522813,7.8992256333
1829,5.011345,8.2127720167
1830,7.913614,8.3941220833
1831,9.692616,8.527101
1832,10.853647,8.6304298833
1833,11.505224,15.4273592667
1834,11.450141,16.1147308667
1835,10.580781,16.1765358333
1836,9.234599,16.2528301333
1837,7.931743,16.3515608
1838,6.34181,16.4720057333
1839,0.350547,16.61894955
1840,0.350547,16.86574775
1841,0.350547,17.11254595
1842,0.350547,17.35934415
1843,0.350547,17.61847105
1844,7.052074,17.9926645667
1845,12.72848,18.2812262333
1846,15.134782,18.39769785
1847,15.031717,18.21513705
1848,12.895348,18.034294
1849,9.358419,17.8890571
1850,4.421484,17.8027690167
1851,4.421484,18.0139121167
1852,4.421484,18.30279045
1853,4.421484,18.5742057833
1854,4.421484,18.7437413667
1855,4.421484,18.91327695
1856,3.344605,19.0828125333
1857,8.147604,19.2702961
1858,9.361928,19.3777296833
1859,7.906049,19.4649245333
1860,4.204494,19.4772952833
1861,1.732378,19.57120205
1862,6.662472,19.6736383833
1863,10.750713,19.6137400333
1864,12.651383,19.4857043333
1865,11.741653,19.3259908
1866,7.346012,19.1814394333
1867,7.346012,19.1518566333
1868,7.346012,19.18105495
1869,7.346012,19.2427644167
1870,6.071958,19.31115185
1871,13.53813,19.3864770333
1872,17.308144,19.3173074
1873,18.081714,19.1777266667
1874,15.491582,19.0291296167
1875,8.183614,18.9170705
1876,8.183614,18.8868044333
1877,8.183614,18.8565383667
1878,8.183614,18.8262723
1879,8.183614,18.7960062333
1880,8.183614,18.7657401667
1881,5.048332,18.7486227333
1882,11.281383,18.8268262
1883,11.215397,18.8119839833
1884,3.109845,18.7943738
1885,3.109845,18.9117996333
1886,3.0447,19.03639585
1887,17.142705,19.15738445
1888,22.335596,18.9976576833
1889,15.892349,18.7513827333
1890,15.892349,18.6124952333
1891,15.892349,18.4736077333
1892,418.66941,18.3347202333
1893,52.74752,11.4076046333
1894,15.158439,10.6739375167
1895,15.158439,10.5258759333
1896,15.158439,10.37781435
1897,15.158439,10.2297527667
1898,15.158439,10.0816911833
1899,15.158439,10.1353849833
1900,15.158439,10.32048935
1901,15.158439,10.524814
1902,15.898161,10.60993245
1903,22.802158,10.6827222
1904,24.365774,10.6404453333
1905,19.716777,10.5721082
1906,4.181134,10.58125435
1907,4.181134,10.6575842167
1908,4.181134,10.8363112667
1909,4.181134,10.99471565
1910,17.09007,11.0665477833
1911,21.754184,10.9232309833
1912,20.706404,10.70217895
1913,14.593619,10.4985899167
1914,14.593619,10.3059477667
1915,14.593619,10.1809574833
1916,14.593619,10.0692455167
1917,14.593619,9.9353721167
1918,14.593619,9.7568819167
1919,8.648294,9.56335265
1920,9.8389,9.51994555
1921,7.878558,9.50472175
1922,3.068571,9.5448546
1923,3.068571,9.6573447833
1924,3.068571,9.7334930667
1925,3.068571,9.7411426
1926,5.571044,9.7487921333
1927,9.097911,9.7147337833
1928,11.04858,9.6218943167
1929,11.449258,9.50892785
1930,10.591469,9.46589835
1931,9.387952,9.4840994833
1932,8.9333,9.5436314
1933,9.165891,9.6045995833
1934,8.768035,9.6265512
1935,6.36765,9.5830086167
1936,6.36765,9.57947245
1937,6.36765,9.5759362833
1938,6.36765,9.5724001167
1939,6.36765,9.56886395
1940,7.156568,9.5809094667
1941,9.74054,9.6429780333
1942,10.39085,9.6823059833
1943,10.158786,9.6961182
1944,10.155395,9.6732082
1945,10.585618,9.6006754667
1946,10.304016,9.48936685
1947,7.559099,9.38282005
1948,7.559099,9.3195963667
1949,7.559099,9.2235992667
1950,7.559099,9.1276021667
1951,7.559099,9.0316050667
1952,3.042474,8.9825148333
1953,8.727493,9.0524260667
1954,6.274744,9.0529627833
1955,6.274744,9.1034068667
1956,6.274744,9.14948905
1957,6.274744,9.1829020667
1958,18.380067,9.2049880167
1959,26.264701,9.0269248167
1960,27.417918,8.7319076333
1961,20.265546,8.4306349
1962,20.265546,8.2446734833
1963,20.265546,8.02756
1964,20.265546,7.7369712
1965,20.265546,7.4463824
1966,8.760926,7.1557936
1967,14.904757,7.07694965
1968,13.685397,6.9548738833
1969,8.491062,6.8734573667
1970,8.491062,6.8702636
1971,8.491062,6.8396757333
1972,8.491062,6.7742673833
1973,3.03509,6.6811509833
1974,7.094202,6.6819772667
1975,7.890901,6.643998
1976,6.561215,6.6244848833
1977,3.884207,6.6500091333
1978,2.981863,6.7260385667
1979,6.043868,6.8018057667
1980,8.925472,6.7934865
1981,10.286529,6.7073880667
1982,9.817982,6.61530665
1983,7.637468,6.5736074333
1984,3.527543,6.6017230833
1985,3.527543,6.7112224667
1986,3.527543,6.811912
1987,3.527543,6.8879065
1988,4.270592,6.93500415
1989,8.867488,6.9531992167
1990,11.683537,6.9004339
1991,12.959867,6.8172989167
1992,12.591391,6.7255493
1993,10.482988,6.6411278333
1994,6.15548,6.5791885167
1995,6.15548,6.5656105667
1996,6.15548,6.5302525167
1997,6.15548,6.4997399833
1998,6.15548,6.4943914333
1999,7.090381,6.5068153667
2000,10.880682,6.49903915
2001,12.100217,6.3959738833
2002,11.219583,6.2725830333
2003,8.784186,6.1638694167
2004,5.803431,6.1077919333
2005,3.907101,6.1604059333
2006,3.911208,6.28336225
2007,3.765678,6.4196034833
2008,1.799273,6.5429439167
2009,1.799273,6.6543871
2010,1.799273,6.6898034167
2011,4.613685,6.7252197333
2012,7.237148,6.7137291833
2013,8.759696,6.67083845
2014,9.301389,6.63588575
2015,9.039675,6.5918911167
2016,8.279525,6.5305556833
2017,7.599901,6.4592511167
2018,7.696275,6.40445795
2019,8.56367,6.37617535
2020,9.341554,6.3627024
2021,9.107861,6.3586021667
2022,7.238737,6.3722116333
2023,2.830218,6.42228725
2024,2.830218,6.5416024667
2025,2.830218,6.64322275
2026,4.030289,6.7064857
2027,7.580211,6.6537496
2028,8.800406,6.5418481333
2029,8.299436,6.4096100833
2030,6.65579,6.2857215333
2031,4.566561,6.2478617667
2032,2.904078,6.3015490667
2033,3.084667,6.4134646333
2034,4.815446,6.5350137167
2035,6.720114,6.6246053667
2036,8.09267,6.6656478333
2037,8.445973,6.6578339167
2038,7.527895,6.6172944667
2039,5.544712,6.5753342
2040,3.759566,6.56572535
2041,4.761644,6.5955460833
2042,7.316029,6.6216007167
2043,9.324407,6.6180514833
2044,10.097506,6.5910455
2045,9.568915,6.5545045667
2046,8.087213,6.5222225333
2047,6.353402,6.5065714
2048,5.362296,6.5158135833
2049,5.701569,6.5423844333
2050,6.695438,6.5595467833
2051,7.45489,6.5433860333
2052,7.526103,6.4889427333
2053,6.766629,6.4262543
2054,5.340803,6.40328325
2055,4.033997,6.4345299333
2056,4.324728,6.5036458
2057,5.834567,6.56802755
2058,6.900916,6.5990839833
2059,6.623808,6.6062527
2060,4.696766,6.6177871
2061,4.696766,6.6623228833
2062,4.696766,6.70403355
2063,5.419537,6.7401521333
2064,8.960271,6.7608211333
2065,11.28448,6.7239671
2066,12.085682,6.6514576333
2067,11.166104,6.56399005
2068,8.485864,6.48092845
2069,3.924252,6.42299775
2070,3.924252,6.4238258667
2071,3.924252,6.4278972333
2072,4.663704,6.450393
2073,6.662534,6.4759149167
2074,6.661711,6.4766918667
2075,5.359549,6.48698065
2076,4.001251,6.5338596667
2077,4.312311,6.61548245
2078,5.999319,6.6896644333
2079,7.755293,6.7158479333
2080,9.09554,6.6869267667
2081,9.924429,6.6306516333
2082,10.243274,6.58262245
2083,9.989131,6.5520544
2084,8.927435,6.5325549667
2085,6.625995,6.5206527667
2086,0.866123,6.5283504833
2087,0.866123,6.6137642833
2088,0.866123,6.6817336667
2089,0.866123,6.7229177167
2090,4.384204,6.7641017667
2091,7.787799,6.7466511333
2092,9.619012,6.6630941333
2093,10.377612,6.6184243167
2094,10.190945,6.6101399
2095,9.182662,6.6302411
2096,7.623835,6.6644671833
2097,6.013606,6.6963666833
2098,5.010279,6.7124549667
2099,4.968181,6.7120334
2100,5.54881,6.7136492833
2101,6.324922,6.7212987833
2102,7.103075,6.7173701833
2103,7.704048,6.6817591167
2104,7.90505,6.6111742167
2105,7.631993,6.54160255
2106,7.148145,6.5083815167
2107,6.907933,6.5125806833
2108,6.956547,6.5383065833
2109,6.73131,6.5694275833
2110,5.725793,6.6021860167
2111,4.188292,6.6427354333
2112,3.764797,6.6926429833
2113,5.388366,6.7271083167
2114,7.215604,6.7147592667
2115,8.180949,6.6736038833
2116,8.187633,6.6389043
2117,7.697953,6.6253914
2118,7.331039,6.6251737833
2119,7.315872,6.6163752667
2120,7.368913,6.5827397667
2121,7.199406,6.53995985
2122,6.863881,6.5230728833
2123,6.659677,6.5393564667
2124,6.749029,6.5709040333
2125,6.933912,6.5933396333
2126,6.837627,6.59475545
2127,6.182408,6.5877778167
2128,5.010022,6.5991063833
2129,3.973939,6.6415206
2130,4.168534,6.7015981333
2131,5.273998,6.74297235
2132,6.195019,6.7385547333
2133,6.709151,6.6898085
2134,7.279038,6.62298525
2135,8.17229,6.5667133833
2136,8.898618,6.5234300833
2137,8.76323,6.4932343333
2138,7.570329,6.4851114333
2139,6.020023,6.5094310667
2140,5.719032,6.5614861333
2141,7.042678,6.6058217333
2142,8.409191,6.59918265
2143,8.819165,6.52868735
2144,8.213303,6.4192931833
2145,7.087858,6.3464385667
2146,5.990951,6.3355935667
2147,4.944286,6.3748668833
2148,3.337166,6.4443888667
2149,3.337166,6.5336795
2150,3.337166,6.6025269167
2151,2.774379,6.65124765
2152,6.938823,6.7039564667
2153,9.880547,6.6958525
2154,11.397017,6.6499563
2155,11.236227,6.58772585
2156,9.537805,6.5357426333
2157,6.978903,6.5174290167
2158,4.984985,6.5396459833
2159,5.065134,6.5796692833
2160,6.00778,6.5873069667
2161,6.089206,6.5293096167
2162,4.966411,6.4699551667
2163,3.468954,6.4293139667
2164,3.73075,6.4136303833
2165,5.638731,6.3935835333
2166,7.400095,6.3932300167
2167,8.451487,6.4240859333
2168,8.823807,6.469383
2169,8.696816,6.5089890333
2170,8.158758,6.5225213833
2171,7.182745,6.4983959833
2172,5.832717,6.44299135
2173,4.647423,6.3951544667
2174,4.746281,6.3928520167
2175,6.098974,6.41845485
2176,7.376859,6.4442146
2177,7.684896,6.4605427167
2178,6.803128,6.4686552333
2179,5.297742,6.4736470833
2180,4.802118,6.4834164333
2181,6.186188,6.5033177333
2182,7.840896,6.52541075
2183,8.552531,6.5415409
2184,8.095165,6.54442025
2185,7.018861,6.52320705
2186,6.418969,6.4516654
2187,6.862122,6.39012195
2188,7.554875,6.3211926167
2189,7.578591,6.22599635
2190,6.650987,6.16589045
2191,5.008941,6.12656315
2192,3.270245,6.1196093
2193,2.699756,6.1640588833
2194,3.902726,6.2475453833
2195,5.575292,6.3317818
2196,7.086873,6.3955436833
2197,8.275856,6.4359378167
2198,9.029507,6.4646454
2199,9.143327,6.4942623
2200,8.379168,6.5249438
2201,6.644333,6.54353605
2202,4.179473,6.5206101
2203,2.255515,6.53876515
2204,3.842026,6.5889861667
2205,6.437158,6.6127653333
2206,8.34735,6.5932923
2207,9.115605,6.57440665
2208,8.694604,6.57858385
2209,7.468011,6.599287
2210,6.26041,6.63209195
2211,5.936908,6.6639761667
2212,6.452585,6.67310075
2213,7.126775,6.65223265
2214,7.66319,6.6284876667
2215,8.117234,6.6280669667
2216,8.438988,6.6489382
2217,8.311921,6.6705641
2218,7.386383,6.6645001167
2219,5.523395,6.5761314333
2220,2.527939,6.51881255
2221,2.527939,6.5114179333
2222,2.527939,6.5072287167
2223,2.527939,6.6005202167
2224,2.527939,6.7186998333
2225,5.61752,6.8216898333
2226,9.25145,6.8401702667
2227,11.169311,6.7575450333
2228,11.200169,6.64295545
2229,9.508757,6.5278515667
2230,6.711234,6.4409378833
2231,3.858467,6.4006495833
2232,2.962504,6.35430845
2233,4.509276,6.6190439167
2234,6.282451,6.9420059167
2235,7.644559,7.2114556
2236,8.356546,7.3423598
2237,8.171647,7.46139755
2238,7.102639,7.58351695
2239,5.883903,7.72345315
2240,5.996196,7.8837016167
2241,7.511769,8.0420785333
2242,8.808705,8.1751959
2243,8.725292,8.2866976667
2244,6.822373,8.2197133167
2245,2.726362,8.2382560833
2246,2.726362,8.3416711667
2247,2.726362,8.4508989
2248,1.843099,8.5729343
2249,3.972237,8.728683
2250,4.291349,8.8602919
2251,4.59171,8.9779571167
2252,5.93722,9.0552752833
2253,7.708946,9.0428367333
2254,8.956911,9.0008694167
2255,9.401005,8.9381026833
2256,9.510521,8.8756435333
2257,9.998311,8.8796440333
2258,10.806521,8.90535115
2259,10.984217,8.9045003
2260,9.494703,8.8276400167
2261,5.268776,8.7756049667
2262,5.268776,8.7940020333
2263,5.268776,8.8123991
2264,5.268776,8.8307961667
2265,5.268776,8.8639437333
2266,7.214211,9.0039461167
2267,9.366237,9.1351862667
2268,9.936793,9.1638395167
2269,9.436308,9.1829835
2270,8.173463,9.2104689
2271,6.484383,9.2590017167
2272,5.200499,9.3356858667
2273,5.702076,9.4518836167
2274,7.637948,9.7174382667
2275,9.369508,9.9856449
2276,9.736542,10.1587624333
2277,7.948082,10.1525313833
2278,2.084262,10.176108
2279,2.084262,10.29741495
2280,2.084262,10.4187219
2281,2.276586,10.5113939833
2282,8.125429,10.7021913167
2283,9.618716,10.8325478
2284,8.707339,10.9321549
2285,6.726346,10.9905397667
2286,4.293936,11.0819411833
2287,4.293936,11.2138827667
2288,4.293936,11.34582435
2289,4.293936,11.4777659333
2290,4.293936,11.6092525333
2291,1.077999,11.9989778
2292,18.846632,12.5451124667
2293,23.886996,12.6933209
2294,22.449432,12.7575232667
2295,15.498811,12.8456850333
2296,15.498811,13.0496904833
2297,15.498811,13.2536959333
2298,15.498811,13.4577013833
2299,15.498811,14.9684078667
2300,15.498811,16.47911435
2301,15.498811,17.9898208333
2302,15.498811,19.5005273167
2303,4.706231,21.0112338
2304,7.934939,22.7018166167
2305,8.931267,24.3385876333
2306,9.280026,24.3096101333
2307,10.048486,24.3577752
2308,11.188021,24.43156505
2309,11.868771,24.47117725
2310,11.351262,24.4091444167
2311,9.2308,24.3557367333
2312,5.190907,24.3376700833
2313,5.190907,24.3869349833
2314,5.190907,24.4361998833
2315,5.653456,24.5428188167
2316,9.750551,24.7529329667
2317,11.540738,24.9532137
2318,10.75547,25.1369920667
2319,6.3726,25.2996406667
2320,6.3726,25.45211715
2321,6.3726,25.4640592667
2322,6.3726,25.4760013833
2323,6.3726,25.4879435
2324,7.25763,25.4998856167
2325,13.668919,25.4970772333
2326,15.08862,25.3286153667
2327,11.085432,25.1364918167
2328,11.085432,25.0110880667
2329,11.085432,24.8856843167
2330,11.085432,24.7602805667
2331,11.085432,24.6348768167
2332,12.172364,24.58868805
2333,21.635355,24.5918998
2334,23.730346,24.4498651667
2335,19.75656,24.23058885
2336,9.362679,24.0775423
2337,9.362679,24.0977271
2338,9.362679,24.1179119
2339,9.362679,24.1380967
2340,7.644587,24.0345802833
2341,13.724426,24.14908645
2342,15.946818,24.2373913
2343,15.595142,24.3022975167
2344,12.210431,24.3275570333
2345,12.210431,24.29892195
2346,12.210431,24.2702868667
2347,12.210431,24.2416517833
2348,12.210431,24.2130167
2349,12.183132,24.1843816167
2350,27.677452,24.1562015167
2351,33.846079,23.86978275
2352,27.739138,23.4805535333
2353,27.739138,23.0803737
2354,27.739138,22.76701185
2355,27.739138,22.50546305
2356,27.739138,22.2665357167
2357,27.739138,22.0249043333
2358,106.1412,21.7577154833
2359,106.1412,20.1315459167
2360,106.1412,18.3788764667
2361,106.1412,16.6262070167
2362,106.1412,14.8735375667
2363,106.1412,13.1208681167
2364,106.1412,11.4254184
2365,7.192617,9.79068445
2366,12.16993,9.82352335
2367,14.475877,9.76423955
2368,13.564753,9.6331873667
2369,8.146801,9.456362
2370,8.146801,9.3698358333
2371,8.146801,9.2937794167
2372,8.146801,9.2917144
2373,8.146801,9.3315599667
2374,11.588043,9.37203765
2375,18.260305,9.3042726
2376,21.767395,9.1253031833
2377,22.56744,8.8878822667
2378,20.514386,8.6371272667
2379,15.521189,8.4205898333
2380,7.089127,8.2515103667
2381,7.089127,8.2606312333
2382,7.089127,8.2802010333
2383,7.089127,8.3130030833
2384,7.089127,8.3727179833
2385,3.561207,8.46018105
2386,3.561207,8.6176426833
2387,3.561207,8.7599233833
2388,3.561207,8.8596868
2389,3.561207,8.8955056167
2390,3.561207,8.9313244333
2391,8.314106,8.96714325
2392,12.365069,8.8817519667
2393,13.113277,8.7371294333
2394,10.573767,8.5471564667
2395,10.573767,8.3995086667
2396,10.573767,8.2558673833
2397,10.573767,8.1727773833
2398,10.573767,8.1234576833
2399,3.151694,8.08359315
2400,14.514957,8.1557586167
2401,19.022717,8.01418395
2402,19.841191,7.7758081667
2403,17.110713,7.5276113
2404,10.492326,7.3541933
2405,10.492326,7.3226198667
2406,10.492326,7.3078555667
2407,10.492326,7.2866963667
2408,10.492326,7.2365426667
2409,10.492326,7.1474009
2410,10.492326,7.0412023
2411,10.492326,6.956924
2412,3.728348,6.8969579333
2413,8.937427,6.9543334
2414,12.04621,6.903954
2415,13.403498,6.7536192167
2416,13.241255,6.5806629667
2417,11.707807,6.4104107667
2418,8.571026,6.2993804833
2419,0.981033,6.2815254833
2420,0.981033,6.4055154
2421,0.981033,6.5181753667
2422,0.981033,6.5989927333
2423,4.414217,6.6519741
2424,8.057163,6.6655835667
2425,9.162951,6.6600254
2426,8.612902,6.6673225833
2427,6.612746,6.6936290333
2428,2.955231,6.7406645833
2429,2.955231,6.81874875
2430,3.583416,6.8616451667
2431,8.0229,6.8774062167
2432,10.537535,6.8354786333
2433,10.575462,6.7767947667
2434,7.52214,6.73283095
2435,7.52214,6.7406119833
2436,7.52214,6.7351806167
2437,7.52214,6.7030762167
2438,7.52214,6.6295172333
2439,5.376421,6.55595825
2440,7.636379,6.4896200833
2441,8.263315,6.4472995333
2442,9.05725,6.4377301167
2443,10.672021,6.4408739667
2444,12.336911,6.4238835833
2445,13.008905,6.3690748333
2446,12.098049,6.2831515
2447,9.547012,6.19198795
2448,5.710336,6.1286829167
2449,5.710336,6.1208593333
2450,5.710336,6.1116899333
2451,3.190629,6.1112155
2452,3.687717,6.1654968167
2453,1.714899,6.2151813667
2454,1.714899,6.28460895
2455,1.95529,6.3314821333
2456,5.588367,6.3723840167
2457,7.614585,6.3819729
2458,8.181895,6.3886740333
2459,7.481622,6.4024876667
2460,6.020477,6.4293276667
2461,4.72017,6.4723991833
2462,4.949379,6.52479285
2463,6.705633,6.5584551833
2464,8.59792,6.54694195
2465,9.606468,6.4935369167
2466,9.222774,6.4267800333
2467,7.483104,6.3809537833
2468,5.14382,6.3782298833
2469,4.12041,6.41929715
2470,5.435628,6.4698332833
2471,6.894362,6.4811746167
2472,7.170876,6.4499266333
2473,5.914663,6.4079685
2474,3.026123,6.3982543667
2475,3.026123,6.4551813
2476,3.026123,6.5265075167
2477,5.04599,6.6017470333
2478,7.499726,6.6355901
2479,8.420428,6.61507035
2480,7.740631,6.5729614167
2481,5.830075,6.551275
2482,4.159915,6.57723015
2483,5.230785,6.6414201167
2484,7.723673,6.68814305
2485,9.600782,6.6861273667
2486,10.191289,6.6439314333
2487,9.434879,6.5854764667
2488,7.640281,6.5341995167
2489,5.529016,6.5033181333
2490,4.529079,6.4926423
2491,5.507245,6.4896444167
2492,7.016503,6.4878499667
2493,7.937633,6.4985649167
2494,7.989002,6.5307005833
2495,7.196258,6.5826753833
2496,5.595876,6.6425458167
2497,3.108601,6.69148565
2498,3.108601,6.6961330167
2499,1.396131,6.7007803833
2500,5.097146,6.7339689167
2501,7.68915,6.7054738667
2502,9.245881,6.64707825
2503,9.652598,6.6291502333
2504,9.048386,6.6390754667
2505,7.853505,6.67285815
2506,6.628236,6.7215763333
2507,5.74871,6.76896
2508,5.240921,6.79546545
2509,5.160172,6.7829830333
2510,5.68187,6.7718464333
2511,6.447508,6.7520148667
2512,6.66879,6.7194226667
2513,5.880554,6.6822237167
2514,4.52729,6.6950545333
2515,4.409403,6.7553418833
2516,6.1637,6.8333727667
2517,8.016653,6.8888215
2518,9.010713,6.9083654333
2519,9.092022,6.8931643667
2520,8.604768,6.85016335
2521,7.86379,6.7950573667
2522,6.969119,6.7524716167
2523,6.014839,6.7367031167
2524,5.393618,6.7450444167
2525,5.601055,6.7650206167
2526,6.473199,6.7810343667
2527,7.31967,6.78630155
2528,7.607856,6.7879775667
2529,7.152578,6.8001787833
2530,6.116108,6.8345449
2531,5.019483,6.8922230167
2532,4.653388,6.9578100333
2533,5.331815,6.9953624667
2534,6.441739,6.9381653333
2535,7.305696,6.8624694667
2536,7.540494,6.7723743167
2537,7.076574,6.6783658667
2538,6.268541,6.68072405
2539,5.893892,6.7520743667
2540,6.439446,6.8490964667
2541,7.387384,6.92236775
2542,8.011313,6.93528065
2543,8.034161,6.8647570833
2544,7.602732,6.7938527167
2545,7.069026,6.7301388333
2546,6.683991,6.67532005
2547,6.358262,6.63940305
2548,5.787398,6.6442947833
2549,4.888466,6.6834862167
2550,4.349206,6.7546286333
2551,5.399578,6.8411182
2552,7.6594,6.9035442667
2553,9.865773,6.9124649333
2554,11.10749,6.8703456833
2555,10.788484,6.80446975
2556,8.532266,6.7479478
2557,3.387443,6.7296686
2558,3.387443,6.7920846833
2559,3.387443,6.8497933833
2560,3.387443,6.9059905
2561,4.185413,6.9559053667
2562,8.1702,6.9697040667
2563,10.248112,6.8597076833
2564,11.075347,6.7150794333
2565,10.776596,6.5566639333
2566,9.471256,6.4469000833
2567,7.339037,6.4135590333
2568,4.491976,6.44656
2569,4.491976,6.5351220833
2570,4.491976,6.6137235333
2571,4.491976,6.6773711
2572,4.436853,6.7372374167
2573,6.650403,6.8065768167
2574,8.144531,6.8445817667
2575,9.091256,6.8479317833
2576,9.490624,6.8099436667
2577,9.189289,6.7362536667
2578,8.098649,6.6580003167
2579,6.511961,6.6108350333
2580,5.298409,6.6004917167
2581,5.308645,6.60396335
2582,6.023009,6.58690795
2583,6.515317,6.5492520667
2584,6.59219,6.5314055667
2585,6.56188,6.5511562333
2586,6.78923,6.59807065
2587,7.420231,6.64612055
2588,8.339929,6.6654960833
2589,9.214545,6.6330490667
2590,9.576795,6.5407580833
2591,8.954704,6.4136358167
2592,6.906534,6.3242963333
2593,1.899987,6.3043819667
2594,1.899987,6.3907154
2595,1.899987,6.48423075
2596,1.899987,6.5751201167
2597,7.218065,6.6668343333
2598,10.54956,6.6809916
2599,11.715218,6.6503069833
2600,10.835723,6.5957654333
2601,8.162158,6.5310422333
2602,3.779899,6.4740860167
2603,3.779899,6.4697097667
2604,3.779899,6.4838303667
2605,3.779899,6.52369595
2606,4.528971,6.5796981
2607,6.651766,6.6320520667
2608,8.138884,6.6556945167
2609,9.157011,6.6573049667
2610,9.53858,6.63402195
2611,9.145142,6.5838918833
2612,8.19464,6.5203241833
2613,7.338618,6.4790782333
2614,7.154934,6.4803038
2615,7.397167,6.50603945
2616,7.435514,6.5261807833
2617,7.132408,6.5170398333
2618,6.849965,6.4587092333
2619,6.75927,6.4050860167
2620,6.382335,6.3057012167
2621,5.013335,6.289623
2622,1.570417,6.3384548667
2623,1.570417,6.4644725833
2624,1.570417,6.5894069833
2625,4.190765,6.69882
2626,7.470793,6.7440628833
2627,9.319095,6.7154805167
2628,9.805701,6.6391465667
2629,9.208063,6.5446353667
2630,8.31083,6.4701094833
2631,8.083955,6.4382008
2632,8.597217,6.4388254667
2633,8.9307,6.4490365
2634,8.345532,6.4554720667
2635,6.811969,6.4544183333
2636,5.069224,6.4383480333
2637,4.494088,6.4513234833
2638,5.268732,6.4738845333
2639,5.891362,6.48353485
2640,5.506707,6.482808
2641,4.285321,6.4835741333
2642,3.763656,6.5652329333
2643,5.444527,6.6884533333
2644,7.77723,6.7987895833
2645,9.376745,6.8707999167
2646,9.672224,6.9000398
2647,8.582763,6.8879316167
2648,6.393108,6.83661705
2649,3.677086,6.8217967333
2650,1.949459,6.85224345
2651,3.594335,6.8645944167
2652,5.711672,6.8721337833
2653,7.079993,6.8260620167
2654,7.510908,6.7571849
2655,7.353349,6.6811258667
2656,7.40284,6.56393065
2657,8.067501,6.5392405833
2658,8.708483,6.5463198667
2659,8.442725,6.5633914
2660,6.952331,6.58862515
2661,4.744785,6.63373945
2662,3.517324,6.7085806333
2663,4.627135,6.79475615
2664,6.171834,6.8471258833
2665,7.140028,6.8491982167
2666,7.670209,6.7966299333
2667,8.070313,6.7352253
2668,8.235511,6.6671522667
2669,7.76003,6.5963259333
2670,6.530776,6.5334242833
2671,5.33108,6.5439092833
2672,5.719883,6.6170178167
2673,7.412152,6.6860131667
2674,8.699073,6.6963958333
2675,8.605647,6.6468558167
2676,6.887057,6.6002317
2677,3.632572,6.6207321833
2678,3.632572,6.7259907667
2679,0.796182,6.8341948
2680,5.417642,6.9617312333
2681,7.943247,6.95983785
2682,9.13148,6.8555145833
2683,9.066481,6.7540462333
2684,8.135198,6.7060848667
2685,6.905338,6.71000335
2686,5.755851,6.7516466333
2687,4.739058,6.8092088833
2688,4.135029,6.8533473167
2689,4.73651,6.9075529
2690,6.396309,6.9517338
2691,8.121435,6.9682513833
2692,9.209879,6.9560168667
2693,9.316834,6.9256416167
2694,8.282308,6.9181339667
2695,5.847751,6.9701148167
2696,5.847751,7.0596013667
2697,5.847751,7.12431655
2698,5.847751,7.17062555
2699,5.847751,7.2175978667
2700,5.552675,7.2697998667
2701,9.184849,7.3225593333
2702,11.15688,7.3004782167
2703,12.064702,7.2270591833
2704,12.09785,7.1202884167
2705,11.131138,7.0008686
2706,8.945733,6.9029924
2707,5.503889,6.86335205
2708,5.503889,6.9014207167
2709,5.503889,6.9426891833
2710,2.690517,6.9623407333
2711,4.046697,6.9812072667
2712,2.947366,6.9774708
2713,2.947366,6.9298579667
2714,2.947366,6.9632636667
2715,0.321636,7.0356447833
2716,5.921436,7.17617975
2717,8.492258,7.2422666
2718,9.732775,7.2806818667
2719,9.95675,7.2961378
2720,9.659189,7.2593171
2721,9.235256,7.22745575
2722,8.687855,7.20265995
2723,7.769319,7.1869875
2724,6.296174,7.1866239833
2725,3.985931,7.2161994833
2726,3.985931,7.3685560833
2727,3.985931,7.5294971
2728,3.985931,7.6570513
2729,3.985931,7.7419661
2730,7.159876,7.7974041167
2731,9.717592,7.7734042667
2732,9.859604,7.65722615
2733,8.035112,7.5386811667
2734,5.726672,7.44868885
2735,5.8082,7.460428
2736,8.117086,7.5012218167
2737,9.948087,7.50928645
2738,10.124814,7.4896638833
2739,8.448368,7.4885608167
2740,5.304039,7.5413253333
2741,1.683851,7.6422183333
2742,3.043379,7.7400948167
2743,6.188799,7.8153125
2744,8.370307,7.8381065167
2745,9.403935,7.8558779667
2746,9.209586,7.9425059667
2747,7.387364,8.0244349
2748,7.387364,7.9837931167
2749,7.387364,7.9431513333
2750,7.387364,7.90250955
2751,7.387364,7.8618677667
2752,7.387364,7.8212259833
2753,8.866375,7.7805842
2754,11.401159,7.7152922333
2755,11.216944,7.5313664
2756,9.730662,7.6397336
2757,8.626291,7.8535434167
2758,8.66609,8.0079332667
2759,8.979871,8.1616598
2760,8.718243,8.31015665
2761,7.859982,8.4630139667
2762,6.751738,8.6301756333
2763,5.658456,9.16096025
2764,4.932661,10.8730069667
2765,5.258566,12.5971502667
2766,6.567312,14.3158618167
2767,7.788009,16.0127609333
2768,7.979997,16.4026124833
2769,6.682982,16.8615386667
2770,3.822509,17.2785504167
2771,3.822509,17.6026040833
2772,0.090596,17.6665053
2773,4.951708,17.7926050667
2774,7.290233,17.8376863
2775,8.753734,17.8437921167
2776,9.886647,17.82550625
2777,10.797174,17.7507591333
2778,10.660131,17.7697516667
2779,7.747508,17.7615236667
2780,7.747508,17.7225459667
2781,7.747508,17.7002791167
2782,7.747508,17.7727374167
2783,7.747508,17.9068653
2784,8.070704,18.0487508
2785,13.127327,18.14870405
2786,13.642392,18.1127338
2787,11.639183,18.0252119667
2788,9.080819,17.8982557833
2789,7.312212,17.813939
2790,5.719885,17.759099
2791,2.746905,17.7307977833
2792,2.746905,17.7520462333
2793,2.635573,17.7732946833
2794,6.431021,17.9281578333
2795,8.255829,18.10022385
2796,8.600964,18.25635745
2797,8.770733,18.3757261333
2798,10.05863,18.43681385
2799,11.614239,18.4175633667
2800,11.357619,18.3059511
2801,7.55644,18.1986158333
2802,7.55644,18.15463355
2803,7.55644,18.1106512667
2804,9.436594,18.0666689833
2805,14.601615,17.9795592333
2806,14.125322,17.9506465167
2807,4.948857,17.9773732833
2808,4.948857,18.1412570333
2809,4.948857,18.2265999167
2810,4.948857,18.3119428
2811,4.948857,18.3972856833
2812,4.948857,18.4826285667
2813,4.948857,18.56797145
2814,0.365609,18.6533143333
2815,17.718976,18.8150446833
2816,22.559251,18.68755225
2817,17.889682,18.4793885667
2818,17.889682,18.3490510333
2819,17.889682,18.2187135
2820,17.889682,18.0883759667
2821,17.889682,17.9580384333
2822,38.598815,17.9536625
2823,108.381259,17.7101241167
2824,108.381259,16.2900882667
2825,108.381259,14.7568364833
2826,108.381259,13.2235847
2827,31.179102,11.6903329167
2828,35.515568,11.44378375
2829,31.703687,11.1375735
2830,23.265729,11.0196619333
2831,7.656582,11.09611995
2832,7.656582,11.4215068167
2833,7.656582,11.6731912833
2834,7.656582,11.77371005
2835,7.656582,11.8742288167
2836,5.40182,11.9747475833
2837,11.936726,12.1128457167
2838,10.166451,12.14202875
2839,5.408846,12.2007163667
2840,6.411497,12.22211455
2841,12.095006,12.29359445
2842,15.795181,12.2701813167
2843,16.260638,12.1419584
2844,14.067899,12.0059778667
2845,10.969112,11.9065429833
2846,8.391082,11.85875455
2847,4.021812,11.8539332833
2848,4.021812,11.8412004167
2849,4.021812,11.9010815333
2850,4.021812,11.9755452
2851,4.021812,12.0424168833
2852,4.021812,12.110816
2853,11.927362,12.2045528167
2854,16.754982,12.1953484167
2855,17.623845,12.1144038167
2856,15.763085,11.9975951833
2857,12.435996,11.8635070833
2858,8.903601,11.7243395167
2859,4.917503,11.6158108167
2860,4.917503,11.6090495833
2861,4.917503,11.62767595
2862,4.917503,11.6423966167
2863,4.917503,11.6164610167
2864,4.210009,11.5905254167
2865,12.866852,11.5763813833
2866,15.728928,11.4070282
2867,14.781882,11.25215575
2868,10.06943,11.14081805
2869,10.06943,11.1135252167
2870,10.06943,11.08022375
2871,10.06943,11.0405367
2872,10.06943,10.9977881167
2873,10.06943,10.9519349333
2874,10.06943,10.9026594667
2875,10.06943,10.8559685833
2876,10.06943,10.8202954167
2877,10.06943,10.7946626
2878,10.06943,10.7647755
2879,10.06943,10.7074130333
2880,10.06943,10.5956756667
2881,17.627126,10.4839383
2882,23.986512,10.2552310667
2883,23.179108,9.9836403833
2884,16.386152,9.7575343
2885,16.386152,9.6371127833
2886,16.386152,9.4660427333
2887,16.386152,9.2949726833
2888,17.142953,9.1239026333
2889,24.628993,8.9303589
2890,27.85321,8.6768885
2891,27.179794,8.3947216833
2892,22.75765,8.11070675
2893,13.687708,7.8525002333
2894,13.687708,7.7454594167
2895,13.687708,7.6384186
2896,13.687708,7.5313777833
2897,13.687708,7.4243369667
2898,13.687708,7.2640337
2899,6.692737,7.1560667833
2900,10.700291,7.1930593333
2901,10.690218,7.1749296
2902,8.101806,7.1555291167
2903,8.101806,7.1693943167
2904,8.101806,7.1695369167
2905,8.101806,7.1548113333
2906,8.101806,7.1261691167
2907,3.25784,7.0895576167
2908,7.614679,7.1362805333
2909,8.489632,7.1178394667
2910,8.034113,7.0848393
2911,8.125759,7.0452762167
2912,9.646021,6.9819549833
2913,11.375098,6.8876110667
2914,11.898306,6.7885900167
2915,10.615327,6.7113231833
2916,7.717799,6.6769301333
2917,4.085942,6.7000183167
2918,2.391879,6.7823590667
2919,4.511829,6.884104
2920,6.035085,6.9360445667
2921,5.800743,6.9437192167
2922,3.361367,6.93511685
2923,3.361367,6.9540478333
2924,3.361367,6.9769869333
2925,2.705661,7.01722075
2926,6.436581,7.086393
2927,8.10162,7.1044604833
2928,8.43186,7.0971868667
2929,8.071342,7.0801433833
2930,7.688207,7.0613995
2931,7.504515,7.0403975667
2932,7.318239,7.0146102833
2933,7.112902,6.9876146333
2934,7.267977,6.9673689333
2935,7.92904,6.9565719833
2936,8.531461,6.9501384
2937,8.276204,6.9442837833
2938,6.627682,6.9425104833
2939,3.365188,6.9559038167
2940,3.365188,7.0039690833
2941,3.904692,7.065643339
2942,7.691071,7.1201425
2943,9.612743,7.1101262105
2944,9.160861,7.065436625
2945,6.121949,7.027338
2946,6.121949,7.044104463
2947,6.121949,7.0615036226
2948,5.530329,7.0795719808
2949,9.420769,7.1099492941
2950,10.923201,7.0637329
2951,10.138898,6.9849682449
2952,7.265259,6.919261375
2953,7.265259,6.9118997234
2954,7.265259,6.904218
2955,7.265259,6.8961948667
2956,7.265259,6.8878070455
2957,4.069512,6.879029093
2958,7.209693,6.9459223571
2959,8.91229,6.9394889268
2960,9.612507,6.8901689
2961,9.526189,6.820365359
2962,8.933718,6.7491594737
2963,8.110362,6.6901173514
2964,7.218271,6.6506661111
2965,6.383273,6.6344488286
2966,5.905116,6.6418363529
2967,6.061215,6.6641612121
2968,6.508215,6.6830032813
2969,6.509622,6.6886416129
2970,5.660328,6.6946089333
2971,4.326485,6.7302737931
2972,3.985386,6.8161233929
2973,5.433835,6.9209655185
2974,7.262296,6.9781628462
2975,8.551744,6.96679752
2976,9.10309,6.9007580833
2977,9.026387,6.8050045217
2978,8.496575,6.7040325909
2979,7.628263,6.6186734286
2980,6.495564,6.56819395
2981,5.284601,6.5720165789
2982,4.497226,6.6435396667
2983,4.737713,6.7697934118
2984,5.775396,6.8967984375
2985,6.855996,6.9715586
2986,7.52063,6.9798130714
2987,7.665203,6.9382117692
2988,7.409251,6.8776291667
2989,6.946709,6.8292999091
2990,6.428091,6.817559
2991,5.957278,6.8608332222
2992,5.6985,6.973777625
2993,5.89816,7.1559601429
2994,6.62016,7.3655935
2995,7.543025,7.5146802
2996,8.180184,7.507594
2997,8.169806,7.2833973333
2998,7.431282,6.840193
2999,6.249104,6.249104
