0,0,0
1,0,0.0087464234
2,0,0.0174836653
3,0,0.0262116935
4,0,0.0349305188
5,0,0.0436402003
6,0,0.0523408481
7,0,0.061032621
8,0,0.0697157272
9,0,0.0783904261
10,0,0.0870570269
11,0,0.0957158884
12,0,0.1043674167
13,0,0.1130120645
14,0,0.1216503306
15,0,0.1302827527
16,0,0.1389099113
17,0,0.1475324207
18,0,0.1561509288
19,0,0.1647661129
20,0,0.1733786774
21,0,0.1819893468
22,0,0.1905988629
23,0,0.1992079798
24,0,0.2078174624
25,0,0.216428078
26,0,0.2250405927
27,0,0.2336557688
28,0,0.2422743589
29,0,0.2508970995
30,0,0.259524711
31,0,0.2681578911
32,0,0.2767973091
33,0,0.2854436048
34,0,0.2940973831
35,0,0.3027592097
36,0,0.3114296102
37,0,0.3201090645
38,0,0.328798004
39,0,0.3374968091
40,0,0.3462058091
41,0,0.3549252728
42,0,0.363655414
43,0,0.3723963831
44,0,0.3811482688
45,0,0.3899110941
46,0,0.3986848159
47,0,0.4074693199
48,0,0.4162644234
49,0,0.4250698696
50,0,0.433885328
51,0,0.4427103938
52,0,0.4515445833
53,0,0.4603873347
54,0,0.469238004
55,0,0.4780958642
56,0,0.4869601048
57,0,0.495829828
58,0,0.5047040457
59,0,0.5135816788
60,0,0.5224615511
61,0,0.5313423898
62,0,0.5402228172
63,0,0.5491013481
64,0,0.5579763817
65,0,0.5668461989
66,0,0.5757089476
67,0,0.5845626371
68,0,0.593405121
69,0,0.602234086
70,0,0.6110470255
71,0,0.6198412218
72,0,0.628613707
73,0,0.6373612285
74,0,0.6460801949
75,0,0.6547666089
76,0,0.6634159825
77,0,0.6720232191
78,0,0.6805824583
79,0,0.6890868669
80,0,0.6975283414
81,0,0.7058970927
82,0,0.7141810376
83,0,0.7223648831
84,0,0.7304287056
85,0,0.7383456371
86,0,0.7460778911
87,0,0.7535694476
88,0,0.7607312675
89,0,0.7674071935
90,0,0.773277086
91,0,0.777434621
92,0,0.7815921559
93,0,0.7857496909
94,0,0.813948121
95,0,0.8287216008
96,0,0.841190496
97,0,0.8526416344
98,0,0.8635062016
99,0,0.8739829919
100,0,0.8841804812
101,0,0.8941645282
102,0,0.9039782285
103,0,0.9136514086
104,0,0.9232056478
105,0,0.9326571425
106,0,0.9420184315
107,0,0.9512994933
108,0,0.9605084637
109,0,0.969652129
110,0,0.9787362661
111,0,0.9877658844
112,0,0.9967454059
113,0,1.0056787944
114,0,1.0145696519
115,0,1.0234212944
116,0,1.0322368078
117,0,1.0410190901
118,0,1.0497708817
119,0,1.0584947944
120,0,1.0671933266
121,0,1.0758688763
122,0,1.0845237554
123,0,1.0931601922
124,0,1.1017803401
125,0,1.1103862755
126,0,1.1189800054
127,0,1.127563461
128,0,1.1361385013
129,0,1.1447069113
130,0,1.1532703992
131,0,1.1618305954
132,0,1.1703890484
133,0,1.1789472258
134,0,1.1875065081
135,0,1.1960681922
136,0,1.2046334825
137,0,1.2132034973
138,0,1.2217792621
139,0,1.2303617097
140,0,1.2389516828
141,0,1.2475499315
142,0,1.2561571129
143,0,1.2647737957
144,0,1.2734004597
145,0,1.2820374946
146,0,1.2906852083
147,0,1.2993438226
148,0,1.3080134825
149,0,1.3166942567
150,0,1.3253861384
151,0,1.3340890551
152,0,1.3428028683
153,0,1.351527379
154,0,1.3602623347
155,0,1.3690074315
156,0,1.3777623185
157,0,1.3865266062
158,0,1.3952998683
159,0,1.4040816492
160,0,1.4128714691
161,0,1.421668828
162,0,1.430473211
163,0,1.4392840941
164,0,1.4481009503
165,0,1.4569232527
166,0,1.4657504798
167,0,1.4745821196
168,0,1.4834176747
169,0,1.4922566667
170,0,1.5010986384
171,0,1.5099431586
172,0,1.5187898253
173,0,1.5276382688
174,0,1.5364881546
175,0,1.5453391841
176,0,1.5541910968
177,0,1.563043672
178,0,1.5718967325
179,0,1.5807501411
180,0,1.5896038038
181,0,1.5984576667
182,0,1.6073117191
183,0,1.6161659919
184,0,1.6250205538
185,0,1.6338755108
186,0,1.6427310067
187,0,1.6515872177
188,0,1.6604443522
189,0,1.6693026452
190,0,1.6781623562
191,0,1.6870237688
192,0,1.6958871828
193,0,1.704752914
194,0,1.713621289
195,0,1.7224926411
196,0,1.7313673065
197,0,1.740245621
198,0,1.7491279167
199,0,1.7580145161
200,0,1.7669057339
201,0,1.7758018656
202,0,1.7847031922
203,0,1.7936099718
204,0,1.8025224395
205,0,1.8114408038
206,0,1.820365246
207,0,1.8292959167
208,0,1.8382329355
209,0,1.8471763911
210,0,1.856126336
211,0,1.8650827903
212,0,1.8740457419
213,0,1.8830151425
214,0,1.8919909126
215,0,1.9009729409
216,0,1.9099610833
217,0,1.9189551694
218,0,1.9279549987
219,0,1.9369603481
220,0,1.9459709677
221,0,1.9549865887
222,0,1.9640069234
223,0,1.9730316694
224,0,1.9820605094
225,0,1.9910931196
226,0,2.0001291653
227,0,2.0091683105
228,0,2.0182102177
229,0,2.0272545497
230,0,2.0363009758
231,0,2.0453491734
232,0,2.054398828
233,0,2.0634496398
234,0,2.0725013239
235,0,2.0815536129
236,0,2.0906062581
237,0,2.0996590349
238,0,2.1087117392
239,0,2.1177641935
240,0,2.126816246
241,0,2.1358677715
242,0,2.1449186734
243,0,2.1539688844
244,0,2.1630183656
245,0,2.1720671062
246,0,2.181115125
247,0,2.1901624704
248,0,2.1992092177
249,0,2.2082554704
250,0,2.2173013575
251,0,2.2263470336
252,0,2.2353926774
253,0,2.2444384906
254,0,2.2534846935
255,0,2.2625315269
256,0,2.2715792487
257,0,2.2806281317
258,0,2.2896784597
259,0,2.2987305282
260,0,2.3077846411
261,0,2.3168411075
262,0,2.3259002406
263,0,2.3349623535
264,0,2.3440277581
265,0,2.3530967621
266,0,2.3621696667
267,0,2.3712467661
268,0,2.3803283427
269,0,2.389414664
270,0,2.3985059852
271,0,2.407602543
272,0,2.4167045551
273,0,2.4258122177
274,0,2.4349257056
275,0,2.4440451707
276,0,2.4531707366
277,0,2.462302504
278,0,2.4714405444
279,0,2.4805849032
280,0,2.4897355954
281,0,2.4988926089
282,0,2.5080559019
283,0,2.5172254046
284,0,2.5264010175
285,0,2.5355826142
286,0,2.5447700403
287,0,2.5539631156
288,0,2.5631616331
289,0,2.5723653629
290,0,2.5815740524
291,0,2.5907874261
292,0,2.6000051922
293,0,2.609227039
294,0,2.6184526398
295,0,2.6276816546
296,0,2.6369137312
297,0,2.6461485108
298,0,2.6553856263
299,0,2.6646247083
300,0,2.6738653831
301,0,2.6831072796
302,0,2.6923500296
303,0,2.7015932702
304,0,2.7108366478
305,0,2.7200798185
306,0,2.7293224503
307,0,2.7385642258
308,0,2.7478048454
309,0,2.7570440269
310,0,2.7662815081
311,0,2.7755170497
312,0,2.7847504355
313,0,2.7939814704
314,0,2.8032099892
315,0,2.8124358495
316,0,2.8216589355
317,0,2.8308791586
318,0,2.840096457
319,0,2.849310797
320,0,2.8585221694
321,0,2.8677305927
322,0,2.8769361089
323,0,2.8861387849
324,0,2.895338711
325,0,2.904536
326,0,2.9137307836
327,0,2.9229232137
328,0,2.9321134583
329,0,2.9413017016
330,0,2.9504881398
331,0,2.9596729812
332,0,2.9688564422
333,0,2.9780387473
334,0,2.987220125
335,0,2.9964008065
336,0,3.0055810215
337,0,3.014761
338,0,3.0239409677
339,0,3.0331211425
340,0,3.0423017352
341,0,3.0514829449
342,0,3.0606649597
343,0,3.069847953
344,0,3.079032082
345,0,3.0882174879
346,0,3.0974042917
347,0,3.1065925968
348,0,3.1157824825
349,0,3.1249740081
350,0,3.1341672083
351,0,3.1433620968
352,0,3.1525586599
353,0,3.1617568629
354,0,3.1709566452
355,0,3.180157922
356,0,3.1893605833
357,0,3.198564496
358,0,3.2077695054
359,0,3.2169754315
360,0,3.2261820739
361,0,3.2353892124
362,0,3.2445966048
363,0,3.2538039933
364,0,3.2630111035
365,0,3.2722176438
366,0,3.2814233105
367,0,3.2906277876
368,0,3.29983075
369,0,3.3090318656
370,0,3.3182307957
371,0,3.3274271989
372,0,3.3366207312
373,0,3.3458110497
374,0,3.3549978159
375,0,3.3641806949
376,0,3.3733593602
377,0,3.382533496
378,0,3.391702797
379,0,3.4008669718
380,0,3.4100257446
381,0,3.4191788589
382,0,3.4283260766
383,0,3.4374671815
384,0,3.4466019785
385,0,3.4557302997
386,0,3.4648520013
387,0,3.4739669651
388,0,3.4830751022
389,0,3.4921763495
390,0,3.5012706761
391,0,3.5103580766
392,0,3.5194385766
393,0,3.5285122298
394,0,3.5375791196
395,0,3.5466393562
396,0,3.5556930793
397,0,3.5647404543
398,0,3.5737816707
399,0,3.5828169449
400,0,3.5918465148
401,0,3.6008706384
402,0,3.6098895941
403,0,3.6189036788
404,0,3.627913203
405,0,3.6369184906
406,0,3.645919879
407,0,3.654917711
408,0,3.6639123374
409,0,3.6729041116
410,0,3.6818933898
411,0,3.6908805269
412,0,3.6998658737
413,0,3.7088497742
414,0,3.7178325659
415,0,3.7268145739
416,0,3.7357961102
417,0,3.7447774718
418,0,3.7537589382
419,0,3.7627407702
420,0,3.771723207
421,0,3.7807064651
422,0,3.7896907366
423,0,3.7986761882
424,0,3.8076629583
425,0,3.8166511586
426,0,3.825640871
427,0,3.8346321478
428,0,3.8436250121
429,0,3.852619457
430,0,3.8616154422
431,0,3.8706129005
432,0,3.8796117325
433,0,3.8886118091
434,0,3.8976129731
435,0,3.9066150376
436,0,3.915617789
437,0,3.9246209866
438,0,3.9336243642
439,0,3.9426276331
440,0,3.9516304798
441,0,3.9606325739
442,0,3.9696335618
443,0,3.9786330753
444,0,3.9876307312
445,0,3.9966261304
446,0,4.0056188656
447,0,4.0146085188
448,0,4.023594664
449,0,4.0325768737
450,0,4.0415547151
451,0,4.0505277567
452,0,4.0594955685
453,0,4.0684577258
454,0,4.0774138078
455,0,4.0863634059
456,0,4.095306121
457,0,4.1042415685
458,0,4.1131693763
459,0,4.1220891922
460,0,4.1310006828
461,0,4.1399035363
462,0,4.1487974637
463,0,4.1576822003
464,0,4.1665575081
465,0,4.1754231788
466,0,4.1842790336
467,0,4.193124922
468,0,4.2019607285
469,0,4.2107863696
470,0,4.2196017944
471,0,4.2284069892
472,0,4.2372019758
473,0,4.2459868091
474,0,4.254761582
475,0,4.2635264234
476,0,4.2722814987
477,0,4.2810270081
478,0,4.2897631868
479,0,4.2984903051
480,0,4.3072086667
481,0,4.3159186089
482,0,4.3246204987
483,0,4.3333147325
484,0,4.3420017352
485,0,4.3506819583
486,0,4.359355875
487,0,4.3680239825
488,0,4.3766867944
489,0,4.3853448414
490,0,4.393998668
491,0,4.4026488293
492,0,4.4112958844
493,0,4.4199404005
494,0,4.4285829422
495,0,4.4372240712
496,0,4.4458643441
497,0,4.4545043065
498,0,4.4631444892
499,0,4.4717854086
500,0,4.4804275578
501,0,4.4890714059
502,0,4.4977173952
503,0,4.5063659355
504,0,4.5150174059
505,0,4.5236721452
506,0,4.5323304543
507,0,4.5409925927
508,0,4.5496587755
509,0,4.5583291694
510,0,4.5670038938
511,0,4.5756830202
512,0,4.5843665685
513,0,4.5930545081
514,0,4.6017467554
515,0,4.6104431747
516,0,4.6191435793
517,0,4.6278477339
518,0,4.6365553495
519,0,4.6452660914
520,0,4.6539795766
521,0,4.662695379
522,0,4.6714130309
523,0,4.6801320228
524,0,4.6888518105
525,0,4.6975718185
526,0,4.7062914409
527,0,4.715010047
528,0,4.7237269866
529,0,4.7324415941
530,0,4.7411531935
531,0,4.7498611022
532,0,4.7585646358
533,0,4.7672631169
534,0,4.7759558777
535,0,4.7846422675
536,0,4.7933216559
537,0,4.8019934422
538,0,4.8106570578
539,0,4.8193119745
540,0,4.8279577097
541,0,4.836593832
542,0,4.8452199691
543,0,4.8538358132
544,0,4.8624411277
545,0,4.8710357554
546,0,4.8796196263
547,0,4.8881927675
548,0,4.8967553159
549,0,4.905307539
550,0,4.9138498535
551,0,4.922382871
552,0,4.930907457
553,0,4.9394248508
554,0,4.9479368925
555,0,4.9564465255
556,0,4.9649590927
557,0,4.9734866465
558,0,4.9820708185
559,0,4.9915213495
560,0,4.9997588884
561,0,5.0080958858
562,0,5.0164592957
563,0,5.0248339274
564,0,5.0332146532
565,0,5.0415995363
566,0,5.0499879731
567,0,5.0583800215
568,0,5.0667760995
569,0,5.0751768374
570,0,5.0835829906
571,0,5.0919953884
572,0,5.1004148992
573,0,5.1088424046
574,0,5.1172787849
575,0,5.1257248978
576,0,5.1341815712
577,0,5.1426495901
578,0,5.1511296882
579,0,5.1596225417
580,0,5.1681287621
581,0,5.1766488911
582,0,5.1851833938
583,0,5.1937326586
584,0,5.2022969906
585,0,5.2108766116
586,0,5.2194716599
587,0,5.2280821855
588,0,5.2367081546
589,0,5.2453494462
590,0,5.2540058602
591,0,5.2626771102
592,0,5.271362836
593,0,5.2800625995
594,0,5.2887758911
595,0,5.2975021371
596,0,5.3062406989
597,0,5.3149908831
598,0,5.3237519462
599,0,5.3325230968
600,0,5.3413035067
601,0,5.3500923145
602,0,5.3588886358
603,0,5.3676915632
604,0,5.3765001815
605,0,5.3853135672
606,0,5.3941308011
607,0,5.4029509704
608,0,5.4117731774
609,0,5.4205965484
610,0,5.4294202339
611,0,5.4382434207
612,0,5.447065332
613,0,5.4558852366
614,0,5.464702453
615,0,5.4735163508
616,0,5.4823263562
617,0,5.4911319583
618,0,5.499932707
619,0,5.5087282164
620,0,5.5175181694
621,0,5.5263023145
622,0,5.5350804691
623,0,5.5438525188
624,0,5.5526184153
625,0,5.5613781761
626,0,5.5701318831
627,0,5.5788796801
628,0,5.5876217675
629,0,5.5963584046
630,0,5.6050898978
631,0,5.6138166062
632,0,5.6225389274
633,0,5.6312573011
634,0,5.6399722003
635,0,5.648684125
636,0,5.6573936008
637,0,5.666101172
638,0,5.6748073965
639,0,5.6835128414
640,0,5.6922180766
641,0,5.7009236734
642,0,5.7096301962
643,0,5.7183382016
644,0,5.7270482339
645,0,5.7357608185
646,0,5.7444764637
647,0,5.7531956546
648,0,5.7619188508
649,0,5.7706464852
650,0,5.7793789624
651,0,5.7881166559
652,0,5.7968599099
653,0,5.8056090363
654,0,5.8143643159
655,0,5.8231259973
656,0,5.8318942984
657,0,5.8406694046
658,0,5.8494514745
659,0,5.8582406358
660,0,5.8670369892
661,0,5.8758406089
662,0,5.8846515457
663,0,5.8934698266
664,0,5.902295457
665,0,5.9111284234
666,0,5.9199686935
667,0,5.9288162204
668,0,5.9376709409
669,0,5.9465327796
670,0,5.9554016505
671,0,5.964277457
672,0,5.9731600941
673,0,5.9820494503
674,0,5.9909454073
675,0,5.9998478441
676,0,6.0087566344
677,0,6.0176716492
678,0,6.0265927594
679,0,6.0355198333
680,0,6.0444527392
681,0,6.0533913454
682,0,6.0623355202
683,0,6.0712851331
684,0,6.0802400551
685,0,6.0892001599
686,0,6.0981653212
687,0,6.1071354153
688,0,6.1161103199
689,0,6.1250899153
690,0,6.1340740847
691,0,6.1430627137
692,0,6.1520556882
693,0,6.1610528978
694,0,6.1700542339
695,0,6.1790595901
696,0,6.1880688642
697,0,6.1970819543
698,0,6.2060987621
699,0,6.2151191909
700,0,6.2241431478
701,0,6.2331705417
702,0,6.2422012849
703,0,6.2512352917
704,0,6.2602724785
705,0,6.2693127675
706,0,6.278356082
707,0,6.2874023481
708,0,6.296451496
709,0,6.3055034597
710,0,6.3145581747
711,0,6.3236155833
712,0,6.3326756304
713,0,6.3417382621
714,0,6.3508034315
715,0,6.3598710954
716,0,6.3689412124
717,0,6.3780137473
718,0,6.387088668
719,0,6.3961659462
720,0,6.4052455591
721,0,6.4143274852
722,0,6.4234117097
723,0,6.4324982204
724,0,6.4415870081
725,0,6.4506780685
726,0,6.4597713992
727,0,6.4688670027
728,0,6.4779648844
729,0,6.4870650511
730,0,6.4961675121
731,0,6.5052722809
732,0,6.5143793696
733,0,6.5234887944
734,0,6.5326005726
735,0,6.5417147204
736,0,6.5508312554
737,0,6.5599501935
738,0,6.5690715524
739,0,6.5781953468
740,0,6.5873215901
741,0,6.5964502944
742,0,6.6055814664
743,0,6.6147151129
744,6.507339,6.6238512366
745,6.500508,6.6242434113
746,6.493653,6.6246472339
747,6.486806,6.6250627258
748,6.480003,6.6254898589
749,6.473282,6.6259285524
750,6.466679,6.6263786667
751,6.460231,6.6268400067
752,6.453976,6.6273123239
753,6.447951,6.6277953105
754,6.442193,6.6282886035
755,6.436737,6.6287917823
756,6.431618,6.6293043723
757,6.42687,6.6298258468
758,6.422522,6.6303556263
759,6.418606,6.6308930874
760,6.415147,6.6314375565
761,6.41217,6.6319883226
762,6.409697,6.6325446358
763,6.407748,6.6331057137
764,6.406338,6.6336707433
765,6.40548,6.6342388871
766,6.405183,6.6348092917
767,6.405455,6.6353810874
768,6.406298,6.6359533938
769,6.407711,6.6365253306
770,6.409691,6.6370960188
771,6.412231,6.6376645874
772,6.415319,6.6382301761
773,6.418943,6.6387919476
774,6.423086,6.6393490833
775,6.427727,6.6399007944
776,6.432844,6.640446328
777,6.438411,6.6409849677
778,6.444399,6.641516039
779,6.450778,6.642038918
780,6.457514,6.6425530282
781,6.464571,6.6430578481
782,6.471911,6.6435529153
783,6.479496,6.6440378293
784,6.487281,6.64451225
785,6.495225,6.6449759073
786,6.503281,6.6454285968
787,6.511403,6.6458701882
788,6.519542,6.6463006196
789,6.527649,6.6467199059
790,6.535671,6.6471281331
791,6.543557,6.6475254691
792,6.551252,6.6479121546
793,6.558701,6.6482885094
794,6.565849,6.6486549328
795,6.572637,6.6490119005
796,6.579007,6.6493599704
797,6.584898,6.6496997782
798,6.590248,6.6500320417
799,6.594995,6.6503575605
800,6.599074,6.6506772151
801,6.602418,6.6509919677
802,6.604959,6.6513028669
803,6.606625,6.6516110457
804,6.607344,6.6519177258
805,6.607038,6.6522242177
806,6.605627,6.6525319274
807,6.603025,6.6528423562
808,6.599144,6.6531571102
809,6.593885,6.6534779032
810,6.587145,6.6538065685
811,6.578808,6.6541450659
812,6.56875,6.6544954973
813,6.556827,6.6548601169
814,6.542882,6.6552413602
815,6.526729,6.6556418602
816,6.508156,6.6560644866
817,6.486911,6.6565123817
818,6.462692,6.6569890134
819,6.435134,6.657498246
820,6.403784,6.6580444207
821,6.368074,6.6586324785
822,6.32728,6.6592681156
823,6.280457,6.6599579919
824,6.226351,6.6607100309
825,6.163255,6.6615338333
826,6.088781,6.6624412917
827,5.999484,6.6634475027
828,5.890197,6.6645721922
829,5.752797,6.6658420282
830,5.573718,6.6672945968
831,5.328394,6.6689857177
832,4.966889,6.6710042352
833,4.3672,6.6735061116
834,3.093206,6.676811297
835,3.093206,6.6818259328
836,3.093206,6.6868374825
837,20.979632,6.6918457782
838,10.991469,6.6728097621
839,9.276858,6.667195129
840,8.519647,6.6638813696
841,8.083238,6.6615815255
842,7.794732,6.6598642917
843,7.586932,6.6585307648
844,7.428131,6.6574723723
845,7.301393,6.656623172
846,7.196846,6.655939996
847,7.108354,6.6553929597
848,7.031912,6.6549604382
849,6.964799,6.6546262003
850,6.90511,6.6543776868
851,6.851474,6.6542049113
852,6.802887,6.6540997392
853,6.758598,6.6540553992
854,6.718036,6.6540661384
855,6.680764,6.6541269825
856,6.646441,6.6542335551
857,6.614798,6.6543819449
858,6.585622,6.6545686102
859,6.558742,6.6547903038
860,6.534018,6.6550440148
861,6.511333,6.6553269261
862,6.490591,6.6556363804
863,6.471708,6.6559698535
864,6.454609,6.6563249368
865,6.43923,6.6566993239
866,6.425509,6.6570907944
867,6.41339,6.657497211
868,6.402816,6.6579165108
869,6.393735,6.6583467043
870,6.386091,6.6587858669
871,6.37983,6.6592321478
872,6.374897,6.6596837621
873,6.371235,6.6601389933
874,6.368786,6.6605961949
875,6.367489,6.6610537903
876,6.367284,6.6615102796
877,6.368106,6.6619642325
878,6.369893,6.6624142997
879,6.372576,6.6628592043
880,6.376091,6.663297754
881,6.380369,6.663728832
882,6.385341,6.6641514059
883,6.39094,6.6645645255
884,6.397097,6.6649673226
885,6.403743,6.6653590108
886,6.410812,6.6657388884
887,6.418238,6.666106332
888,6.425954,6.6664607997
889,6.433899,6.6668018306
890,6.442009,6.6671290376
891,6.450227,6.6674421142
892,6.458496,6.6677408226
893,6.46676,6.6680249946
894,6.47497,6.6682945336
895,6.483077,6.6685494032
896,6.491036,6.6687896277
897,6.498807,6.6690152903
898,6.506352,6.6692265228
899,6.513636,6.6694235081
900,6.52063,6.6696064745
901,6.527307,6.6697756868
902,6.533645,6.6699314489
903,6.539626,6.6700740927
904,6.545235,6.6702039772
905,6.550461,6.6703214825
906,6.555297,6.6704270081
907,6.559741,6.6705209664
908,6.563793,6.6706037755
909,6.567457,6.6706758589
910,6.57074,6.6707376425
911,6.573653,6.6707895457
912,6.57621,6.6708319839
913,6.578427,6.6708653589
914,6.580323,6.6708900591
915,6.58192,6.6709064597
916,6.583242,6.6709149113
917,6.584315,6.6709157473
918,6.585166,6.6709092728
919,6.585823,6.6708957715
920,6.586316,6.6708755
921,6.586677,6.6708486868
922,6.586936,6.6708155309
923,6.587125,6.6707762056
924,6.587274,6.6707308548
925,6.587415,6.6706795954
926,6.587579,6.6706225175
927,6.587794,6.6705596841
928,6.588088,6.6704911371
929,6.588489,6.6704168938
930,6.589021,6.6703369516
931,6.589708,6.670251289
932,6.59057,6.6701598696
933,6.591625,6.6700626425
934,6.592891,6.6699595497
935,6.59438,6.6698505215
936,6.596104,6.6697354839
937,6.598071,6.6696143602
938,6.600286,6.6694870753
939,6.602751,6.6693535551
940,6.605466,6.6692137325
941,6.608428,6.669067547
942,6.61163,6.6689149489
943,6.615066,6.6687559005
944,6.618722,6.6685903737
945,6.622587,6.6684183602
946,6.626644,6.6682398629
947,6.630876,6.6680549032
948,6.635263,6.6678635202
949,6.639785,6.6676657688
950,6.644419,6.6674617191
951,6.649142,6.6672514597
952,6.653931,6.6670350941
953,6.658759,6.6668127366
954,6.663602,6.6665845202
955,6.668436,6.6663505847
956,6.673234,6.6661110793
957,6.677973,6.665866164
958,6.682629,6.6656160027
959,6.687178,6.6653607594
960,6.6916,6.6651006035
961,6.695873,6.6648357003
962,6.69998,6.664566211
963,6.703901,6.6642922917
964,6.707622,6.6640140901
965,6.711129,6.6637317446
966,6.714411,6.663445379
967,6.717457,6.6631551048
968,6.720262,6.6628610202
969,6.722818,6.6625632003
970,6.725124,6.6622617083
971,6.727179,6.661956586
972,6.728983,6.6616478548
973,6.730541,6.6613355188
974,6.731859,6.6610195605
975,6.732943,6.6606999409
976,6.733804,6.6603766035
977,6.734453,6.6600494731
978,6.734903,6.6597184556
979,6.735168,6.6593834395
980,6.735266,6.659044297
981,6.735212,6.6587008858
982,6.735026,6.6583530524
983,6.734727,6.658000629
984,6.734335,6.6576434382
985,6.733871,6.6572812944
986,6.733357,6.6569140054
987,6.732814,6.6565413723
988,6.732263,6.6561631922
989,6.731726,6.6557792634
990,6.731225,6.6553893804
991,6.73078,6.6549933374
992,6.730412,6.6545909301
993,6.73014,6.654181957
994,6.729983,6.6537662164
995,6.729959,6.6533435121
996,6.730085,6.6529136465
997,6.730375,6.6524764247
998,6.730844,6.6520316532
999,6.731505,6.6515791371
1000,6.732369,6.6511186761
1001,6.733444,6.6506500632
1002,6.734739,6.650173086
1003,6.73626,6.6496875148
1004,6.738011,6.6491931008
1005,6.739995,6.6486895659
1006,6.742212,6.6481765995
1007,6.744661,6.6476538414
1008,6.747339,6.6471208723
1009,6.750241,6.6465771909
1010,6.753362,6.6460221935
1011,6.756693,6.6454551398
1012,6.760223,6.6448751075
1013,6.763943,6.6442809382
1014,6.767839,6.6436711411
1015,6.771897,6.6430437715
1016,6.776101,6.6423962339
1017,6.780435,6.6417249812
1018,6.784882,6.641024996
1019,6.789421,6.6402889005
1020,6.794035,6.6395052567
1021,6.798702,6.6386549906
1022,6.803403,6.6377028185
1023,6.808115,6.6365718831
1024,6.812818,6.6350366237
1025,6.81749,6.6316060148
1026,6.82211,6.634967793
1027,6.826656,6.6355784368
1028,6.831108,6.6357220806
1029,6.835445,6.6356707728
1030,6.839648,6.6355119973
1031,6.843697,6.6352849503
1032,6.847575,6.635010629
1033,6.851265,6.6347016344
1034,6.85475,6.6343661613
1035,6.858018,6.6340098683
1036,6.861054,6.6336368481
1037,6.863847,6.6332501815
1038,6.866387,6.6328522554
1039,6.868665,6.6324449758
1040,6.870676,6.6320298952
1041,6.872414,6.6316083038
1042,6.873877,6.6311812917
1043,6.875062,6.6307497944
1044,6.875971,6.6303146223
1045,6.876606,6.6298764852
1046,6.876971,6.6294360067
1047,6.877073,6.6289937419
1048,6.876919,6.6285501828
1049,6.876518,6.6281057661
1050,6.875881,6.6276608817
1051,6.875021,6.627215875
1052,6.873951,6.6267710484
1053,6.872686,6.6263266694
1054,6.871243,6.6258829677
1055,6.869639,6.6254401384
1056,6.86789,6.6249983441
1057,6.866018,6.6245577177
1058,6.86404,6.6241183602
1059,6.861976,6.6236803454
1060,6.859846,6.6232437177
1061,6.85767,6.6228084987
1062,6.855469,6.6223746828
1063,6.853261,6.6219422406
1064,6.851067,6.621511125
1065,6.848904,6.6210812648
1066,6.846791,6.6206525739
1067,6.844745,6.6202249489
1068,6.842783,6.6197982755
1069,6.840919,6.6193724234
1070,6.839168,6.6189472581
1071,6.837542,6.6185226358
1072,6.836053,6.6180984086
1073,6.83471,6.6176744288
1074,6.833522,6.6172505484
1075,6.832495,6.6168266237
1076,6.831635,6.6164025175
1077,6.830945,6.6159781008
1078,6.830427,6.6155532554
1079,6.83008,6.6151278777
1080,6.829904,6.614701879
1081,6.829896,6.6142751895
1082,6.83005,6.6138477554
1083,6.830361,6.6134195497
1084,6.83082,6.6129905645
1085,6.831419,6.6125608172
1086,6.832147,6.6121303522
1087,6.832992,6.6116992379
1088,6.833942,6.6112675712
1089,6.834982,6.6108354745
1090,6.836099,6.6104030995
1091,6.837275,6.6099706223
1092,6.838495,6.60953825
1093,6.839741,6.6091062124
1094,6.840997,6.6086747661
1095,6.842243,6.6082441909
1096,6.843463,6.6078147903
1097,6.844638,6.6073868884
1098,6.84575,6.606960828
1099,6.84678,6.6065369704
1100,6.847711,6.6061156935
1101,6.848527,6.6056973858
1102,6.849209,6.6052824462
1103,6.849742,6.6048712836
1104,6.850111,6.6044643132
1105,6.8503,6.6040619503
1106,6.850297,6.6036646156
1107,6.85009,6.6032727218
1108,6.849666,6.6028866801
1109,6.849016,6.6025068938
1110,6.848131,6.6021337567
1111,6.847004,6.6017676505
1112,6.84563,6.6014089409
1113,6.844004,6.6010579758
1114,6.842124,6.6007150847
1115,6.839988,6.6003805766
1116,6.837597,6.6000547366
1117,6.834954,6.5997378266
1118,6.832062,6.5994300806
1119,6.828927,6.599131707
1120,6.825557,6.5988428844
1121,6.82196,6.5985637621
1122,6.818146,6.5982944597
1123,6.814127,6.5980350659
1124,6.809917,6.5977856411
1125,6.80553,6.5975462124
1126,6.800982,6.5973167782
1127,6.796289,6.5970973051
1128,6.791471,6.5968877339
1129,6.786546,6.5966879731
1130,6.781533,6.5964979059
1131,6.776454,6.5963173884
1132,6.771328,6.59614625
1133,6.766179,6.5959843011
1134,6.761026,6.5958313253
1135,6.755892,6.5956870901
1136,6.750798,6.5955513427
1137,6.745766,6.5954238145
1138,6.740816,6.5953042218
1139,6.73597,6.5951922715
1140,6.731247,6.5950876573
1141,6.726665,6.5949900659
1142,6.722244,6.5948991815
1143,6.718,6.5948146815
1144,6.713948,6.5947362419
1145,6.710103,6.594663543
1146,6.706479,6.5945962675
1147,6.703086,6.5945341008
1148,6.699934,6.5944767379
1149,6.697033,6.5944238817
1150,6.694387,6.594375246
1151,6.692002,6.5943305605
1152,6.68988,6.5942895645
1153,6.688023,6.5942520175
1154,6.68643,6.5942176922
1155,6.685098,6.5941863831
1156,6.684022,6.5941579019
1157,6.683197,6.5941320833
1158,6.682614,6.5941087809
1159,6.682263,6.594087871
1160,6.682133,6.5940692554
1161,6.682211,6.5940528562
1162,6.682483,6.594038621
1163,6.682933,6.5940265188
1164,6.683544,6.5940165457
1165,6.684298,6.5940087177
1166,6.685176,6.594003078
1167,6.686157,6.5939996895
1168,6.687221,6.5939986425
1169,6.688346,6.594000047
1170,6.68951,6.5940040363
1171,6.690691,6.5940107634
1172,6.691867,6.5940204046
1173,6.693013,6.5940331519
1174,6.694109,6.5940492204
1175,6.695131,6.5940688414
1176,6.696057,6.5940922634
1177,6.696866,6.5941197513
1178,6.697536,6.5941515833
1179,6.698047,6.5941880524
1180,6.698379,6.5942294637
1181,6.698513,6.5942761331
1182,6.698432,6.5943283884
1183,6.698118,6.5943865645
1184,6.697558,6.594451004
1185,6.696735,6.5945220524
1186,6.695638,6.5946000645
1187,6.694256,6.5946853952
1188,6.692577,6.5947784005
1189,6.690595,6.5948794382
1190,6.688302,6.5949888616
1191,6.685692,6.5951070242
1192,6.682764,6.5952342742
1193,6.679514,6.5953709516
1194,6.675943,6.5955173898
1195,6.672052,6.5956739126
1196,6.667845,6.5958408347
1197,6.663325,6.5960184543
1198,6.658501,6.5962070618
1199,6.65338,6.5964069261
1200,6.647973,6.5966183011
1201,6.642289,6.5968414207
1202,6.636343,6.5970765027
1203,6.630149,6.5973237392
1204,6.623723,6.5975833011
1205,6.617082,6.5978553333
1206,6.610244,6.598139957
1207,6.603229,6.5984372661
1208,6.596059,6.5987473253
1209,6.588756,6.5990701694
1210,6.581341,6.5994058024
1211,6.57384,6.5997542003
1212,6.566277,6.6001153038
1213,6.558676,6.6004890215
1214,6.551065,6.6008752312
1215,6.54347,6.6012737728
1216,6.535916,6.6016844556
1217,6.528431,6.6021070538
1218,6.521042,6.6025413065
1219,6.513776,6.6029869194
1220,6.506659,6.6034435659
1221,6.499717,6.6039108858
1222,6.492976,6.6043884892
1223,6.486461,6.604875953
1224,6.480197,6.6053728253
1225,6.474206,6.605878625
1226,6.46851,6.6063928468
1227,6.46313,6.6069149597
1228,6.458086,6.6074444126
1229,6.453394,6.6079806317
1230,6.449072,6.6085230282
1231,6.445132,6.609070996
1232,6.441587,6.6096239194
1233,6.438447,6.6101811734
1234,6.43572,6.6107421277
1235,6.433409,6.6113061465
1236,6.43152,6.6118726022
1237,6.430051,6.6124408642
1238,6.429,6.6130103145
1239,6.428363,6.6135803454
1240,6.428132,6.6141503656
1241,6.428296,6.6147197997
1242,6.428844,6.6152880995
1243,6.429759,6.6158547379
1244,6.431023,6.6164192191
1245,6.432616,6.6169810793
1246,6.434514,6.6175398911
1247,6.436694,6.6180952634
1248,6.439126,6.6186468468
1249,6.441782,6.6191943347
1250,6.444631,6.6197374664
1251,6.44764,6.6202760269
1252,6.450773,6.6208098508
1253,6.453995,6.6213388226
1254,6.45727,6.6218628804
1255,6.46056,6.6223820094
1256,6.463827,6.6228962487
1257,6.467032,6.6234056882
1258,6.470136,6.6239104718
1259,6.473101,6.6244107917
1260,6.475891,6.6249068911
1261,6.478466,6.6253990591
1262,6.480792,6.6258876331
1263,6.482833,6.6263729933
1264,6.484557,6.6268555632
1265,6.485933,6.6273358024
1266,6.48693,6.627814207
1267,6.487522,6.6282913078
1268,6.487686,6.628767664
1269,6.487399,6.6292438589
1270,6.486643,6.629720496
1271,6.485403,6.6301981962
1272,6.483668,6.6306775941
1273,6.48143,6.6311593293
1274,6.478684,6.6316440444
1275,6.475429,6.632132379
1276,6.47167,6.6326249691
1277,6.467414,6.6331224328
1278,6.462674,6.633625375
1279,6.457465,6.6341343737
1280,6.451809,6.6346499798
1281,6.44573,6.635172711
1282,6.439258,6.6357030457
1283,6.432427,6.636241418
1284,6.425275,6.6367882097
1285,6.417846,6.6373437513
1286,6.410188,6.6379083091
1287,6.402354,6.6384820833
1288,6.394403,6.6390652003
1289,6.3864,6.6396577083
1290,6.378417,6.6402595685
1291,6.370536,6.6408706452
1292,6.362854,6.6414906922
1293,6.355482,6.6421193387
1294,6.348565,6.6427560645
1295,6.342292,6.6434001613
1296,6.336941,6.6440506667
1297,6.332959,6.644706254
1298,6.331167,6.6453649973
1299,6.33335,6.6460238737
1300,6.3445,6.6466774691
1301,6.386624,6.6473136653
1302,7.031195,6.6478907702
1303,6.128729,6.6475989919
1304,6.202726,6.6485176344
1305,6.222377,6.649334211
1306,6.230726,6.6501217366
1307,6.23526,6.650895379
1308,6.238353,6.6516602487
1309,6.240997,6.6524182742
1310,6.243684,6.6531700565
1311,6.246682,6.6539155403
1312,6.250149,6.6546543172
1313,6.254178,6.6553857715
1314,6.258824,6.6561091667
1315,6.264116,6.6568236989
1316,6.270064,6.6575285269
1317,6.276667,6.6582227984
1318,6.283908,6.6589056667
1319,6.291765,6.6595763078
1320,6.300206,6.6602339301
1321,6.309193,6.6608777823
1322,6.318683,6.661507164
1323,6.328628,6.6621214328
1324,6.338976,6.6627200054
1325,6.34967,6.6633023683
1326,6.360653,6.663868078
1327,6.371863,6.6644167648
1328,6.383238,6.6649481358
1329,6.394716,6.6654619758
1330,6.406231,6.6659581478
1331,6.417721,6.6664365941
1332,6.429121,6.6668973333
1333,6.440372,6.6673404651
1334,6.45141,6.6677661586
1335,6.46218,6.6681746626
1336,6.472624,6.668566289
1337,6.482689,6.6689414207
1338,6.492327,6.6693005013
1339,6.50149,6.6696440336
1340,6.510137,6.6699725753
1341,6.518231,6.6702867298
1342,6.525736,6.6705871452
1343,6.532625,6.6708745094
1344,6.538873,6.6711495417
1345,6.544463,6.6714129879
1346,6.549378,6.6716656116
1347,6.553612,6.6719081949
1348,6.557159,6.6721415242
1349,6.560022,6.6723663925
1350,6.562206,6.6725835847
1351,6.563722,6.6727938804
1352,6.564588,6.6729980417
1353,6.564822,6.6731968091
1354,6.564451,6.6733909019
1355,6.563502,6.6735810027
1356,6.562009,6.6737677648
1357,6.560009,6.673951797
1358,6.55754,6.674133668
1359,6.554644,6.6743138978
1360,6.551368,6.6744929597
1361,6.547757,6.6746712702
1362,6.543859,6.6748491949
1363,6.539725,6.6750270444
1364,6.535404,6.6752050699
1365,6.530947,6.6753834664
1366,6.526405,6.675562371
1367,6.521827,6.6757418642
1368,6.517262,6.6759219718
1369,6.512758,6.6761026653
1370,6.508361,6.6762838616
1371,6.504113,6.6764654274
1372,6.500058,6.6766471841
1373,6.496231,6.6768289073
1374,6.492671,6.6770103347
1375,6.489407,6.6771911613
1376,6.48647,6.6773710538
1377,6.483885,6.6775496478
1378,6.481672,6.6777265538
1379,6.47985,6.6779013642
1380,6.478433,6.6780736519
1381,6.477431,6.6782429812
1382,6.476851,6.6784089073
1383,6.476695,6.6785709825
1384,6.476964,6.6787287621
1385,6.477653,6.6788818024
1386,6.478756,6.679029672
1387,6.480264,6.6791719503
1388,6.482163,6.6793082285
1389,6.48444,6.679438121
1390,6.487078,6.6795612567
1391,6.490058,6.679677289
1392,6.49336,6.6797858965
1393,6.496963,6.6798867823
1394,6.500844,6.6799796747
1395,6.504981,6.6800643306
1396,6.50935,6.6801405323
1397,6.513928,6.6802080914
1398,6.518691,6.6802668454
1399,6.523616,6.6803166586
1400,6.528679,6.6803574207
1401,6.53386,6.6803890484
1402,6.539136,6.6804114772
1403,6.544487,6.6804246694
1404,6.549893,6.6804286048
1405,6.555337,6.6804232849
1406,6.560801,6.6804087245
1407,6.566269,6.680384957
1408,6.571727,6.6803520282
1409,6.577161,6.6803099946
1410,6.58256,6.6802589261
1411,6.587912,6.6801988952
1412,6.593208,6.6801299866
1413,6.59844,6.6800522863
1414,6.6036,6.6799658831
1415,6.608682,6.679870871
1416,6.613681,6.6797673427
1417,6.618592,6.6796553911
1418,6.623413,6.6795351075
1419,6.62814,6.6794065793
1420,6.632771,6.6792698925
1421,6.637306,6.6791251304
1422,6.641743,6.6789723683
1423,6.646082,6.6788116828
1424,6.650323,6.6786431411
1425,6.654466,6.6784668091
1426,6.658512,6.6782827487
1427,6.662462,6.6780910148
1428,6.666318,6.6778916626
1429,6.67008,6.6776847406
1430,6.67375,6.6774702957
1431,6.677329,6.677248375
1432,6.680819,6.6770190228
1433,6.684222,6.6767822823
1434,6.68754,6.6765381989
1435,6.690773,6.6762868185
1436,6.693924,6.6760281895
1437,6.696994,6.6757623642
1438,6.699985,6.6754893992
1439,6.7029,6.6752093575
1440,6.705739,6.6749223051
1441,6.708505,6.6746283172
1442,6.711199,6.6743274785
1443,6.713824,6.6740198831
1444,6.716381,6.6737056317
1445,6.718873,6.6733848414
1446,6.721301,6.6730576358
1447,6.723667,6.6727241559
1448,6.725975,6.6723845551
1449,6.728226,6.6720389987
1450,6.730422,6.6716876694
1451,6.732566,6.6713307675
1452,6.734661,6.6709685067
1453,6.736708,6.670601121
1454,6.738712,6.6702288602
1455,6.740675,6.6698519933
1456,6.742598,6.6694708091
1457,6.744486,6.6690856183
1458,6.746342,6.66869675
1459,6.748167,6.6683045578
1460,6.749966,6.667909418
1461,6.751741,6.6675117312
1462,6.753495,6.6671119247
1463,6.755232,6.666710453
1464,6.756953,6.6663078024
1465,6.758663,6.6659044919
1466,6.760364,6.6655010753
1467,6.762058,6.6650981492
1468,6.763749,6.6646963562
1469,6.765438,6.6642963884
1470,6.767129,6.6638990013
1471,6.768824,6.6635050202
1472,6.770524,6.6631153535
1473,6.772231,6.6627310134
1474,6.773948,6.6623531344
1475,6.775674,6.661983004
1476,6.777412,6.6616221075
1477,6.779163,6.661272172
1478,6.780926,6.66093525
1479,6.782702,6.6606138239
1480,6.78449,6.6603109597
1481,6.786291,6.6600305417
1482,6.788103,6.659777629
1483,6.789925,6.659559039
1484,6.791756,6.6593843454
1485,6.793592,6.6592676841
1486,6.795433,6.6592313522
1487,6.797276,6.6593137823
1488,6.799117,6.6595904946
1489,6.800952,6.6602454462
1490,6.802779,6.6619769987
1491,6.804593,6.6637060954
1492,6.806391,6.6604180403
1493,6.808167,6.6586397997
1494,6.809916,6.6573135511
1495,6.811635,6.6562081317
1496,6.813318,6.655235
1497,6.814961,6.6543509167
1498,6.816558,6.6535315645
1499,6.818104,6.6527619368
1500,6.819595,6.6520321371
1501,6.821026,6.6513353065
1502,6.822393,6.6506665027
1503,6.823691,6.6500220484
1504,6.824917,6.6493991371
1505,6.826067,6.6487955766
1506,6.827139,6.6482096196
1507,6.82813,6.6476398468
1508,6.829037,6.647085086
1509,6.829861,6.6465443535
1510,6.830599,6.6460168078
1511,6.831251,6.6455017191
1512,6.831819,6.6449984449
1513,6.832303,6.6445064032
1514,6.832706,6.6440250659
1515,6.833029,6.6435539395
1516,6.833277,6.6430925605
1517,6.833452,6.6426404825
1518,6.833559,6.6421972742
1519,6.833604,6.6417625108
1520,6.833592,6.6413357688
1521,6.833528,6.6409166237
1522,6.833421,6.6405046492
1523,6.833276,6.6400994086
1524,6.8331,6.6397004597
1525,6.832901,6.6393073508
1526,6.832687,6.6389196183
1527,6.832465,6.6385367876
1528,6.832242,6.6381583737
1529,6.832026,6.6377838817
1530,6.831825,6.6374128051
1531,6.831644,6.6370446277
1532,6.831491,6.6366788293
1533,6.83137,6.6363148804
1534,6.831289,6.6359522513
1535,6.831251,6.6355904059
1536,6.83126,6.6352288132
1537,6.83132,6.6348669449
1538,6.831433,6.6345042782
1539,6.831601,6.6341403024
1540,6.831824,6.6337745175
1541,6.832102,6.6334064422
1542,6.832434,6.6330356142
1543,6.832818,6.6326615968
1544,6.83325,6.6322839758
1545,6.833727,6.6319023723
1546,6.834244,6.6315164395
1547,6.834795,6.6311258656
1548,6.835374,6.6307303817
1549,6.835974,6.6303297594
1550,6.836586,6.6299238159
1551,6.837202,6.6295124167
1552,6.837814,6.6290954785
1553,6.838412,6.6286729651
1554,6.838987,6.6282448938
1555,6.839529,6.627811336
1556,6.840027,6.627372414
1557,6.840472,6.6269283065
1558,6.840854,6.6264792419
1559,6.841163,6.6260255013
1560,6.84139,6.6255674167
1561,6.841525,6.6251053656
1562,6.841561,6.6246397742
1563,6.841488,6.6241711075
1564,6.841299,6.623699875
1565,6.840988,6.6232266223
1566,6.840548,6.6227519234
1567,6.839974,6.6222763844
1568,6.83926,6.6218006344
1569,6.838404,6.6213253239
1570,6.837402,6.6208511156
1571,6.836253,6.6203786855
1572,6.834955,6.6199087124
1573,6.833508,6.6194418777
1574,6.831912,6.6189788589
1575,6.830171,6.6185203253
1576,6.828285,6.6180669301
1577,6.826258,6.6176193132
1578,6.824095,6.6171780901
1579,6.821799,6.6167438522
1580,6.819378,6.616317164
1581,6.816836,6.6158985551
1582,6.814182,6.6154885242
1583,6.811421,6.6150875282
1584,6.808563,6.6146959906
1585,6.805616,6.6143142903
1586,6.802588,6.6139427661
1587,6.799488,6.6135817137
1588,6.796326,6.6132313871
1589,6.79311,6.612891996
1590,6.789851,6.6125637083
1591,6.786558,6.6122466505
1592,6.783239,6.6119409059
1593,6.779905,6.6116465228
1594,6.776565,6.6113635067
1595,6.773226,6.6110918306
1596,6.769898,6.6108314341
1597,6.766588,6.6105822245
1598,6.763304,6.6103440806
1599,6.760054,6.6101168562
1600,6.756843,6.609900379
1601,6.753677,6.6096944597
1602,6.750562,6.6094988925
1603,6.747503,6.6093134543
1604,6.744504,6.6091379099
1605,6.741567,6.6089720175
1606,6.738695,6.6088155296
1607,6.73589,6.6086681962
1608,6.733153,6.6085297661
1609,6.730484,6.6083999906
1610,6.727883,6.608278625
1611,6.725349,6.6081654315
1612,6.72288,6.6080601801
1613,6.720472,6.6079626519
1614,6.718124,6.6078726438
1615,6.715831,6.607789961
1616,6.713589,6.6077144247
1617,6.711393,6.6076458737
1618,6.709237,6.6075841626
1619,6.707117,6.6075291653
1620,6.705025,6.6074807688
1621,6.702956,6.6074388817
1622,6.700902,6.6074034288
1623,6.698857,6.6073743535
1624,6.696813,6.6073516156
1625,6.694764,6.6073351935
1626,6.692702,6.607325082
1627,6.690621,6.6073212903
1628,6.688513,6.6073238441
1629,6.686372,6.6073327809
1630,6.68419,6.6073481519
1631,6.681962,6.6073700228
1632,6.679681,6.6073984677
1633,6.677341,6.6074335712
1634,6.674938,6.6074754261
1635,6.672466,6.6075241331
1636,6.66992,6.6075797984
1637,6.667297,6.6076425336
1638,6.664593,6.6077124556
1639,6.661804,6.6077896815
1640,6.658929,6.607874332
1641,6.655964,6.6079665282
1642,6.652909,6.6080663911
1643,6.649763,6.608174039
1644,6.646524,6.6082895901
1645,6.643194,6.6084131586
1646,6.639772,6.6085448548
1647,6.63626,6.6086847849
1648,6.632659,6.6088330484
1649,6.628972,6.6089897419
1650,6.625202,6.6091549543
1651,6.621351,6.6093287648
1652,6.617423,6.6095112473
1653,6.613424,6.6097024691
1654,6.609356,6.6099024839
1655,6.605227,6.6101113401
1656,6.601041,6.6103290753
1657,6.596804,6.6105557164
1658,6.592525,6.6107912809
1659,6.588208,6.6110357715
1660,6.583864,6.6112891828
1661,6.579498,6.6115514946
1662,6.575121,6.6118226761
1663,6.570741,6.6121026815
1664,6.566367,6.6123914503
1665,6.562009,6.6126889113
1666,6.557678,6.6129949758
1667,6.553384,6.613309539
1668,6.549137,6.6136324812
1669,6.544949,6.613963668
1670,6.540831,6.6143029476
1671,6.536795,6.6146501519
1672,6.532851,6.6150050941
1673,6.529012,6.6153675726
1674,6.525288,6.6157373683
1675,6.521692,6.6161142446
1676,6.518233,6.6164979489
1677,6.514924,6.6168882137
1678,6.511774,6.6172847513
1679,6.508792,6.6176872634
1680,6.505988,6.6180954368
1681,6.503371,6.6185089449
1682,6.500947,6.6189274476
1683,6.498723,6.6193505981
1684,6.496704,6.6197780376
1685,6.494895,6.6202094005
1686,6.493298,6.6206443172
1687,6.491914,6.6210824153
1688,6.490744,6.6215233212
1689,6.489785,6.6219666626
1690,6.489034,6.6224120739
1691,6.488487,6.6228591935
1692,6.488136,6.6233076694
1693,6.487972,6.6237571626
1694,6.487986,6.6242073508
1695,6.488166,6.6246579288
1696,6.488497,6.6251086102
1697,6.488966,6.6255591358
1698,6.489554,6.6260092675
1699,6.490244,6.6264588011
1700,6.491017,6.6269075578
1701,6.491853,6.6273553938
1702,6.492728,6.6278021976
1703,6.493622,6.6282478965
1704,6.494512,6.628692453
1705,6.495373,6.6291358669
1706,6.496184,6.6295781801
1707,6.496919,6.6300194677
1708,6.497557,6.6304598495
1709,6.498073,6.6308994772
1710,6.498447,6.6313385457
1711,6.498658,6.6317772823
1712,6.498684,6.6322159476
1713,6.498508,6.6326548387
1714,6.498113,6.6330942782
1715,6.497483,6.6335346169
1716,6.496605,6.6339762312
1717,6.495468,6.6344195175
1718,6.494062,6.6348648884
1719,6.49238,6.6353127715
1720,6.490419,6.6357636048
1721,6.488176,6.636217828
1722,6.485651,6.6366758844
1723,6.482846,6.6371382151
1724,6.479768,6.6376052554
1725,6.476424,6.6380774261
1726,6.472823,6.6385551331
1727,6.468977,6.6390387648
1728,6.4649,6.6395286855
1729,6.460608,6.6400252352
1730,6.456118,6.6405287218
1731,6.451448,6.641039422
1732,6.44662,6.641557578
1733,6.441653,6.6420833938
1734,6.436569,6.6426170349
1735,6.431389,6.643158629
1736,6.426136,6.6437082621
1737,6.420829,6.6442659798
1738,6.415491,6.644831789
1739,6.410139,6.6454056546
1740,6.404792,6.6459875081
1741,6.399465,6.6465772446
1742,6.394172,6.6471747285
1743,6.388922,6.6477797944
1744,6.383721,6.6483922567
1745,6.378573,6.6490119113
1746,6.373474,6.6496385417
1747,6.368416,6.6502719288
1748,6.363381,6.6509118575
1749,6.358348,6.6515581317
1750,6.35328,6.6522105793
1751,6.348132,6.6528690726
1752,6.34284,6.653533543
1753,6.337323,6.6542040054
1754,6.331474,6.6548805833
1755,6.325149,6.6555635444
1756,6.318161,6.6562533522
1757,6.310254,6.6569507218
1758,6.301076,6.6576567177
1759,6.290129,6.6583728817
1760,6.276689,6.6591014288
1761,6.259646,6.6598455551
1762,6.237227,6.6606099543
1763,6.20639,6.6614017097
1764,6.161437,6.6622320027
1765,6.090286,6.6631196828
1766,5.961987,6.6640998454
1767,5.665882,6.6652491976
1768,4.260445,6.6667931868
1769,9.318653,6.6702227648
1770,7.276429,6.6668501586
1771,6.933527,6.6662188938
1772,6.792935,6.6660448763
1773,6.717316,6.6660561384
1774,6.670725,6.6661653105
1775,6.639602,6.6663333468
1776,6.617683,6.6665394355
1777,6.601673,6.6667711935
1778,6.589668,6.667020672
1779,6.580491,6.6672824879
1780,6.573374,6.6675528481
1781,6.56779,6.6678289946
1782,6.563371,6.6681088858
1783,6.559845,6.6683909758
1784,6.557012,6.6686740887
1785,6.554717,6.6689573199
1786,6.552843,6.6692399758
1787,6.551294,6.6695215188
1788,6.549997,6.6698015444
1789,6.54889,6.6700797419
1790,6.547926,6.6703558871
1791,6.547065,6.6706298159
1792,6.546273,6.6709014167
1793,6.545524,6.671170621
1794,6.544796,6.6714373938
1795,6.54407,6.6717017272
1796,6.543333,6.6719636331
1797,6.542572,6.6722231411
1798,6.541778,6.6724802944
1799,6.540944,6.6727351438
1800,6.540064,6.6729877487
1801,6.539136,6.673238172
1802,6.538157,6.6734864772
1803,6.537125,6.6737327298
1804,6.536043,6.673976996
1805,6.534911,6.6742193333
1806,6.533732,6.6744598011
1807,6.532511,6.674698453
1808,6.531251,6.6749353333
1809,6.529958,6.6751704839
1810,6.528638,6.6754039368
1811,6.5273,6.6756357164
1812,6.525949,6.6758658374
1813,6.524596,6.6760943078
1814,6.523249,6.676321121
1815,6.521917,6.6765462621
1816,6.520612,6.676769707
1817,6.519343,6.676991414
1818,6.518122,6.6772113333
1819,6.51696,6.6774294019
1820,6.515869,6.6776455417
1821,6.51486,6.6778596599
1822,6.513946,6.6780716519
1823,6.513137,6.6782813965
1824,6.512447,6.6784887608
1825,6.511885,6.6786935914
1826,6.511465,6.6788957245
1827,6.511196,6.6790949772
1828,6.511088,6.6792911546
1829,6.511153,6.6794840457
1830,6.511398,6.6796734207
1831,6.511832,6.6798590403
1832,6.512462,6.6800406505
1833,6.513295,6.6802179812
1834,6.514336,6.6803907527
1835,6.51559,6.680558672
1836,6.517059,6.6807214355
1837,6.518745,6.6808787298
1838,6.520649,6.6810302366
1839,6.522769,6.681175629
1840,6.525104,6.6813145766
1841,6.527649,6.6814467446
1842,6.5304,6.6815717984
1843,6.53335,6.6816894059
1844,6.53649,6.6817992366
1845,6.539812,6.6819009677
1846,6.543304,6.6819942836
1847,6.546956,6.6820788804
1848,6.550753,6.6821544651
1849,6.554683,6.6822207621
1850,6.558728,6.6822775108
1851,6.562875,6.6823244772
1852,6.567105,6.6823614422
1853,6.571402,6.6823882177
1854,6.575748,6.6824046398
1855,6.580124,6.6824105726
1856,6.584512,6.682405914
1857,6.588893,6.6823905927
1858,6.59325,6.6823645726
1859,6.597563,6.6823278495
1860,6.601816,6.6822804583
1861,6.605991,6.6822224691
1862,6.610072,6.6821539892
1863,6.614043,6.6820751613
1864,6.61789,6.6819861653
1865,6.621599,6.6818872164
1866,6.625157,6.6817785659
1867,6.628555,6.6816604987
1868,6.631782,6.6815333266
1869,6.634831,6.6813973952
1870,6.637694,6.6812530739
1871,6.640368,6.6811007581
1872,6.642849,6.6809408629
1873,6.645136,6.6807738212
1874,6.647228,6.6806000793
1875,6.649127,6.6804200941
1876,6.650838,6.6802343293
1877,6.652365,6.6800432473
1878,6.653715,6.6798473105
1879,6.654896,6.6796469731
1880,6.655917,6.6794426774
1881,6.656789,6.6792348522
1882,6.657525,6.6790239046
1883,6.658137,6.6788102164
1884,6.658639,6.6785941438
1885,6.659047,6.6783760094
1886,6.659376,6.6781561008
1887,6.659641,6.6779346653
1888,6.65986,6.6777119113
1889,6.66005,6.6774880013
1890,6.660227,6.6772630511
1891,6.660408,6.6770371304
1892,6.660609,6.6768102594
1893,6.660848,6.6765824113
1894,6.661141,6.6763535067
1895,6.661501,6.6761234167
1896,6.661945,6.6758919677
1897,6.662485,6.6756589355
1898,6.663136,6.6754240538
1899,6.663908,6.6751870094
1900,6.664813,6.6749474543
1901,6.66586,6.674705
1902,6.667057,6.6744592258
1903,6.668413,6.6742096828
1904,6.669932,6.6739558925
1905,6.67162,6.6736973589
1906,6.673479,6.6734335672
1907,6.675513,6.6731639933
1908,6.67772,6.6728881008
1909,6.680102,6.6726053562
1910,6.682655,6.6723152231
1911,6.685378,6.6720171747
1912,6.688266,6.6717106922
1913,6.691314,6.6713952728
1914,6.694515,6.6710704341
1915,6.697864,6.6707357151
1916,6.701351,6.6703906788
1917,6.704968,6.670034918
1918,6.708707,6.6696680578
1919,6.712557,6.6692897527
1920,6.716508,6.6688996935
1921,6.720549,6.6684976035
1922,6.724669,6.6680832446
1923,6.728857,6.6676564099
1924,6.733101,6.6672169288
1925,6.737391,6.6667646626
1926,6.741715,6.6662995
1927,6.746061,6.6658213575
1928,6.750418,6.6653301747
1929,6.754776,6.6648259113
1930,6.759124,6.6643085376
1931,6.763452,6.6637780323
1932,6.767749,6.6632343723
1933,6.772006,6.6626775255
1934,6.776215,6.6621074435
1935,6.780366,6.661524043
1936,6.784452,6.6609272016
1937,6.788464,6.6603167325
1938,6.792396,6.659692375
1939,6.796242,6.6590537608
1940,6.799994,6.6584003898
1941,6.803649,6.6577315968
1942,6.8072,6.6570464933
1943,6.810643,6.656343914
1944,6.813974,6.6556223226
1945,6.81719,6.6548796962
1946,6.820287,6.6541133495
1947,6.823263,6.6533196774
1948,6.826115,6.6524937661
1949,6.828842,6.6516287554
1950,6.831442,6.6507147728
1951,6.833913,6.6497370013
1952,6.836255,6.6486718992
1953,6.838467,6.6474789126
1954,6.840549,6.6460792177
1955,6.842501,6.644285746
1956,6.844323,6.6414305565
1957,6.846016,6.638572918
1958,6.84758,6.6417812594
1959,6.849018,6.6428306089
1960,6.850329,6.6433042567
1961,6.851515,6.6435096573
1962,6.852578,6.643559797
1963,6.853521,6.6435087392
1964,6.854345,6.6433865457
1965,6.855054,6.643211664
1966,6.855649,6.6429962245
1967,6.856134,6.642748629
1968,6.856512,6.6424749368
1969,6.856787,6.6421796573
1970,6.856962,6.6418662366
1971,6.857043,6.6415373669
1972,6.857033,6.6411951868
1973,6.856937,6.6408414301
1974,6.85676,6.6404775148
1975,6.856507,6.640104621
1976,6.856184,6.6397237379
1977,6.855797,6.6393357056
1978,6.85535,6.6389412433
1979,6.854852,6.6385409758
1980,6.854307,6.6381354449
1981,6.853722,6.637725129
1982,6.853103,6.637310453
1983,6.852458,6.636891797
1984,6.851791,6.6364695013
1985,6.851111,6.6360438777
1986,6.850423,6.6356152083
1987,6.849733,6.635183754
1988,6.849047,6.6347497581
1989,6.848372,6.6343134449
1990,6.847711,6.6338750255
1991,6.847072,6.6334347016
1992,6.846457,6.6329926613
1993,6.845872,6.6325490887
1994,6.84532,6.6321041586
1995,6.844805,6.6316580403
1996,6.844328,6.6312108992
1997,6.843894,6.6307629005
1998,6.843502,6.6303142016
1999,6.843154,6.6298649624
2000,6.84285,6.6294153401
2001,6.842591,6.6289654933
2002,6.842374,6.6285155793
2003,6.842199,6.6280657608
2004,6.842064,6.6276161962
2005,6.841965,6.6271670497
2006,6.8419,6.6267184879
2007,6.841865,6.6262706774
2008,6.841855,6.6258237876
2009,6.841866,6.6253779919
2010,6.841893,6.6249334651
2011,6.841931,6.6244903831
2012,6.841975,6.6240489234
2013,6.842017,6.6236092634
2014,6.842052,6.6231715847
2015,6.842075,6.6227360659
2016,6.842079,6.6223028844
2017,6.842058,6.6218722164
2018,6.842005,6.6214442352
2019,6.841916,6.6210191142
2020,6.841783,6.6205970188
2021,6.841603,6.6201781129
2022,6.841369,6.6197625497
2023,6.841076,6.6193504798
2024,6.840721,6.6189420457
2025,6.840299,6.6185373804
2026,6.839807,6.6181366089
2027,6.83924,6.6177398468
2028,6.838598,6.617347203
2029,6.837877,6.6169587702
2030,6.837076,6.6165746344
2031,6.836193,6.6161948723
2032,6.835229,6.6158195484
2033,6.834184,6.6154487164
2034,6.833058,6.6150824207
2035,6.831851,6.6147206962
2036,6.830567,6.6143635699
2037,6.829206,6.6140110578
2038,6.827773,6.6136631707
2039,6.826268,6.6133199086
2040,6.824698,6.6129812715
2041,6.823064,6.6126472487
2042,6.821371,6.6123178293
2043,6.819625,6.6119929987
2044,6.81783,6.6116727392
2045,6.81599,6.6113570323
2046,6.814112,6.6110458616
2047,6.812199,6.610739211
2048,6.810259,6.6104370685
2049,6.808296,6.610139422
2050,6.806316,6.6098462675
2051,6.804323,6.6095576035
2052,6.802324,6.6092734368
2053,6.800323,6.6089937782
2054,6.798324,6.6087186465
2055,6.796332,6.6084480699
2056,6.794351,6.608182082
2057,6.792384,6.6079207258
2058,6.790436,6.6076640524
2059,6.788508,6.6074121196
2060,6.786602,6.6071649946
2061,6.784721,6.6069227513
2062,6.782865,6.6066854718
2063,6.781036,6.6064532446
2064,6.779232,6.6062261653
2065,6.777453,6.6060043347
2066,6.775699,6.6057878616
2067,6.773966,6.6055768548
2068,6.772254,6.6053714328
2069,6.770558,6.6051717124
2070,6.768876,6.6049778159
2071,6.767203,6.6047898669
2072,6.765535,6.6046079919
2073,6.763868,6.6044323159
2074,6.762195,6.6042629637
2075,6.760511,6.6041000632
2076,6.758811,6.6039437379
2077,6.757088,6.6037941089
2078,6.755337,6.6036512984
2079,6.75355,6.6035154234
2080,6.751722,6.6033865995
2081,6.749845,6.6032649395
2082,6.747915,6.6031505524
2083,6.745925,6.6030435417
2084,6.743868,6.6029440081
2085,6.74174,6.6028520511
2086,6.739535,6.6027677621
2087,6.737249,6.6026912312
2088,6.734877,6.6026225417
2089,6.732415,6.6025617742
2090,6.72986,6.602509004
2091,6.727209,6.6024643051
2092,6.724461,6.6024277433
2093,6.721613,6.6023993817
2094,6.718666,6.6023792809
2095,6.715618,6.6023674933
2096,6.712471,6.6023640699
2097,6.709227,6.6023690565
2098,6.705886,6.6023824919
2099,6.702453,6.6024044153
2100,6.698929,6.6024348562
2101,6.695321,6.6024738441
2102,6.691631,6.6025213992
2103,6.687866,6.6025775403
2104,6.684031,6.6026422782
2105,6.680133,6.6027156196
2106,6.676179,6.6027975672
2107,6.672176,6.6028881142
2108,6.668131,6.6029872527
2109,6.664052,6.6030949664
2110,6.659948,6.6032112352
2111,6.655827,6.6033360323
2112,6.651698,6.6034693226
2113,6.647568,6.6036110672
2114,6.643446,6.6037612218
2115,6.63934,6.6039197352
2116,6.63526,6.6040865511
2117,6.631213,6.6042616048
2118,6.627206,6.604444828
2119,6.623247,6.6046361465
2120,6.619344,6.6048354798
2121,6.615503,6.6050427433
2122,6.611731,6.6052578468
2123,6.608032,6.6054806935
2124,6.604414,6.6057111868
2125,6.60088,6.6059492191
2126,6.597435,6.6061946841
2127,6.594083,6.6064474704
2128,6.590826,6.606707461
2129,6.587668,6.606974539
2130,6.584611,6.6072485833
2131,6.581655,6.6075294691
2132,6.578803,6.6078170726
2133,6.576053,6.6081112648
2134,6.573406,6.608411918
2135,6.570862,6.6087189019
2136,6.568419,6.609032086
2137,6.566075,6.6093513387
2138,6.563828,6.6096765296
2139,6.561675,6.6100075269
2140,6.559614,6.6103442003
2141,6.557641,6.6106864194
2142,6.555752,6.6110340538
2143,6.553943,6.6113869758
2144,6.55221,6.6117450591
2145,6.550547,6.6121081761
2146,6.548951,6.6124762043
2147,6.547415,6.6128490202
2148,6.545935,6.613226504
2149,6.544504,6.6136085376
2150,6.543118,6.6139950054
2151,6.54177,6.6143857944
2152,6.540454,6.614780793
2153,6.539166,6.6151798952
2154,6.537897,6.6155829946
2155,6.536644,6.6159899919
2156,6.535399,6.6164007863
2157,6.534156,6.6168152836
2158,6.532911,6.6172333938
2159,6.531657,6.6176550269
2160,6.530389,6.6180801008
2161,6.529101,6.6185085349
2162,6.527788,6.6189402527
2163,6.526445,6.6193751841
2164,6.525068,6.6198132608
2165,6.523651,6.6202544194
2166,6.522193,6.6206986022
2167,6.520687,6.6211457527
2168,6.519132,6.6215958226
2169,6.517525,6.6220487648
2170,6.515862,6.6225045363
2171,6.514144,6.6229631008
2172,6.512368,6.6234244234
2173,6.510533,6.6238884745
2174,6.508641,6.6243552272
2175,6.506691,6.6248246559
2176,6.504684,6.6252967392
2177,6.502624,6.6257714597
2178,6.500513,6.6262487984
2179,6.498353,6.6267287392
2180,6.49615,6.6272112661
2181,6.493908,6.6276963629
2182,6.491634,6.6281840134
2183,6.489333,6.6286741976
2184,6.487012,6.6291668952
2185,6.484681,6.629662082
2186,6.482348,6.6301597285
2187,6.480021,6.6306597984
2188,6.477713,6.6311622527
2189,6.475432,6.6316670403
2190,6.473192,6.6321741048
2191,6.471004,6.6326833777
2192,6.468881,6.6331947809
2193,6.466837,6.6337082218
2194,6.464887,6.6342235968
2195,6.463044,6.6347407836
2196,6.461326,6.6352596465
2197,6.459746,6.6357800282
2198,6.458323,6.6363017581
2199,6.457074,6.6368246384
2200,6.456016,6.6373484543
2201,6.455168,6.6378729637
2202,6.454551,6.6383979019
2203,6.454183,6.6389229745
2204,6.454087,6.6394478616
2205,6.454285,6.6399722097
2206,6.4548,6.6404956344
2207,6.45566,6.6410177164
2208,6.45689,6.6415379946
2209,6.458521,6.6420559731
2210,6.460587,6.6425711062
2211,6.463124,6.6430828011
2212,6.466173,6.6435904099
2213,6.469782,6.6440932258
2214,6.474007,6.6445904704
2215,6.478912,6.6450812876
2216,6.484575,6.6455647258
2217,6.491089,6.6460397272
2218,6.498571,6.6465051022
2219,6.507167,6.6469594987
2220,6.51706,6.6474013642
2221,6.528493,6.6478288952
2222,6.541785,6.6482399583
2223,6.557371,6.6486319879
2224,6.575859,6.6490018293
2225,6.598124,6.6493455081
2226,6.625472,6.649657871
2227,6.659953,6.6499320067
2228,6.70496,6.6501582487
2229,6.766561,6.6503223683
2230,6.856761,6.6504019798
2231,7.00315,6.6503585618
2232,7.286401,6.6501165108
2233,8.089227,6.6494917903
2234,8.089227,6.6477859664
2235,4.35828,6.6460780296
2236,5.48338,6.6493826156
2237,5.821438,6.6511727043
2238,5.987484,6.6525060753
2239,6.087625,6.6536138575
2240,6.15556,6.6545845659
2241,6.205363,6.6554614234
2242,6.243955,6.6562687379
2243,6.275133,6.6570215188
2244,6.301153,6.6577296734
2245,6.323436,6.658400082
2246,6.342919,6.6590377164
2247,6.360245,6.6596462903
2248,6.375868,6.6602286586
2249,6.390115,6.6607870659
2250,6.403228,6.6613233199
2251,6.415388,6.6618389046
2252,6.426732,6.6623350645
2253,6.437367,6.6628128616
2254,6.447373,6.6632732137
2255,6.456815,6.6637169328
2256,6.46574,6.6641447473
2257,6.474188,6.6644117793
2258,6.482188,6.6646681456
2259,6.489763,6.6649144076
2260,6.496931,6.6651510986
2261,6.503705,6.6653787307
2262,6.510095,6.6655978008
2263,6.516108,6.6658087951
2264,6.521748,6.6660121929
2265,6.527019,6.6662084707
2266,6.531922,6.6663981022
2267,6.536458,6.6665815621
2268,6.540627,6.6667593265
2269,6.544428,6.6669318741
2270,6.547861,6.6670996877
2271,6.550925,6.6672632524
2272,6.55362,6.6674230577
2273,6.555945,6.6675795956
2274,6.557901,6.6677333623
2275,6.55949,6.6678848552
2276,6.560713,6.6680345718
2277,6.561574,6.6681830111
2278,6.562076,6.668330669
2279,6.562226,6.6684780402
2280,6.56203,6.6686256125
2281,6.561496,6.6687738679
2282,6.560635,6.6689232799
2283,6.559457,6.6690743096
2284,6.557976,6.6692274064
2285,6.556206,6.6693830028
2286,6.554165,6.669541514
2287,6.551868,6.6697033324
2288,6.549337,6.6698688315
2289,6.546593,6.6700383558
2290,6.543657,6.6702122225
2291,6.540555,6.6703907207
2292,6.537311,6.6705741045
2293,6.533952,6.6707625955
2294,6.530505,6.6709563782
2295,6.527,6.6711556
2296,6.523464,6.6713603665
2297,6.519927,6.6715707454
2298,6.51642,6.6717867621
2299,6.512971,6.672008398
2300,6.509611,6.6722355943
2301,6.506368,6.6724682475
2302,6.503271,6.6727062135
2303,6.500348,6.6729493056
2304,6.497624,6.673197296
2305,6.495125,6.6734499194
2306,6.492873,6.6737068718
2307,6.490891,6.6739678153
2308,6.489199,6.6742323772
2309,6.487812,6.6745001534
2310,6.486747,6.6747707159
2311,6.486016,6.6750436096
2312,6.485629,6.675318359
2313,6.485593,6.6755944716
2314,6.485914,6.6758714417
2315,6.486593,6.6761487518
2316,6.48763,6.6764258801
2317,6.489022,6.6767023016
2318,6.490763,6.6769774927
2319,6.492845,6.6772509354
2320,6.495258,6.6775221206
2321,6.497988,6.6777905508
2322,6.501022,6.6780557463
2323,6.504343,6.6783172437
2324,6.507933,6.6785746021
2325,6.511773,6.6788274044
2326,6.515841,6.6790752596
2327,6.520117,6.6793178068
2328,6.524578,6.6795547128
2329,6.529202,6.6797856766
2330,6.533965,6.6800104284
2331,6.538845,6.6802287324
2332,6.543819,6.6804403847
2333,6.548864,6.6806452144
2334,6.55396,6.6808430841
2335,6.559084,6.6810338857
2336,6.564218,6.6812175452
2337,6.569341,6.6813940151
2338,6.574438,6.6815632795
2339,6.579491,6.6817253449
2340,6.584486,6.6818802455
2341,6.589409,6.6820280364
2342,6.594249,6.6821687948
2343,6.598995,6.6823026149
2344,6.603639,6.6824296082
2345,6.608175,6.6825498992
2346,6.612596,6.6826636223
2347,6.616898,6.6827709234
2348,6.62108,6.6828719555
2349,6.62514,6.682966874
2350,6.629079,6.6830558385
2351,6.632898,6.6831390077
2352,6.6366,6.6832165401
2353,6.640188,6.6832885904
2354,6.643667,6.6833553096
2355,6.647042,6.6834168419
2356,6.650319,6.6834733245
2357,6.653506,6.6835248865
2358,6.656608,6.6835716449
2359,6.659632,6.6836137098
2360,6.662587,6.6836511813
2361,6.66548,6.6836841455
2362,6.668319,6.6837126787
2363,6.67111,6.6837368446
2364,6.673861,6.6837566981
2365,6.676579,6.6837722819
2366,6.67927,6.6837836278
2367,6.68194,6.6837907583
2368,6.684595,6.6837936867
2369,6.687241,6.6837924168
2370,6.689881,6.6837869429
2371,6.692521,6.6837772544
2372,6.695162,6.6837633312
2373,6.697808,6.6837451515
2374,6.700462,6.6837226869
2375,6.703125,6.683695904
2376,6.705798,6.6836647676
2377,6.708481,6.6836292408
2378,6.711176,6.6835892862
2379,6.713881,6.6835448631
2380,6.716595,6.6834959339
2381,6.719319,6.683442462
2382,6.722049,6.6833844094
2383,6.724784,6.6833217439
2384,6.727523,6.6832544351
2385,6.730262,6.6831824537
2386,6.732999,6.6831057769
2387,6.735733,6.683024385
2388,6.738459,6.6829382598
2389,6.741176,6.6828473912
2390,6.74388,6.6827517705
2391,6.746568,6.6826513957
2392,6.749239,6.6825462697
2393,6.75189,6.682436397
2394,6.754517,6.6823217871
2395,6.757118,6.6822024562
2396,6.759692,6.6820784238
2397,6.762235,6.6819497114
2398,6.764745,6.6818163472
2399,6.767222,6.6816783627
2400,6.769662,6.68153579
2401,6.772064,6.6813886678
2402,6.774426,6.6812370368
2403,6.776746,6.6810809414
2404,6.779024,6.6809204295
2405,6.781257,6.6807555496
2406,6.783445,6.6805863552
2407,6.785585,6.6804129005
2408,6.787678,6.6802352449
2409,6.789721,6.6800534467
2410,6.791713,6.6798675695
2411,6.793653,6.6796776791
2412,6.79554,6.6794838435
2413,6.797373,6.6792861329
2414,6.799151,6.6790846195
2415,6.800872,6.6788793778
2416,6.802535,6.6786704863
2417,6.80414,6.6784580257
2418,6.805684,6.6782420773
2419,6.807168,6.6780227281
2420,6.80859,6.6778000638
2421,6.809948,6.6775741744
2422,6.811243,6.677345154
2423,6.812473,6.6771130953
2424,6.813638,6.6768780955
2425,6.814737,6.6766402522
2426,6.815771,6.6763996655
2427,6.816738,6.6761564346
2428,6.817638,6.6759106626
2429,6.818473,6.6756624536
2430,6.819243,6.6754119088
2431,6.819948,6.6751591301
2432,6.82059,6.6749042201
2433,6.821171,6.6746472787
2434,6.821691,6.6743884028
2435,6.822153,6.6741276903
2436,6.822559,6.673865234
2437,6.822912,6.6736011243
2438,6.823216,6.6733354466
2439,6.823473,6.6730682799
2440,6.823688,6.6727997
2441,6.823864,6.6725297746
2442,6.824007,6.6722585663
2443,6.824119,6.6719861275
2444,6.824207,6.6717125072
2445,6.824275,6.6714377423
2446,6.824328,6.6711618628
2447,6.824372,6.6708848897
2448,6.824412,6.6706068333
2449,6.824454,6.6703276951
2450,6.824502,6.6700474655
2451,6.824563,6.6697661275
2452,6.82464,6.6694836515
2453,6.82474,6.6692000018
2454,6.824867,6.66891513
2455,6.825025,6.6686289798
2456,6.825219,6.6683414871
2457,6.825451,6.6680525783
2458,6.825725,6.6677621753
2459,6.826044,6.6674701922
2460,6.82641,6.667176537
2461,6.826824,6.6668811132
2462,6.827287,6.6665838216
2463,6.8278,6.6662845605
2464,6.828361,6.6659832257
2465,6.82897,6.6656797159
2466,6.829625,6.6653739288
2467,6.830324,6.6650657655
2468,6.831063,6.6647551297
2469,6.831838,6.6644419322
2470,6.832645,6.6641260906
2471,6.833478,6.6638075293
2472,6.834333,6.6634861837
2473,6.835202,6.6631619962
2474,6.836079,6.662834924
2475,6.836956,6.6625049352
2476,6.837827,6.6621720134
2477,6.838682,6.661836153
2478,6.839515,6.6614973678
2479,6.840316,6.6611556833
2480,6.841078,6.6608111442
2481,6.841791,6.6604638092
2482,6.842447,6.6601137568
2483,6.843038,6.6597610812
2484,6.843556,6.6594058934
2485,6.843993,6.6590483204
2486,6.844341,6.6586885058
2487,6.844594,6.6583266101
2488,6.844744,6.6579628066
2489,6.844786,6.6575972857
2490,6.844714,6.657230249
2491,6.844523,6.6568619116
2492,6.844209,6.6564925
2493,6.843769,6.6561222505
2494,6.843199,6.6557514071
2495,6.842498,6.6553802238
2496,6.841664,6.6550089583
2497,6.840697,6.6546378748
2498,6.839597,6.654267239
2499,6.838366,6.6538973194
2500,6.837004,6.653528382
2501,6.835515,6.6531606954
2502,6.833902,6.6527945221
2503,6.832168,6.6524301207
2504,6.830319,6.652067746
2505,6.828359,6.6517076424
2506,6.826293,6.6513500486
2507,6.824128,6.6509951947
2508,6.821871,6.6506432988
2509,6.819527,6.6502945662
2510,6.817105,6.6499491939
2511,6.81461,6.649607362
2512,6.812051,6.6492692418
2513,6.809434,6.6489349877
2514,6.806768,6.6486047428
2515,6.804058,6.648278633
2516,6.801314,6.6479567748
2517,6.79854,6.647639265
2518,6.795744,6.6473261929
2519,6.792932,6.647017632
2520,6.790111,6.6467136438
2521,6.787285,6.6464142756
2522,6.784459,6.6461195669
2523,6.781639,6.6458295472
2524,6.778827,6.6455442332
2525,6.776029,6.6452636379
2526,6.773246,6.6449877616
2527,6.770481,6.6447166025
2528,6.767736,6.6444501525
2529,6.765013,6.6441883992
2530,6.762311,6.6439313255
2531,6.759633,6.6436789168
2532,6.756976,6.6434311517
2533,6.754342,6.643188015
2534,6.751729,6.6429494871
2535,6.749136,6.6427155527
2536,6.746561,6.6424861983
2537,6.744003,6.6422614147
2538,6.74146,6.6420411948
2539,6.738928,6.6418255358
2540,6.736407,6.6416144435
2541,6.733894,6.6414079237
2542,6.731386,6.6412059891
2543,6.728882,6.6410086586
2544,6.726379,6.6408159539
2545,6.723875,6.6406279033
2546,6.721369,6.6404445396
2547,6.718859,6.6402658985
2548,6.716342,6.6400920199
2549,6.713819,6.6399229512
2550,6.711289,6.6397587378
2551,6.70875,6.6395994276
2552,6.706203,6.6394450737
2553,6.703647,6.6392957271
2554,6.701082,6.6391514417
2555,6.69851,6.6390122719
2556,6.695931,6.638878268
2557,6.693345,6.6387494808
2558,6.690754,6.6386259615
2559,6.68816,6.6385077574
2560,6.685562,6.6383949114
2561,6.682963,6.6382874692
2562,6.680365,6.6381854703
2563,6.677768,6.6380889497
2564,6.675173,6.6379979427
2565,6.672582,6.6379124828
2566,6.669996,6.6378325991
2567,6.667416,6.6377583187
2568,6.664841,6.6376896667
2569,6.662272,6.6376266705
2570,6.659709,6.6375693558
2571,6.657152,6.6375177483
2572,6.654599,6.6374718738
2573,6.652048,6.6374317635
2574,6.649499,6.6373974531
2575,6.64695,6.6373689788
2576,6.644396,6.6373463821
2577,6.641837,6.6373297163
2578,6.639268,6.6373190355
2579,6.636686,6.6373144062
2580,6.634086,6.6373159024
2581,6.631466,6.637323611
2582,6.628821,6.6373376244
2583,6.626146,6.637358048
2584,6.623437,6.637385
2585,6.620689,6.6374186096
2586,6.6179,6.6374590193
2587,6.615064,6.6375063777
2588,6.612178,6.6375608495
2589,6.609239,6.6376226083
2590,6.606244,6.6376918366
2591,6.603191,6.6377687262
2592,6.600078,6.6378534755
2593,6.596904,6.6379462899
2594,6.593671,6.6380473793
2595,6.590377,6.6381569506
2596,6.587026,6.6382752178
2597,6.58362,6.6384023871
2598,6.580162,6.6385386617
2599,6.576658,6.6386842394
2600,6.573113,6.638839305
2601,6.569534,6.6390040326
2602,6.565928,6.6391785804
2603,6.562304,6.6393630907
2604,6.558672,6.6395576843
2605,6.555042,6.6397624582
2606,6.551424,6.6399774848
2607,6.54783,6.6402028117
2608,6.544272,6.6404384566
2609,6.540763,6.6406844066
2610,6.537315,6.6409406154
2611,6.533939,6.6412070051
2612,6.530649,6.6414834691
2613,6.527456,6.641769863
2614,6.524371,6.642066013
2615,6.521406,6.6423717143
2616,6.51857,6.6426867292
2617,6.515872,6.6430107937
2618,6.513319,6.6433436178
2619,6.510918,6.6436848898
2620,6.508673,6.6440342763
2621,6.506588,6.6443914301
2622,6.504664,6.6447559894
2623,6.5029,6.6451275862
2624,6.501295,6.6455058511
2625,6.499844,6.6458904133
2626,6.498541,6.6462809118
2627,6.497379,6.6466769973
2628,6.496347,6.647078336
2629,6.495435,6.6474846199
2630,6.494628,6.6478955649
2631,6.493912,6.6483109241
2632,6.493271,6.6487304864
2633,6.492687,6.6491540817
2634,6.492142,6.6495815874
2635,6.491616,6.6500129288
2636,6.49109,6.6504480852
2637,6.490543,6.6508870882
2638,6.489954,6.6513300276
2639,6.489303,6.6517770526
2640,6.488569,6.6522283694
2641,6.487733,6.6526842451
2642,6.486775,6.6531450028
2643,6.485679,6.6536110252
2644,6.484427,6.6540827444
2645,6.483004,6.6545606479
2646,6.481397,6.6550452712
2647,6.479593,6.6555371926
2648,6.477583,6.6560370341
2649,6.475359,6.6565454501
2650,6.472916,6.6570631257
2651,6.470249,6.6575907679
2652,6.467358,6.6581291063
2653,6.464243,6.658678879
2654,6.460907,6.6592408324
2655,6.457355,6.659815713
2656,6.453594,6.6604042616
2657,6.449634,6.661007207
2658,6.445484,6.6616252573
2659,6.441157,6.6622591026
2660,6.436665,6.6629094029
2661,6.432024,6.6635767906
2662,6.427248,6.664261858
2663,6.422353,6.6649651632
2664,6.417353,6.6656872232
2665,6.412266,6.6664285194
2666,6.407104,6.667189485
2667,6.401883,6.6679705225
2668,6.396615,6.668771991
2669,6.39131,6.6695942175
2670,6.385977,6.670437503
2671,6.380621,6.6713021246
2672,6.375246,6.6721883476
2673,6.36985,6.6730964281
2674,6.364428,6.6740266319
2675,6.358969,6.6749792431
2676,6.353455,6.6759545833
2677,6.347865,6.6769530341
2678,6.342165,6.6779750466
2679,6.336316,6.6790211838
2680,6.330263,6.6800921375
2681,6.323942,6.6811887806
2682,6.317267,6.6823121981
2683,6.310134,6.6834637603
2684,6.302412,6.6846451835
2685,6.293932,6.6858586222
2686,6.284481,6.6871067962
2687,6.273779,6.6883931406
2688,6.26146,6.6897220321
2689,6.247028,6.6910990804
2690,6.229795,6.6925315677
2691,6.208785,6.6940290971
2692,6.182547,6.6956045649
2693,6.148839,6.6972757622
2694,6.10398,6.6990680392
2695,6.041477,6.7010191475
2696,5.948673,6.7031886941
2697,5.797094,6.7056788449
2698,5.506206,6.708687404
2699,4.71824,6.7126823588
2700,4.71824,6.7193305
2701,9.233022,6.7260231104
2702,7.628296,6.7176103624
2703,7.201412,6.7145440808
2704,7.003147,6.7128992568
2705,6.888819,6.7119153661
2706,6.814591,6.7113136531
2707,6.762609,6.7109611706
2708,6.724233,6.7107842945
2709,6.694767,6.710738079
2710,6.671438,6.7107931517
2711,6.652507,6.7109293287
2712,6.636824,6.711132184
2713,6.623602,6.7113910976
2714,6.612283,6.7116980524
2715,6.602461,6.7120468772
2716,6.593838,6.712432743
2717,6.586184,6.7128518057
2718,6.579327,6.7133009823
2719,6.57313,6.713777758
2720,6.567488,6.7142800714
2721,6.562317,6.7148062079
2722,6.557551,6.7153547302
2723,6.553137,6.7159244188
2724,6.549032,6.7165142283
2725,6.545203,6.7171232545
2726,6.541623,6.7177507007
2727,6.53827,6.7183958571
2728,6.535127,6.7190580846
2729,6.532181,6.719736797
2730,6.529421,6.7204314481
2731,6.52684,6.7211415242
2732,6.52443,6.7218665299
2733,6.522188,6.7226059925
2734,6.52011,6.7233594436
2735,6.518194,6.7241264226
2736,6.516439,6.7249064697
2737,6.514844,6.7256991217
2738,6.513408,6.7265039122
2739,6.512132,6.7273203716
2740,6.511017,6.7281480192
2741,6.510062,6.7289863629
2742,6.509268,6.729834907
2743,6.508635,6.730693144
2744,6.508164,6.7315605586
2745,6.507855,6.7324366235
2746,6.507709,6.7333208031
2747,6.507723,6.7342125494
2748,6.507899,6.7351113175
2749,6.508235,6.7360165458
2750,6.508729,6.736927672
2751,6.509379,6.7378441325
2752,6.510183,6.7387653629
2753,6.511138,6.7396907976
2754,6.51224,6.740619874
2755,6.513485,6.7415520367
2756,6.514868,6.7424867377
2757,6.516384,6.7434234403
2758,6.518026,6.7443616198
2759,6.519788,6.7453007718
2760,6.521662,6.7462404083
2761,6.52364,6.7471800669
2762,6.525715,6.7481193109
2763,6.527877,6.7490577257
2764,6.530117,6.7499949322
2765,6.532424,6.750930583
2766,6.534789,6.7518643718
2767,6.537201,6.7527960258
2768,6.53965,6.7537253147
2769,6.542125,6.7546520476
2770,6.544616,6.7555760783
2771,6.547113,6.7564973013
2772,6.549604,6.7574156535
2773,6.55208,6.7583311233
2774,6.554533,6.7592437389
2775,6.556952,6.7601535644
2776,6.55933,6.7610607143
2777,6.56166,6.7619653363
2778,6.563935,6.7628676126
2779,6.566149,6.7637677602
2780,6.568298,6.7646660273
2781,6.570378,6.7655626849
2782,6.572386,6.7664580275
2783,6.574322,6.7673523687
2784,6.576185,6.7682460278
2785,6.577976,6.7691393349
2786,6.579697,6.7700326215
2787,6.581352,6.770926216
2788,6.582944,6.771820434
2789,6.584479,6.7727155829
2790,6.585964,6.7736119476
2791,6.587405,6.7745097847
2792,6.58881,6.7754093269
2793,6.590189,6.7763107729
2794,6.59155,6.7772142767
2795,6.592903,6.7781199561
2796,6.594258,6.7790278824
2797,6.595625,6.7799380788
2798,6.597015,6.7808505198
2799,6.598437,6.7817651244
2800,6.599902,6.782681765
2801,6.601419,6.7836002563
2802,6.602998,6.7845203636
2803,6.604647,6.785441797
2804,6.606373,6.7863642194
2805,6.608185,6.7872872513
2806,6.610088,6.7882104588
2807,6.612089,6.7891333731
2808,6.61419,6.7900554792
2809,6.616397,6.7909762408
2810,6.61871,6.7918950789
2811,6.621132,6.7928114021
2812,6.623662,6.7937245904
2813,6.626299,6.794634016
2814,6.629042,6.795539043
2815,6.631888,6.796439027
2816,6.634832,6.7973333261
2817,6.63787,6.7982213115
2818,6.640997,6.7991023626
2819,6.644205,6.7999758729
2820,6.647487,6.8008412667
2821,6.650837,6.8016979944
2822,6.654246,6.8025455281
2823,6.657705,6.8033833785
2824,6.661207,6.8042110966
2825,6.664741,6.8050282629
2826,6.668299,6.8058345115
2827,6.671872,6.8066295145
2828,6.675452,6.8074129884
2829,6.679029,6.8081846901
2830,6.682596,6.8089444294
2831,6.686144,6.8096920533
2832,6.689666,6.8104274583
2833,6.693154,6.8111505808
2834,6.696604,6.8118614036
2835,6.700007,6.8125599333
2836,6.70336,6.8132462317
2837,6.706658,6.8139203804
2838,6.709896,6.8145824938
2839,6.713071,6.8152327205
2840,6.716181,6.8158712313
2841,6.719223,6.8164982138
2842,6.722197,6.8171138797
2843,6.725101,6.8177184459
2844,6.727936,6.8183121474
2845,6.730702,6.8188952194
2846,6.7334,6.8194679026
2847,6.736031,6.8200304379
2848,6.738597,6.8205830658
2849,6.741102,6.8211260199
2850,6.743546,6.8216595133
2851,6.745935,6.8221837651
2852,6.74827,6.8226989595
2853,6.750556,6.8232052789
2854,6.752797,6.8237028767
2855,6.754995,6.8241918828
2856,6.757156,6.8246724167
2857,6.759283,6.8251445594
2858,6.76138,6.8256083732
2859,6.763451,6.8260638936
2860,6.7655,6.8265111286
2861,6.767531,6.8269500576
2862,6.769547,6.8273806304
2863,6.771551,6.8278027737
2864,6.773548,6.8282163897
2865,6.77554,6.8286213407
2866,6.777529,6.8290174701
2867,6.779519,6.8294046015
2868,6.78151,6.8297825227
2869,6.783506,6.8301510153
2870,6.785508,6.8305098231
2871,6.787516,6.8308586744
2872,6.789532,6.8311972891
2873,6.791557,6.8315253622
2874,6.79359,6.8318425714
2875,6.795632,6.832148592
2876,6.797682,6.8324430806
2877,6.799739,6.8327256911
2878,6.801802,6.8329960738
2879,6.803871,6.833253876
2880,6.805943,6.8334987333
2881,6.808017,6.8337302941
2882,6.81009,6.8339482034
2883,6.81216,6.8341521197
2884,6.814225,6.8343417069
2885,6.816281,6.8345166348
2886,6.818326,6.8346765965
2887,6.820357,6.834821292
2888,6.822369,6.8349504375
2889,6.82436,6.8350637838
2890,6.826326,6.8351610909
2891,6.828263,6.8352421468
2892,6.830168,6.8353067685
2893,6.832036,6.8353547944
2894,6.833865,6.8353861038
2895,6.835649,6.8354005905
2896,6.837386,6.8353982019
2897,6.839072,6.8353789029
2898,6.840703,6.8353426961
2899,6.842275,6.8352896238
2900,6.843785,6.83521977
2901,6.84523,6.8351332525
2902,6.846606,6.8350302245
2903,6.847912,6.8349108866
2904,6.849144,6.8347754583
2905,6.850299,6.8346242105
2906,6.851377,6.8344574574
2907,6.852374,6.8342755269
2908,6.85329,6.8340788043
2909,6.854123,6.8338676923
2910,6.854873,6.8336426333
2911,6.855539,6.8334040899
2912,6.856121,6.8331525568
2913,6.856619,6.8328885517
2914,6.857034,6.8326126163
2915,6.857368,6.8323253059
2916,6.857622,6.8320271786
2917,6.857797,6.8317188072
2918,6.857896,6.8314007805
2919,6.857921,6.831073679
2920,6.857876,6.8307380875
2921,6.857764,6.8303945696
2922,6.857589,6.8300436795
2923,6.857353,6.8296859481
2924,6.857062,6.8293219079
2925,6.85672,6.82895204
2926,6.856331,6.8285767973
2927,6.8559,6.8281966027
2928,6.855431,6.8278118333
2929,6.85493,6.827422831
2930,6.8544,6.8270298714
2931,6.853847,6.8266332029
2932,6.853275,6.826233
2933,6.852688,6.8258293881
2934,6.852091,6.8254224394
2935,6.851488,6.8250121538
2936,6.850881,6.8245984688
2937,6.850276,6.8241812857
2938,6.849674,6.8237604032
2939,6.849078,6.8233355902
2940,6.84849,6.82290655
2941,6.847913,6.8224729322
2942,6.847346,6.8220343103
2943,6.846793,6.8215902456
2944,6.846251,6.8211401964
2945,6.845722,6.8206836364
2946,6.845205,6.820219963
2947,6.844699,6.8197485472
2948,6.844202,6.8192687308
2949,6.843713,6.8187798431
2950,6.843229,6.81828118
2951,6.842747,6.8177720408
2952,6.842266,6.8172517292
2953,6.84178,6.8167195106
2954,6.841288,6.8161747174
2955,6.840785,6.8156166444
2956,6.840268,6.8150446364
2957,6.839732,6.8144580465
2958,6.839175,6.8138562857
2959,6.83859,6.8132387561
2960,6.837976,6.812604975
2961,6.837328,6.8119544359
2962,6.836642,6.8112867105
2963,6.835915,6.8106014324
2964,6.835143,6.8098982778
2965,6.834324,6.809177
2966,6.833455,6.8084373824
2967,6.832533,6.8076792727
2968,6.831556,6.8069025938
2969,6.830522,6.8061073226
2970,6.829429,6.8052935
2971,6.828277,6.8044612414
2972,6.827065,6.8036106786
2973,6.825792,6.802742
2974,6.824458,6.8018554615
2975,6.823064,6.80095136
2976,6.821609,6.80003
2977,6.820094,6.7990917826
2978,6.818522,6.7981371364
2979,6.816892,6.7971664286
2980,6.815206,6.79618015
2981,6.813466,6.7951787895
2982,6.811674,6.7941628333
2983,6.809832,6.7931327647
2984,6.807942,6.7920890625
2985,6.806005,6.7910322
2986,6.804024,6.7899627143
2987,6.802,6.7888810769
2988,6.799937,6.7877878333
2989,6.797836,6.7866833636
2990,6.795698,6.7855681
2991,6.793527,6.7844425556
2992,6.791323,6.783307
2993,6.789088,6.7821618571
2994,6.786823,6.7810075
2995,6.784531,6.7798444
2996,6.782213,6.77867275
2997,6.779869,6.7774926667
2998,6.7775,6.7763045
2999,6.775109,6.775109
