0,0,0
1,0,0.0167886275
2,0,0.033622275
3,0,0.0505043775
4,0,0.067437545
5,0,0.08442354
6,0,0.1014632625
7,0,0.1185567675
8,0,0.135703295
9,0,0.1529013225
10,0,0.170148625
11,0,0.1874423625
12,0,0.2047791625
13,0,0.22215521
14,0,0.2395663475
15,0,0.2570081675
16,0,0.274476105
17,0,0.29196552
18,0,0.3094717825
19,0,0.3269903325
20,0,0.3445167475
21,0,0.3620467925
22,0,0.3795764575
23,0,0.3971019925
24,0,0.4146199275
25,0,0.4321270975
26,0,0.449620645
27,0,0.4670980225
28,0,0.4845569975
29,0,0.5019956375
30,0,0.51941231
31,0,0.53680566
32,0,0.5541745975
33,0,0.57151827
34,0,0.5888360425
35,0,0.60612747
36,0,0.6233922625
37,0,0.64063026
38,0,0.6578413925
39,0,0.6750256525
40,0,0.692183055
41,0,0.7093136175
42,0,0.7264173225
43,0,0.7434941075
44,0,0.7605438425
45,0,0.7775663325
46,0,0.7945613125
47,0,0.811528465
48,0,0.82846744
49,0,0.84537789
50,0,0.8622595025
51,0,0.879112055
52,0,0.8959354625
53,0,0.9127298375
54,0,0.92949554
55,0,0.9462332375
56,0,0.9629439475
57,0,0.979629085
58,0,0.9962904925
59,0,1.012930455
60,0,1.029551705
61,0,1.0461574175
62,0,1.062751175
63,0,1.07933693
64,0,1.09591895
65,0,1.11250175
66,0,1.1290900125
67,0,1.1456885025
68,0,1.1623019775
69,0,1.1789351025
70,0,1.19559236
71,0,1.212277975
72,0,1.2289958375
73,0,1.24574945
74,0,1.262541875
75,0,1.2793757
76,0,1.29625302
77,0,1.313175425
78,0,1.330144005
79,0,1.34715936
80,0,1.36422162
81,0,1.3813304725
82,0,1.3984851875
83,0,1.4156846475
84,0,1.432927375
85,0,1.450211555
86,0,1.46753506
87,0,1.4848954575
88,0,1.5022900325
89,0,1.5197157775
90,0,1.537169405
91,0,1.5546473425
92,0,1.572145725
93,0,1.58966039
94,0,1.6071868825
95,0,1.6247204525
96,0,1.642256065
97,0,1.659788415
98,0,1.6773119525
99,0,1.694820925
100,0,1.7123094175
101,0,1.7297714225
102,0,1.7472009025
103,0,1.7645918775
104,0,1.78193852
105,0,1.79923525
106,0,1.8164768425
107,0,1.8336585425
108,0,1.85077616
109,0,1.8678261875
110,0,1.8848058875
111,0,1.9017133825
112,0,1.918547725
113,0,1.935308945
114,0,1.9519980825
115,0,1.968617195
116,0,1.9851693325
117,0,2.001658495
118,0,2.0180895525
119,0,2.03446815
120,0,2.0508005825
121,0,2.067093655
122,0,2.0833545225
123,0,2.09959053
124,0,2.11580904
125,0,2.13201727
126,0,2.14822214
127,0,2.1644301225
128,0,2.1806471325
129,0,2.1968784275
130,0,2.2131285325
131,0,2.229401205
132,0,2.2456994125
133,0,2.2620253475
134,0,2.2783804575
135,0,2.294765505
136,0,2.311180635
137,0,2.3276254675
138,0,2.34409918
139,0,2.36060061
140,0,2.3771283575
141,0,2.3936808675
142,0,2.41025652
143,0,2.426853705
144,0,2.4434708875
145,0,2.4601066475
146,0,2.476759725
147,0,2.4934290275
148,0,2.51011364
149,0,2.5268128125
150,0,2.5435259375
151,0,2.5602525125
152,0,2.5769920925
153,0,2.59374424
154,0,2.6105084575
155,0,2.6272841225
156,0,2.6440704225
157,0,2.660866275
158,0,2.6776702625
159,0,2.69448056
160,0,2.71129487
161,0,2.7281103675
162,0,2.7449236425
163,0,2.7617306725
164,0,2.7785267875
165,0,2.795306665
166,0,2.8120643425
167,0,2.828793255
168,0,2.84548628
169,0,2.862135835
170,0,2.87873398
171,0,2.8952725625
172,0,2.91174339
173,0,2.9281384225
174,0,2.944449995
175,0,2.96067107
176,0,2.976795485
177,0,2.9928182325
178,0,3.00873572
179,0,3.024546035
180,0,3.04024917
181,0,3.0558472275
182,0,3.07134456
183,0,3.08674785
184,0,3.10206611
185,0,3.117310595
186,0,3.1324946175
187,0,3.147633265
188,0,3.162743025
189,0,3.177841335
190,0,3.192946055
191,0,3.2080749225
192,0,3.2232449775
193,0,3.23847202
194,0,3.2537701075
195,0,3.269151125
196,0,3.28462445
197,0,3.3001967175
198,0,3.3158717
199,0,3.3316503025
200,0,3.34753067
201,0,3.36350838
202,0,3.379576735
203,0,3.3957271325
204,0,3.41194948
205,0,3.428232655
206,0,3.4445650025
207,0,3.46093482
208,0,3.4773308575
209,0,3.493742775
210,0,3.510161575
211,0,3.5265799775
212,0,3.5429927275
213,0,3.559396825
214,0,3.5757916625
215,0,3.59217908
216,0,3.6085633
217,0,3.6249507775
218,0,3.6413499475
219,0,3.657770885
220,0,3.67422489
221,0,3.69072403
222,0,3.7072806275
223,0,3.72390675
224,0,3.7406137075
225,0,3.75741158
226,0,3.7743087975
227,0,3.7913117775
228,0,3.80842464
229,0,3.8256490025
230,0,3.8429838425
231,0,3.8604254525
232,0,3.87796744
233,0,3.8956008075
234,0,3.91331407
235,0,3.931093415
236,0,3.948922895
237,0,3.966784625
238,0,3.984658995
239,0,4.0025248725
240,0,4.020359795
241,0,4.03814012
242,0,4.0558411525
243,0,4.0734372075
244,0,4.0909016075
245,0,4.1082065975
246,0,4.125323145
247,0,4.1422205825
248,0,4.158866085
249,0,4.175223855
250,0,4.19125396
251,0,4.206910635
252,0,4.2221397725
253,0,4.23687515
254,0,4.25103253
255,0,4.264500015
256,0,4.2771211275
257,0,4.2886622325
258,0,4.298739785
259,0,4.3066080425
260,0,4.30977804
261,0,4.3129480375
262,0,4.316118035
263,0,4.3192880325
264,0,4.32245803
265,0,4.3256280275
266,0,4.408525855
267,0,4.45005878
268,0,4.48313942
269,0,4.51222344
270,0,4.538897705
271,0,4.5639241875
272,0,4.5877306325
273,0,4.610581625
274,0,4.6326520125
275,0,4.654063005
276,0,4.67490177
277,0,4.69523287
278,0,4.715105365
279,0,4.7345574425
280,0,4.7536195475
281,0,4.772316585
282,0,4.7906695
283,0,4.80869644
284,0,4.82641362
285,0,4.8438359675
286,0,4.86097761
287,0,4.8778522275
288,0,4.8944733225
289,0,4.9108544025
290,0,4.9270091175
291,0,4.9429513375
292,0,4.9586952175
293,0,4.97425522
294,0,4.98964613
295,0,5.0048830575
296,0,5.01998143
297,0,5.0349569675
298,0,5.04982566
299,0,5.06460372
300,0,5.07930753
301,0,5.09395357
302,0,5.1085583125
303,0,5.12313812
304,0,5.1377091025
305,0,5.1522869675
306,0,5.1668868525
307,0,5.181523155
308,0,5.1962093575
309,0,5.210957865
310,0,5.2257798525
311,0,5.240685145
312,0,5.255682115
313,0,5.2707776175
314,0,5.28597697
315,0,5.3012839525
316,0,5.316700855
317,0,5.3322285525
318,0,5.34786661
319,0,5.3636134025
320,0,5.3794662625
321,0,5.3954216325
322,0,5.4114752175
323,0,5.42762214
324,0,5.44385709
325,0,5.460174455
326,0,5.476568445
327,0,5.4930331975
328,0,5.509562855
329,0,5.52615164
330,0,5.5427939
331,0,5.559484135
332,0,5.5762170225
333,0,5.5929874125
334,0,5.609790335
335,0,5.626620975
336,0,5.643474665
337,0,5.6603468675
338,0,5.6772331525
339,0,5.6941291875
340,0,5.711030715
341,0,5.7279335525
342,0,5.744833575
343,0,5.7617267225
344,0,5.77860899
345,0,5.79547644
346,0,5.8123252
347,0,5.82915148
348,0,5.845951585
349,0,5.8627219275
350,0,5.8794590575
351,0,5.896159685
352,0,5.9128207125
353,0,5.9294392775
354,0,5.9460128
355,0,5.962539035
356,0,5.979016135
357,0,5.995442715
358,0,6.011817925
359,0,6.028141525
360,0,6.0444139475
361,0,6.0606363775
362,0,6.0768107975
363,0,6.0929400425
364,0,6.1090278225
365,0,6.1250787275
366,0,6.14109821
367,0,6.1570925425
368,0,6.1730687375
369,0,6.189034445
370,0,6.2049978175
371,0,6.2209673575
372,0,6.236951745
373,0,6.25295964
374,0,6.268999495
375,0,6.2850793575
376,0,6.30120668
377,0,6.3173881575
378,0,6.333629575
379,0,6.349935685
380,0,6.3663101225
381,0,6.3827553475
382,0,6.3992726275
383,0,6.4158620425
384,0,6.43252254
385,0,6.449252
386,0,6.466047335
387,0,6.4829046125
388,0,6.49981918
389,0,6.51678581
390,0,6.53379885
391,0,6.550852365
392,0,6.56794028
393,0,6.58505651
394,0,6.6021950825
395,0,6.6193502375
396,0,6.63651652
397,0,6.6536888425
398,0,6.6708625375
399,0,6.6880333825
400,6.715451,6.70519762
401,6.733459,6.70556332
402,6.752841,6.7058712275
403,6.773267,6.7061154575
404,6.794398,6.706291325
405,6.815889,6.7063953275
406,6.837402,6.706425115
407,6.858611,6.706379435
408,6.879211,6.70625806
409,6.898921,6.706061705
410,6.917495,6.7057919425
411,6.93472,6.7054510975
412,6.950419,6.705042155
413,6.964455,6.70456867
414,6.976728,6.7040346725
415,6.987175,6.7034445825
416,6.995766,6.7028031375
417,7.002505,6.70211532
418,7.00742,6.7013862875
419,7.010566,6.7006213325
420,7.012018,6.699825815
421,7.011866,6.69900512
422,7.010214,6.69816462
423,7.007174,6.6973096275
424,7.002868,6.6964453575
425,6.997419,6.695576885
426,6.990951,6.6947091125
427,6.98359,6.693846735
428,6.975456,6.6929942025
429,6.966669,6.692155705
430,6.95734,6.691335135
431,6.947575,6.6905360775
432,6.937469,6.689761795
433,6.927109,6.68901524
434,6.916571,6.68829905
435,6.905917,6.68761557
436,6.895199,6.68696688
437,6.884453,6.6863548225
438,6.873704,6.6857810475
439,6.862961,6.6852470575
440,6.852225,6.684754255
441,6.841482,6.68430398
442,6.830714,6.68389757
443,6.819894,6.683536385
444,6.808996,6.68322184
445,6.797992,6.682955425
446,6.786861,6.6827387125
447,6.77559,6.6825733525
448,6.76418,6.6824610475
449,6.752645,6.68240352
450,6.741021,6.6824024675
451,6.729363,6.6824594925
452,6.71775,6.68257604
453,6.706281,6.6827533125
454,6.695079,6.682992195
455,6.684284,6.68329316
456,6.674055,6.6836561975
457,6.664563,6.6840807275
458,6.655985,6.6845655375
459,6.6485,6.6851087325
460,6.642285,6.6857076925
461,6.637503,6.686359045
462,6.634302,6.6870586725
463,6.632808,6.687801725
464,6.63312,6.688582655
465,6.635305,6.6893952675
466,6.639396,6.6902327975
467,6.64539,6.69108799
468,6.65325,6.69195321
469,6.662903,6.69282053
470,6.674246,6.69368186
471,6.687145,6.69452905
472,6.701445,6.6953540125
473,6.71697,6.69614883
474,6.73353,6.6969058625
475,6.750928,6.697617855
476,6.768962,6.69827802
477,6.787432,6.698880125
478,6.806142,6.69941857
479,6.824904,6.69988845
480,6.843541,6.700285615
481,6.861886,6.7006067075
482,6.879784,6.7008492125
483,6.897091,6.7010114825
484,6.913672,6.70109276
485,6.929402,6.7010931925
486,6.944159,6.7010138325
487,6.95783,6.70085665
488,6.970298,6.7006245025
489,6.981451,6.70032113
490,6.991175,6.6999511175
491,6.999353,6.699519855
492,7.005866,6.699033495
493,7.010597,6.6984988925
494,7.013428,6.697923535
495,7.014245,6.6973154625
496,7.01294,6.6966831875
497,7.009415,6.6960355925
498,7.003589,6.6953818375
499,6.995397,6.6947312425
500,6.984802,6.694093185
501,6.971792,6.6934769675
502,6.95639,6.692891715
503,6.938657,6.692346245
504,6.918692,6.6918489425
505,6.896637,6.691407655
506,6.87268,6.6910295725
507,6.847047,6.69072111
508,6.820011,6.69048783
509,6.79188,6.6903343325
510,6.762998,6.6902641925
511,6.733737,6.690279895
512,6.704488,6.690382795
513,6.675655,6.6905731
514,6.647645,6.6908498675
515,6.620855,6.691211035
516,6.595665,6.6916534725
517,6.572423,6.6921730575
518,6.551439,6.692764785
519,6.532973,6.69342289
520,6.517229,6.694140995
521,6.504347,6.6949122725
522,6.494403,6.69572962
523,6.487404,6.696585835
524,6.483292,6.69747379
525,6.481948,6.6983866
526,6.483193,6.69931777
527,6.486804,6.700261335
528,6.492518,6.7012119425
529,6.500042,6.7021649375
530,6.509069,6.7031163975
531,6.519283,6.704063135
532,6.530374,6.705002665
533,6.542044,6.7059331525
534,6.554019,6.7068533275
535,6.566052,6.70776237
536,6.577933,6.7086597975
537,6.589485,6.709545325
538,6.600572,6.7104187425
539,6.611099,6.71127978
540,6.621004,6.7121279875
541,6.630261,6.71296264
542,6.638874,6.7137826575
543,6.646873,6.7145865375
544,6.654304,6.715372335
545,6.661231,6.71613766
546,6.667721,6.716879695
547,6.673845,6.7175952575
548,6.679669,6.7182808675
549,6.68525,6.7189328475
550,6.69063,6.7195474325
551,6.695832,6.7201209025
552,6.700859,6.7206497175
553,6.705687,6.7211306525
554,6.710266,6.7215609425
555,6.71452,6.721938415
556,6.718341,6.7222616125
557,6.721595,6.72252991
558,6.724119,6.72274361
559,6.725724,6.722904025
560,6.726199,6.72301354
561,6.72531,6.7230756375
562,6.722812,6.72309493
563,6.718446,6.7230771275
564,6.711951,6.723029025
565,6.703071,6.7229584225
566,6.691565,6.7228740525
567,6.67721,6.7227854525
568,6.659822,6.722702845
569,6.639258,6.7226369675
570,6.615433,6.7225988925
571,6.588331,6.7225998225
572,6.558013,6.72265087
573,6.524629,6.7227628125
574,6.48843,6.722945855
575,6.449766,6.72320935
576,6.409099,6.723561555
577,6.366995,6.7240093625
578,6.324126,6.724558055
579,6.281254,6.7252110725
580,6.239223,6.72596983
581,6.198933,6.7268335425
582,6.161316,6.7277991375
583,6.127304,6.7288612125
584,6.097794,6.730012075
585,6.073609,6.731241865
586,6.055459,6.7325387625
587,6.043904,6.7338892875
588,6.039324,6.7352786825
589,6.041888,6.7366913575
590,6.051547,6.7381113975
591,6.068022,6.7395230825
592,6.090817,6.7409114325
593,6.119235,6.7422627
594,6.152407,6.7435648275
595,6.18933,6.7448078225
596,6.228907,6.74598404
597,6.269993,6.7470883675
598,6.311441,6.7481182925
599,6.352147,6.7490738625
600,6.391084,6.74995755
601,6.427342,6.75077402
602,6.460159,6.7515298275
603,6.488939,6.75223303
604,6.51327,6.75289278
605,6.532939,6.75351887
606,6.547927,6.75412125
607,6.558415,6.7547095725
608,6.564767,6.7552927225
609,6.56752,6.7558783975
610,6.567361,6.75647271
611,6.5651,6.7570798625
612,6.561639,6.757701885
613,6.557935,6.758338445
614,6.554967,6.75898676
615,6.553688,6.759641585
616,6.554991,6.7602953175
617,6.559668,6.7609381925
618,6.568375,6.7615585625
619,6.581602,6.76214328
620,6.599656,6.7626781375
621,6.622639,6.7631483525
622,6.650449,6.7635391
623,6.682783,6.7638360425
624,6.719149,6.76402584
625,6.758887,6.76409664
626,6.801192,6.764038495
627,6.845145,6.7638437175
628,6.889745,6.763507165
629,6.933936,6.763026425
630,6.976644,6.76240194
631,7.016795,6.7616370225
632,7.053347,6.7607378225
633,7.085305,6.75971322
634,7.111738,6.758574665
635,7.131792,6.75733598
636,7.144692,6.75601312
637,7.149748,6.7546239475
638,7.146351,6.7531879675
639,7.133969,6.751726105
640,7.11213,6.75026048
641,7.080413,6.74881424
642,7.038422,6.74741143
643,6.98576,6.74607693
644,6.921996,6.74483648
645,6.846619,6.7437167975
646,6.758975,6.74274582
647,6.658201,6.741953125
648,6.543108,6.7413705175
649,6.412042,6.7410329325
650,6.26267,6.7409796725
651,6.091655,6.7412561975
652,5.894151,6.741916725
653,5.662952,6.743028075
654,5.386994,6.74467564
655,5.048445,6.746973085
656,4.616442,6.750079305
657,4.031021,6.754231005
658,3.147303,6.759815445
659,1.267999,6.7675826875
660,1.267999,6.7800265575
661,1.267999,6.7924541075
662,1.267999,6.8048709925
663,1.267999,6.8172830925
664,1.267999,6.82969638
665,33.159131,6.8421167925
666,16.61317,6.77482227
667,13.232256,6.74891104
668,11.633608,6.731475615
669,10.669706,6.71806502
670,10.010593,6.7070965975
671,9.522578,6.6978120925
672,9.140397,6.68978699
673,8.828155,6.6827595
674,8.564397,6.6765571875
675,8.335506,6.6710609475
676,8.13244,6.6661855
677,7.948998,6.6618680325
678,7.780831,6.658061175
679,7.624842,6.6547284325
680,7.478815,6.651841095
681,7.341166,6.649376045
682,7.210776,6.647314165
683,7.086872,6.6456391175
684,6.968939,6.6443364
685,6.856657,6.643392585
686,6.749847,6.6427947
687,6.648438,6.642529715
688,6.552432,6.6425841075
689,6.461886,6.64294352
690,6.376888,6.64359246
691,6.297552,6.6445140875
692,6.224001,6.64569003
693,6.156364,6.6471002775
694,6.094771,6.648723125
695,6.039349,6.6505351525
696,5.990215,6.65251127
697,5.947477,6.6546248025
698,5.911224,6.6568476075
699,5.881524,6.6591502575
700,5.858416,6.6615022325
701,5.841897,6.66387215
702,5.831923,6.666228035
703,5.828393,6.6685375725
704,5.831146,6.670768395
705,5.839954,6.6728883425
706,5.854521,6.6748657125
707,5.874481,6.6766694675
708,5.899403,6.6782693875
709,5.928795,6.6796361675
710,5.962117,6.6807414225
711,5.998788,6.68155759
712,6.038201,6.6820577275
713,6.079741,6.6822151675
714,6.122793,6.682003005
715,6.166761,6.6813933925
716,6.211079,6.68035658
717,6.255223,6.67885959
718,6.298717,6.67686439
719,6.341144,6.67432526
720,6.382148,6.6711848225
721,6.421434,6.6673677725
722,6.458769,6.6627701925
723,6.49398,6.65723973
724,6.526946,6.6505340625
725,6.557596,6.642215235
726,6.585901,6.6312466725
727,6.611863,6.6202073475
728,6.635514,6.6091031175
729,6.656904,6.59793976
730,6.676094,6.5867229275
731,6.693155,6.57545812
732,6.708156,6.5927871575
733,6.721169,6.6007614025
734,6.732256,6.60502684
735,6.741476,6.6071734875
736,6.748881,6.6079014275
737,6.754514,6.6075931775
738,6.758414,6.60648873
739,6.760611,6.6047547325
740,6.761135,6.6025164325
741,6.760009,6.599873985
742,6.757259,6.59691138
743,6.752907,6.5937014875
744,6.74698,6.59030898
745,6.739504,6.5867919975
746,6.730512,6.5832030925
747,6.720042,6.579589745
748,6.708137,6.575994625
749,6.694852,6.5724557725
750,6.680251,6.569006705
751,6.664411,6.565676565
752,6.647426,6.5624902725
753,6.629409,6.559468735
754,6.610494,6.5566290725
755,6.59084,6.55398489
756,6.570632,6.5515465625
757,6.550084,6.54932152
758,6.52944,6.5473145425
759,6.508969,6.5455280325
760,6.488972,6.543962285
761,6.469768,6.5426157175
762,6.451698,6.5414851
763,6.435112,6.5405657325
764,6.420362,6.539851615
765,6.407793,6.53933559
766,6.397733,6.5390094575
767,6.390478,6.5388640675
768,6.386283,6.5388894125
769,6.385349,6.539074685
770,6.387816,6.5394083425
771,6.393755,6.53987816
772,6.403158,6.5404712725
773,6.415942,6.5411742275
774,6.431945,6.54197303
775,6.450929,6.5428531975
776,6.472591,6.54379982
777,6.496567,6.5447976125
778,6.522444,6.545830995
779,6.549775,6.5468841625
780,6.57809,6.54794118
781,6.606912,6.5489860725
782,6.635766,6.550002935
783,6.664199,6.5509760575
784,6.691784,6.55189005
785,6.718134,6.5527299975
786,6.742911,6.553481615
787,6.765827,6.5541314125
788,6.786652,6.5546668825
789,6.805216,6.55507669
790,6.821406,6.555350855
791,6.835166,6.555480955
792,6.846492,6.5554603075
793,6.855429,6.5552841525
794,6.862062,6.5549497975
795,6.866513,6.5544567575
796,6.868929,6.55380684
797,6.869478,6.5530042
798,6.868338,6.5520553375
799,6.865695,6.55096904
800,6.861731,6.5497562525
801,6.856622,6.5484298975
802,6.850533,6.54700462
803,6.843614,6.5454964825
804,6.835999,6.5439226125
805,6.827804,6.5423008075
806,6.81913,6.54064913
807,6.810061,6.5389854875
808,6.800669,6.5373272475
809,6.791016,6.5356908575
810,6.781157,6.5340915325
811,6.771143,6.5325429875
812,6.761025,6.5310572275
813,6.750856,6.529644415
814,6.740692,6.528312785
815,6.730597,6.527068635
816,6.720639,6.525916345
817,6.710892,6.52485847
818,6.701438,6.52389585
819,6.692359,6.523027745
820,6.68374,6.5222520125
821,6.675666,6.521565275
822,6.668217,6.5209631
823,6.661466,6.520440185
824,6.655479,6.5199905475
825,6.65031,6.519607685
826,6.646,6.5192847475
827,6.642577,6.519014685
828,6.640057,6.5187903875
829,6.638441,6.51860481
830,6.637717,6.5184510725
831,6.637862,6.5183225675
832,6.638847,6.51821303
833,6.640633,6.5181166
834,6.643179,6.5180278725
835,6.646441,6.517941935
836,6.650376,6.517854385
837,6.654943,6.5177613425
838,6.660108,6.51765945
839,6.66584,6.5175458575
840,6.672115,6.5174182
841,6.678918,6.51727458
842,6.68624,6.517113515
843,6.694076,6.5169339
844,6.70243,6.5167349725
845,6.711307,6.5165162475
846,6.720717,6.5162774725
847,6.730668,6.51601857
848,6.741169,6.515739595
849,6.752224,6.5154406725
850,6.763831,6.5151219675
851,6.775982,6.51478364
852,6.788659,6.5144258175
853,6.801834,6.514048565
854,6.815465,6.51365188
855,6.829499,6.51323569
856,6.843867,6.5127998475
857,6.858487,6.5123441625
858,6.873263,6.511868415
859,6.888084,6.5113723875
860,6.902826,6.510855915
861,6.917354,6.510318915
862,6.931523,6.5097614425
863,6.94518,6.50918373
864,6.958165,6.50858623
865,6.970317,6.507969665
866,6.981473,6.5073350525
867,6.991478,6.50668374
868,7.000178,6.5060174125
869,7.007435,6.505338115
870,7.013122,6.504648245
871,7.01713,6.5039505375
872,7.019372,6.5032480525
873,7.019783,6.5025441325
874,7.018327,6.5018423675
875,7.014994,6.5011465425
876,7.009804,6.500460585
877,7.00281,6.4997885025
878,6.994094,6.499134305
879,6.98377,6.4985019525
880,6.971978,6.4978952675
881,6.958888,6.4973178825
882,6.944692,6.4967731575
883,6.929602,6.496264115
884,6.913845,6.49579339
885,6.897658,6.495363165
886,6.881286,6.4949751325
887,6.864971,6.494630445
888,6.848949,6.4943296975
889,6.833446,6.49407291
890,6.81867,6.493859515
891,6.804809,6.49368837
892,6.792025,6.4935577725
893,6.780454,6.4934654975
894,6.770199,6.4934088325
895,6.761335,6.4933846375
896,6.753902,6.4933894025
897,6.747913,6.4934193325
898,6.743351,6.493470415
899,6.740174,6.4935385075
900,6.738315,6.4936194175
901,6.737691,6.493709
902,6.738202,6.49380323
903,6.739736,6.4938982875
904,6.742177,6.4939906325
905,6.745404,6.4940770625
906,6.749295,6.49415477
907,6.753735,6.4942213875
908,6.758612,6.4942750125
909,6.763824,6.4943142275
910,6.769279,6.4943381
911,6.774897,6.4943461725
912,6.78061,6.49433843
913,6.786362,6.4943152725
914,6.792112,6.4942774575
915,6.79783,6.4942260475
916,6.803499,6.494162335
917,6.809114,6.4940877825
918,6.814681,6.4940039425
919,6.820215,6.49391238
920,6.82574,6.49381461
921,6.831286,6.4937120275
922,6.836889,6.4936058575
923,6.842586,6.4934971025
924,6.848416,6.4933865125
925,6.854416,6.4932745675
926,6.860619,6.493161465
927,6.867047,6.4930471325
928,6.873716,6.4929312575
929,6.880626,6.4928133075
930,6.887764,6.4926925925
931,6.895095,6.4925683125
932,6.902569,6.49243963
933,6.910114,6.492305725
934,6.917636,6.4921658725
935,6.925023,6.492019505
936,6.932144,6.4918662725
937,6.938852,6.4917060925
938,6.944987,6.49153919
939,6.950382,6.4913661275
940,6.954865,6.49118781
941,6.958268,6.49100549
942,6.960426,6.4908207425
943,6.961192,6.49063544
944,6.960434,6.4904517
945,6.958045,6.4902718325
946,6.953946,6.4900982775
947,6.948089,6.48993353
948,6.940461,6.48978007
949,6.931084,6.4896402975
950,6.920018,6.48951646
951,6.907358,6.4894106025
952,6.893233,6.48932451
953,6.877803,6.4892596775
954,6.861255,6.48921729
955,6.843799,6.48919821
956,6.82566,6.48920299
957,6.807075,6.4892318875
958,6.788285,6.4892849025
959,6.76953,6.4893618275
960,6.751038,6.48946229
961,6.733027,6.4895858225
962,6.715691,6.48973192
963,6.699205,6.4899001075
964,6.68371,6.4900899825
965,6.669323,6.4903012875
966,6.656125,6.49053393
967,6.644167,6.490788025
968,6.633471,6.4910639
969,6.624028,6.4913620925
970,6.615805,6.49168334
971,6.60875,6.492028545
972,6.60279,6.49239872
973,6.597846,6.492794945
974,6.593828,6.4932182825
975,6.590648,6.493669715
976,6.588222,6.4941500625
977,6.586472,6.4946599025
978,6.585333,6.4951995
979,6.584757,6.49576874
980,6.584708,6.49636706
981,6.585171,6.496993415
982,6.586146,6.4976462425
983,6.587649,6.4983234425
984,6.58971,6.4990223825
985,6.592368,6.49973991
986,6.595669,6.5004723975
987,6.599662,6.501215785
988,6.604394,6.50196565
989,6.609904,6.502717285
990,6.616221,6.503465785
991,6.623362,6.504206155
992,6.631324,6.504933395
993,6.640086,6.505642615
994,6.649605,6.50632913
995,6.659817,6.5069885575
996,6.670638,6.5076169075
997,6.681963,6.508210655
998,6.693669,6.5087668
999,6.705622,6.50928293
1000,6.717672,6.5097572375
1001,6.729665,6.510188545
1002,6.74144,6.5105763075
1003,6.752839,6.5109206025
1004,6.763706,6.5112220925
1005,6.773891,6.511481995
1006,6.783256,6.5117020325
1007,6.791675,6.5118843725
1008,6.799037,6.5120315575
1009,6.805245,6.512146445
1010,6.810222,6.5122321375
1011,6.813909,6.51229191
1012,6.816263,6.512329135
1013,6.817261,6.512347225
1014,6.816897,6.5123495725
1015,6.815181,6.5123394875
1016,6.812141,6.5123201625
1017,6.807816,6.5122946175
1018,6.802262,6.512265685
1019,6.795545,6.5122359775
1020,6.787742,6.512207875
1021,6.778938,6.512183525
1022,6.769226,6.512164845
1023,6.758702,6.512153535
1024,6.747469,6.5121511025
1025,6.735629,6.512158885
1026,6.723281,6.51217808
1027,6.710524,6.5122097975
1028,6.697449,6.512255085
1029,6.684142,6.5123149775
1030,6.670677,6.5123905325
1031,6.657115,6.5124828725
1032,6.643506,6.51259323
1033,6.629883,6.51272296
1034,6.616264,6.51287358
1035,6.602648,6.5130467775
1036,6.589023,6.5132444275
1037,6.575356,6.5134685775
1038,6.561606,6.51372145
1039,6.547719,6.5140054125
1040,6.533634,6.5143229475
1041,6.519289,6.5146766225
1042,6.504622,6.5150690275
1043,6.48958,6.5155027275
1044,6.474123,6.5159802
1045,6.458228,6.5165037625
1046,6.441897,6.5170754975
1047,6.425158,6.517697185
1048,6.408074,6.51837022
1049,6.390738,6.519095535
1050,6.37328,6.51987354
1051,6.355866,6.5207040475
1052,6.338691,6.521586215
1053,6.321978,6.5225185
1054,6.305972,6.5234986375
1055,6.290933,6.524523615
1056,6.277122,6.5255896725
1057,6.264797,6.52669234
1058,6.2542,6.527826475
1059,6.245547,6.5289863275
1060,6.239019,6.53016563
1061,6.234753,6.5313577025
1062,6.232839,6.5325555725
1063,6.233314,6.5337521
1064,6.236164,6.5349401175
1065,6.241322,6.5361125575
1066,6.248678,6.5372625825
1067,6.258086,6.5383836925
1068,6.26937,6.539469815
1069,6.282337,6.54051538
1070,6.296791,6.54151537
1071,6.312537,6.5424653225
1072,6.329401,6.54336134
1073,6.34723,6.544200045
1074,6.365901,6.544978535
1075,6.385327,6.54569432
1076,6.405453,6.54634524
1077,6.426255,6.5469293875
1078,6.447734,6.547445045
1079,6.469907,6.5478906125
1080,6.492795,6.5482645775
1081,6.516414,6.5485654875
1082,6.540757,6.5487919575
1083,6.565785,6.548942715
1084,6.591413,6.5490166525
1085,6.617503,6.5490129275
1086,6.643853,6.54893107
1087,6.670195,6.548771115
1088,6.696197,6.548533745
1089,6.721462,6.5482204225
1090,6.745539,6.5478335325
1091,6.767929,6.54737649
1092,6.7881,6.54685385
1093,6.805503,6.5462713675
1094,6.819582,6.5456360275
1095,6.829796,6.5449560525
1096,6.835628,6.54424085
1097,6.836599,6.5435009525
1098,6.832284,6.542747905
1099,6.822314,6.54199413
1100,6.806383,6.5412527825
1101,6.784251,6.5405882957
1102,6.755738,6.5399760779
1103,6.720722,6.539432597
1104,6.679125,6.5389747955
1105,6.630902,6.5386199848
1106,6.576023,6.5383857665
1107,6.514449,6.5382899975
1108,6.446115,6.5383508163
1109,6.370897,6.5385867136
1110,6.288584,6.5390166872
1111,6.198843,6.539660473
1112,6.101177,6.5405388686
1113,5.994876,6.5416741705
1114,5.878948,6.5430907461
1115,5.752036,6.5448157922
1116,5.612283,6.5468803229
1117,5.457143,6.5493205248
1118,5.283065,6.5521796283
1119,5.084969,6.5555106378
1120,4.855328,6.5593804842
1121,4.582402,6.5638766649
1122,4.246584,6.5691186614
1123,3.811713,6.5752792308
1124,3.199415,6.582629141
1125,2.170171,6.5916510453
1126,2.170171,6.6034731845
1127,2.170171,6.6153587131
1128,2.170171,6.6273081425
1129,2.170171,6.6393219892
1130,2.170171,6.6514007757
1131,13.62477,6.6635450298
1132,9.897854,6.6446286576
1133,8.427344,6.6357642834
1134,7.590915,6.6308692568
1135,7.032652,6.6282389945
1136,6.625581,6.6271279698
1137,6.312735,6.6271322314
1138,6.064815,6.628000732
1139,5.865291,6.6295608033
1140,5.704156,6.631683775
1141,5.574967,6.6342674178
1142,5.473302,6.6372263575
1143,5.395904,6.6404866499
1144,5.340187,6.6439826685
1145,5.303942,6.6476553324
1146,5.285173,6.6514511328
1147,5.281994,6.6553216091
1148,5.292596,6.659223108
1149,5.315225,6.6631166325
1150,5.348195,6.6669677514
1151,5.389894,6.6707464699
1152,5.438811,6.6744270805
1153,5.493544,6.6779879337
1154,5.552821,6.6814111821
1155,5.615509,6.684682458
1156,5.680615,6.6877905203
1157,5.747293,6.6907268921
1158,5.814836,6.6934854708
1159,5.88267,6.6960621554
1160,5.950345,6.6984544853
1161,6.017521,6.7006612979
1162,6.083951,6.7026824231
1163,6.149465,6.7045184214
1164,6.213952,6.7061703661
1165,6.27734,6.7076396746
1166,6.339577,6.708927997
1167,6.400616,6.7100371592
1168,6.460392,6.7109691506
1169,6.518812,6.7117261813
1170,6.575743,6.7123107697
1171,6.631,6.7127258693
1172,6.68434,6.7129750335
1173,6.735463,6.7130626024
1174,6.784012,6.7129938896
1175,6.829578,6.7127753723
1176,6.871708,6.7124148704
1177,6.90992,6.7119217028
1178,6.943711,6.7113068012
1179,6.972582,6.7105828006
1180,6.996047,6.7097640531
1181,7.013657,6.7088666144
1182,7.025015,6.7079081541
1183,7.029796,6.706907817
1184,7.027763,6.705886019
1185,7.018781,6.7048641873
1186,7.00283,6.7038644522
1187,6.980015,6.7029092907
1188,6.950575,6.7020211314
1189,6.914882,6.7012219228
1190,6.873446,6.7005326968
1191,6.826907,6.6999731068
1192,6.77603,6.6995609838
1193,6.721687,6.699311899
1194,6.664846,6.6992387778
1195,6.606546,6.699351541
1196,6.547873,6.6996568224
1197,6.489933,6.7001577591
1198,6.433819,6.7008538675
1199,6.38058,6.7017410266
1200,6.331189,6.7028115633
1201,6.286511,6.7040544482
1202,6.247278,6.7054556007
1203,6.214066,6.7069982862
1204,6.187277,6.708663598
1205,6.167133,6.7104310102
1206,6.153673,6.7122789626
1207,6.146765,6.7141854676
1208,6.146113,6.7161286884
1209,6.151286,6.7180875052
1210,6.161739,6.7200419931
1211,6.176839,6.7219738374
1212,6.1959,6.7238666667
1213,6.218204,6.7257062718
1214,6.243032,6.7274807552
1215,6.269681,6.7291805754
1216,6.297489,6.7307985317
1217,6.325844,6.7323296608
1218,6.354196,6.7337710993
1219,6.382066,6.7351219004
1220,6.409045,6.7363828143
1221,6.434796,6.7375560681
1222,6.459051,6.7386451331
1223,6.481611,6.7396544982
1224,6.502334,6.7405894384
1225,6.521135,6.7414558218
1226,6.537975,6.7422599124
1227,6.552858,6.7430082088
1228,6.565826,6.7437072904
1229,6.576946,6.744363679
1230,6.586315,6.7449837444
1231,6.594047,6.7455735911
1232,6.600275,6.7461389888
1233,6.605142,6.7466852959
1234,6.608804,6.7472174135
1235,6.611421,6.7477397283
1236,6.613159,6.7482560871
1237,6.614186,6.7487697643
1238,6.614671,6.7492834427
1239,6.614777,6.7497991992
1240,6.614667,6.7503185154
1241,6.614492,6.7508422664
1242,6.614394,6.7513707558
1243,6.614505,6.7519037393
1244,6.61494,6.7524404531
1245,6.615797,6.7529796706
1246,6.617156,6.7535197598
1247,6.619078,6.754058747
1248,6.6216,6.7545943849
1249,6.624742,6.755124243
1250,6.6285,6.755645772
1251,6.632853,6.7561563976
1252,6.637758,6.7566535887
1253,6.64316,6.7571349474
1254,6.648989,6.7575982602
1255,6.655162,6.7580415633
1256,6.661593,6.7584632008
1257,6.668188,6.7588618436
1258,6.674852,6.7592365289
1259,6.681495,6.7595866722
1260,6.688026,6.7599120542
1261,6.694365,6.7602128326
1262,6.700438,6.7604895042
1263,6.70618,6.7607428861
1264,6.711539,6.7609740847
1265,6.716472,6.7611844468
1266,6.720948,6.7613755256
1267,6.724947,6.7615490343
1268,6.728459,6.7617068017
1269,6.731487,6.7618507316
1270,6.734039,6.7619827478
1271,6.736136,6.7621047729
1272,6.737804,6.7622186711
1273,6.739077,6.7623262247
1274,6.739997,6.7624290973
1275,6.740611,6.7625287956
1276,6.740971,6.7626266429
1277,6.741131,6.7627237534
1278,6.741153,6.762821018
1279,6.741096,6.7629190633
1280,6.741024,6.7630182591
1281,6.740998,6.7631186895
1282,6.741075,6.7632201606
1283,6.741312,6.763322212
1284,6.741755,6.7634241111
1285,6.742445,6.7635248977
1286,6.743411,6.7636234019
1287,6.744672,6.7637182958
1288,6.746234,6.7638081368
1289,6.748088,6.7638914265
1290,6.750212,6.763966681
1291,6.75257,6.7640324928
1292,6.755115,6.764087601
1293,6.757788,6.7641309469
1294,6.760521,6.7641617379
1295,6.763241,6.7641794976
1296,6.765874,6.764184098
1297,6.768346,6.7641757734
1298,6.770588,6.7641551287
1299,6.772538,6.7641231244
1300,6.774148,6.76408105
1301,6.775383,6.7640304623
1302,6.776225,6.7639731263
1303,6.776674,6.763910934
1304,6.776749,6.7638458163
1305,6.776487,6.7637796462
1306,6.775942,6.7637141443
1307,6.775185,6.7636507876
1308,6.774298,6.7635907135
1309,6.773373,6.7635346545
1310,6.772508,6.7634828737
1311,6.7718,6.7634351217
1312,6.771347,6.7633906277
1313,6.771236,6.7633480802
1314,6.771548,6.763305672
1315,6.772345,6.7632611189
1316,6.773678,6.76321175
1317,6.775578,6.7631545574
1318,6.778056,6.7630862967
1319,6.781107,6.7630035912
1320,6.784707,6.7629030167
1321,6.788818,6.7627812067
1322,6.793387,6.7626349326
1323,6.79835,6.7624611921
1324,6.803638,6.7622572784
1325,6.809175,6.7620208171
1326,6.814886,6.7617498161
1327,6.820697,6.7614426705
1328,6.826536,6.7610981686
1329,6.83234,6.7607154912
1330,6.838052,6.7602941706
1331,6.843622,6.7598340651
1332,6.849007,6.7593353274
1333,6.854173,6.7587983713
1334,6.859089,6.7582238253
1335,6.86373,6.7576125212
1336,6.868072,6.7569654634
1337,6.872091,6.7562838282
1338,6.875762,6.7555689691
1339,6.879055,6.7548224286
1340,6.881937,6.754045975
1341,6.884369,6.7532416289
1342,6.886305,6.7524117089
1343,6.887696,6.7515588854
1344,6.888487,6.7506862115
1345,6.888623,6.7497971742
1346,6.888047,6.7488957078
1347,6.886705,6.7479862222
1348,6.884552,6.7470735987
1349,6.881549,6.7461631457
1350,6.877675,6.7452605733
1351,6.872921,6.7443718859
1352,6.8673,6.7435033108
1353,6.860848,6.7426611565
1354,6.853623,6.7418516575
1355,6.845711,6.7410808207
1356,6.837219,6.7403542222
1357,6.828281,6.7396768462
1358,6.819055,6.7390528732
1359,6.809715,6.7384854823
1360,6.800451,6.7379767
1361,6.791466,6.7375272446
1362,6.782966,6.7371363841
1363,6.775155,6.7368018613
1364,6.768232,6.7365198529
1365,6.76238,6.7362849481
1366,6.757763,6.736090209
1367,6.754517,6.7359272556
1368,6.752748,6.7357864242
1369,6.752527,6.7356569466
1370,6.753887,6.7355271769
1371,6.75682,6.7353848527
1372,6.76128,6.7352173906
1373,6.767181,6.7350121732
1374,6.774401,6.7347568651
1375,6.782787,6.734439712
1376,6.792158,6.7340498145
1377,6.802311,6.7335773902
1378,6.813029,6.733014
1379,6.824085,6.732352719
1380,6.83525,6.7315882833
1381,6.846302,6.7307171765
1382,6.857026,6.7297376441
1383,6.867225,6.7286497094
1384,6.876721,6.7274550948
1385,6.885363,6.7261571304
1386,6.893024,6.7247605877
1387,6.899608,6.723271531
1388,6.905048,6.7216970982
1389,6.909304,6.7200452883
1390,6.912369,6.7183247545
1391,6.914258,6.7165445321
1392,6.915012,6.7147138519
1393,6.914692,6.7128419065
1394,6.913376,6.7109376604
1395,6.911157,6.7090096762
1396,6.908137,6.7070659519
1397,6.904421,6.7051138058
1398,6.900121,6.7031598137
1399,6.895345,6.701209703
1400,6.890195,6.69926835
1401,6.88477,6.697339798
1402,6.879158,6.6954272449
1403,6.873435,6.6935331134
1404,6.867667,6.6916591354
1405,6.861906,6.6898064211
1406,6.856192,6.6879755745
1407,6.850549,6.6861667957
1408,6.844992,6.6843800326
1409,6.839522,6.6826150659
1410,6.834131,6.6808716556
1411,6.828799,6.6791496404
1412,6.823499,6.6774490795
1413,6.8182,6.6757703448
1414,6.812863,6.674114186
1415,6.807451,6.6724818471
1416,6.801923,6.6708750714
1417,6.796243,6.6692961807
1418,6.790379,6.6677480488
1419,6.784304,6.6662340864
1420,6.778002,6.6647582125
1421,6.771466,6.6633247468
1422,6.764702,6.6619383205
1423,6.757729,6.6606037273
1424,6.750582,6.6593257632
1425,6.743307,6.6581090133
1426,6.735968,6.6569576892
1427,6.728639,6.6558753562
1428,6.721406,6.65486475
1429,6.714364,6.6539275493
1430,6.707613,6.6530641714
1431,6.701258,6.6522736087
1432,6.695398,6.65155325
1433,6.690131,6.6508988507
1434,6.685543,6.6503044242
1435,6.681708,6.6497622923
1436,6.678683,6.6492631406
1437,6.676505,6.6487961587
1438,6.675191,6.6483492419
1439,6.674733,6.6479092131
1440,6.675104,6.64746215
1441,6.676251,6.6469936441
1442,6.678102,6.6464892069
1443,6.680569,6.6459345965
1444,6.683548,6.645316125
1445,6.686922,6.644621
1446,6.690572,6.6438376481
1447,6.694372,6.6429558679
1448,6.6982,6.6419670962
1449,6.70194,6.6408644902
1450,6.705483,6.63964298
1451,6.708733,6.6382993061
1452,6.711605,6.6368319375
1453,6.714033,6.6352410213
1454,6.715963,6.6335281522
1455,6.717356,6.6316962667
1456,6.718189,6.6297494545
1457,6.718451,6.6276927209
1458,6.718141,6.6255318095
1459,6.717268,6.6232730488
1460,6.715848,6.620923175
1461,6.713901,6.6184892051
1462,6.71145,6.6159783684
1463,6.708521,6.6133980541
1464,6.70514,6.61075575
1465,6.701332,6.6080590571
1466,6.697122,6.6053157353
1467,6.692535,6.6025337273
1468,6.687596,6.5997211875
1469,6.682333,6.5968865161
1470,6.676772,6.5940383
1471,6.670944,6.5911854138
1472,6.664883,6.5883368929
1473,6.658626,6.5855018519
1474,6.652215,6.5826893846
1475,6.645695,6.57990836
1476,6.639112,6.57716725
1477,6.632518,6.574474
1478,6.625961,6.5718356364
1479,6.619493,6.5692582381
1480,6.613159,6.5667465
1481,6.607002,6.5643037368
1482,6.60106,6.5619316111
1483,6.59536,6.5596299412
1484,6.589923,6.5573968125
1485,6.58476,6.5552284
1486,6.579871,6.553119
1487,6.575247,6.5510611538
1488,6.570868,6.5490456667
1489,6.566706,6.5470618182
1490,6.562722,6.5450974
1491,6.558873,6.5431391111
1492,6.555107,6.541172375
1493,6.551367,6.5391817143
1494,6.547592,6.5371508333
1495,6.543715,6.5350626
1496,6.539669,6.5328995
1497,6.53538,6.530643
1498,6.530774,6.5282745
1499,6.525775,6.525775
