0,0,0
1,0,0.0122205681
2,0,0.0244567151
3,0,0.0367081685
4,0,0.0489745
5,0,0.0612551219
6,0,0.0735492957
7,0,0.0858561326
8,0,0.0981746004
9,0,0.1105035305
10,0,0.1228416254
11,0,0.1351874695
12,0,0.1475395394
13,0,0.1598962151
14,0,0.1722557975
15,0,0.1846165179
16,0,0.1969765538
17,0,0.2093340466
18,0,0.2216871201
19,0,0.2340338907
20,0,0.2463724928
21,0,0.2587010896
22,0,0.2710178978
23,0,0.2833211971
24,0,0.2956093548
25,0,0.3078808387
26,0,0.3201342312
27,0,0.3323682473
28,0,0.3445817491
29,0,0.3567737527
30,0,0.3689434444
31,0,0.3810901846
32,0,0.3932135179
33,0,0.4053131774
34,0,0.4173890824
35,0,0.4294413459
36,0,0.4414702652
37,0,0.4534763208
38,0,0.4654601703
39,0,0.477422638
40,0,0.4893647007
41,0,0.5012874785
42,0,0.5131922186
43,0,0.525080276
44,0,0.5369531022
45,0,0.5488122204
46,0,0.5606592097
47,0,0.5724956864
48,0,0.5843232814
49,0,0.5961436272
50,0,0.6079583333
51,0,0.6197689713
52,0,0.6315770627
53,0,0.6433840609
54,0,0.6551913351
55,0,0.6670001649
56,0,0.678811724
57,0,0.6906270753
58,0,0.7024471631
59,0,0.7142728082
60,0,0.7261047043
61,0,0.7379434122
62,0,0.7497893602
63,0,0.7616428441
64,0,0.7735040287
65,0,0.7853729444
66,0,0.797249491
67,0,0.8091334427
68,0,0.8210244444
69,0,0.8329220197
70,0,0.8448255699
71,0,0.8567343799
72,0,0.8686476201
73,0,0.8805643513
74,0,0.8924835269
75,0,0.9044039964
76,0,0.9163245143
77,0,0.9282437437
78,0,0.9401602634
79,0,0.9520725717
80,0,0.9639791004
81,0,0.975878224
82,0,0.9877682652
83,0,0.9996475143
84,0,1.0115142384
85,0,1.0233667007
86,0,1.0352031738
87,0,1.0470219588
88,0,1.0588214086
89,0,1.0705999409
90,0,1.0823560663
91,0,1.0940884068
92,0,1.1057957186
93,0,1.1174769122
94,0,1.1291310735
95,0,1.1407574857
96,0,1.152355647
97,0,1.1639252849
98,0,1.1754663728
99,0,1.1869791398
100,0,1.1984640771
101,0,1.2099219427
102,0,1.2213537599
103,0,1.2327608154
104,0,1.2441446487
105,0,1.2555070358
106,0,1.2668499749
107,0,1.2781756667
108,0,1.2894864839
109,0,1.3007849462
110,0,1.31207369
111,0,1.3233554319
112,0,1.3346329391
113,0,1.345908991
114,0,1.3571863513
115,0,1.3684677294
116,0,1.3797557545
117,0,1.391052948
118,0,1.4023616971
119,0,1.4136842366
120,0,1.4250226344
121,0,1.4363787796
122,0,1.447754371
123,0,1.4591509247
124,0,1.470569767
125,0,1.4820120448
126,0,1.493478733
127,0,1.5049706505
128,0,1.5164884713
129,0,1.5280327384
130,0,1.5396038853
131,0,1.5512022491
132,0,1.5628280878
133,0,1.5744815968
134,0,1.5861629176
135,0,1.5978721523
136,0,1.6096093692
137,0,1.6213746039
138,0,1.6331678638
139,0,1.6449891237
140,0,1.6568383172
141,0,1.6687153297
142,0,1.6806199785
143,0,1.692552
144,0,1.7045110305
145,0,1.7164965789
146,0,1.728508009
147,0,1.740544509
148,0,1.7526050681
149,0,1.7646884498
150,0,1.7767931649
151,0,1.7889174444
152,0,1.8010592186
153,0,1.813216086
154,0,1.8253852975
155,0,1.8375637312
156,0,1.8497478656
157,0,1.861933767
158,0,1.8741170591
159,0,1.8862929014
160,0,1.8984559624
161,0,1.9106003871
162,0,1.9227197616
163,0,1.9348070573
164,0,1.9468545771
165,0,1.958853871
166,0,1.9707956344
167,0,1.9826695717
168,0,1.9944642097
169,0,2.0061666559
170,0,2.0177622688
171,0,2.0292341989
172,0,2.0405627563
173,0,2.0517245072
174,0,2.0626909624
175,0,2.0734266075
176,0,2.0838858548
177,0,2.0940080824
178,0,2.1037091147
179,0,2.1128654104
180,0,2.1212813602
181,0,2.1286091559
182,0,2.1340759444
183,0,2.139542733
184,0,2.1450095215
185,0,2.15047631
186,0,2.1559430986
187,0,2.2058481989
188,0,2.2309322975
189,0,2.2512824875
190,0,2.2694450717
191,0,2.286306095
192,0,2.3022846272
193,0,2.3176136631
194,0,2.3324366774
195,0,2.3468485789
196,0,2.3609156075
197,0,2.3746860125
198,0,2.3881962007
199,0,2.401474491
200,0,2.4145435269
201,0,2.4274218692
202,0,2.440125095
203,0,2.4526665699
204,0,2.465058
205,0,2.4773098513
206,0,2.4894316416
207,0,2.5014321792
208,0,2.5133197312
209,0,2.5251021595
210,0,2.5367870161
211,0,2.5483816219
212,0,2.5598931201
213,0,2.5713285125
214,0,2.58269469
215,0,2.5939984391
216,0,2.6052464552
217,0,2.6164453333
218,0,2.6276015681
219,0,2.6387215305
220,0,2.6498114588
221,0,2.6608774355
222,0,2.6719253656
223,0,2.6829609552
224,0,2.6939896846
225,0,2.7050167885
226,0,2.7160472348
227,0,2.7270857043
228,0,2.7381365681
229,0,2.7492038763
230,0,2.7602913459
231,0,2.7714023441
232,0,2.7825398889
233,0,2.793706638
234,0,2.8049048907
235,0,2.8161365896
236,0,2.8274033244
237,0,2.8387063405
238,0,2.8500465466
239,0,2.8614245269
240,0,2.8728405538
241,0,2.8842946057
242,0,2.8957863817
243,0,2.9073153172
244,0,2.9188806093
245,0,2.9304812276
246,0,2.9421159373
247,0,2.9537833226
248,0,2.9654818011
249,0,2.9772096434
250,0,2.9889649982
251,0,3.0007459032
252,0,3.0125503118
253,0,3.0243761057
254,0,3.0362211111
255,0,3.0480831219
256,0,3.0599599104
257,0,3.0718492437
258,0,3.0837489014
259,0,3.09565669
260,0,3.1075704534
261,0,3.1194880896
262,0,3.1314075645
263,0,3.1433269229
264,0,3.1552443011
265,0,3.1671579409
266,0,3.1790661989
267,0,3.1909675591
268,0,3.2028606434
269,0,3.2147442186
270,0,3.2266172115
271,0,3.2384787133
272,0,3.2503279875
273,0,3.2621644767
274,0,3.2739878118
275,0,3.2857978082
276,0,3.2975944767
277,0,3.3093780179
278,0,3.3211488262
279,0,3.3329074803
280,0,3.3446547455
281,0,3.3563915627
282,0,3.3681190394
283,0,3.3798384373
284,0,3.3915511613
285,0,3.4032587401
286,0,3.4149628136
287,0,3.4266651093
288,0,3.4383674247
289,0,3.4500716022
290,0,3.4617795108
291,0,3.4734930179
292,0,3.4852139695
293,0,3.4969441667
294,0,3.5086853405
295,0,3.5204391344
296,0,3.5322070824
297,0,3.5439905896
298,0,3.5557909158
299,0,3.5676091631
300,0,3.5794462634
301,0,3.5913029695
302,0,3.6031798477
303,0,3.6150772742
304,0,3.6269954337
305,0,3.6389343244
306,0,3.6508937581
307,0,3.6628733674
308,0,3.6748726165
309,0,3.6868908065
310,0,3.6989270968
311,0,3.710980509
312,0,3.7230499462
313,0,3.7351342097
314,0,3.7472320143
315,0,3.7593420054
316,0,3.7714627706
317,0,3.7835928656
318,0,3.7957308244
319,0,3.8078751738
320,0,3.8200244516
321,0,3.8321772204
322,0,3.8443320806
323,0,3.856487681
324,0,3.8686427294
325,0,3.8807960054
326,0,3.8929463674
327,0,3.9050927581
328,0,3.9172342133
329,0,3.9293698638
330,0,3.9414989462
331,0,3.9536207957
332,0,3.9657348566
333,0,3.9778406792
334,0,3.9899379176
335,0,4.0020263351
336,0,4.0141057957
337,0,4.026176267
338,0,4.0382378154
339,0,4.0502906004
340,0,4.0623348746
341,0,4.0743709785
342,0,4.0863993333
343,0,4.0984204373
344,0,4.1104348602
345,0,4.1224432401
346,0,4.1344462742
347,0,4.1464447151
348,0,4.1584393638
349,0,4.1704310663
350,0,4.1824207025
351,0,4.1944091882
352,0,4.2063974606
353,0,4.2183864803
354,0,4.2303772186
355,0,4.2423706559
356,0,4.2543677778
357,0,4.2663695663
358,0,4.2783769946
359,0,4.2903910233
360,0,4.302412595
361,0,4.314442629
362,0,4.3264820143
363,0,4.3385316093
364,0,4.350592233
365,0,4.3626646595
366,0,4.3747496147
367,0,4.3868477724
368,0,4.3989597491
369,0,4.411086095
370,0,4.4232272939
371,0,4.4353837581
372,0,4.4475558226
373,0,4.4597437419
374,0,4.4719476846
375,0,4.484167733
376,0,4.4964038763
377,0,4.5086560125
378,0,4.5209239409
379,0,4.5332073674
380,0,4.5455058961
381,0,4.5578190394
382,0,4.5701462079
383,0,4.582486724
384,0,4.5948398154
385,0,4.6072046254
386,0,4.6195802133
387,0,4.6319655663
388,0,4.6443596004
389,0,4.656761172
390,0,4.6691690842
391,0,4.6815821022
392,0,4.6939989552
393,0,4.7064183548
394,0,4.7188390018
395,0,4.7312595986
396,0,4.7436788638
397,0,4.756095543
398,0,4.7685084194
399,0,4.7809163262
400,0,4.7933181595
401,0,4.8057128835
402,0,4.8180995466
403,0,4.8304772867
404,0,4.8428453405
405,0,4.8552030502
406,0,4.8675498656
407,0,4.8798853513
408,0,4.89220919
409,0,4.904521181
410,0,4.9168212419
411,0,4.929109405
412,0,4.941385819
413,0,4.9536507366
414,0,4.9659045143
415,0,4.9781476093
416,0,4.9903805609
417,0,5.0026039946
418,0,5.0148186039
419,0,5.027025147
420,0,5.0392244301
421,0,5.0514173065
422,0,5.0636046577
423,0,5.0757873889
424,0,5.0879664176
425,0,5.1001426667
426,0,5.1123170538
427,0,5.1244904839
428,0,5.1366638441
429,0,5.1488379928
430,0,5.1610137599
431,0,5.1731919373
432,0,5.1853732742
433,0,5.1975584785
434,0,5.2097482097
435,0,5.2219430771
436,0,5.2341436398
437,0,5.2463504032
438,0,5.258563819
439,0,5.2707842814
440,0,5.2830121308
441,0,5.2952476505
442,0,5.3074910663
443,0,5.3197425448
444,0,5.3320021935
445,0,5.3442700609
446,0,5.3565461344
447,0,5.3688303387
448,0,5.3811225341
449,0,5.3934225179
450,0,5.4057300233
451,0,5.4180447133
452,0,5.4303661864
453,0,5.4426939713
454,0,5.4550275323
455,0,5.4673662652
456,0,5.4797094982
457,0,5.4920564946
458,0,5.5044064588
459,0,5.5167585323
460,0,5.5291118029
461,0,5.5414653082
462,0,5.5538180394
463,0,5.5661689498
464,0,5.5785169606
465,0,5.5908609695
466,0,5.6031998602
467,0,5.615532509
468,0,5.6278577939
469,0,5.6401746111
470,0,5.6524818763
471,0,5.6647785394
472,0,5.6770635968
473,0,5.689336095
474,0,5.7015951434
475,0,5.7138399265
476,0,5.7260697061
477,0,5.7382838315
478,0,5.7504817455
479,0,5.7626629928
480,0,5.7748272168
481,0,5.7869741703
482,0,5.7991037151
483,0,5.8112158208
484,0,5.8233105663
485,0,5.835388138
486,0,5.847448828
487,0,5.8594930287
488,0,5.8715212294
489,0,5.8835340108
490,0,5.8955320376
491,0,5.9075160573
492,0,5.9194868835
493,0,5.9314453978
494,0,5.9433925376
495,0,5.9553292867
496,0,5.967256672
497,0,5.9791757527
498,0,5.9910876129
499,0,6.002993353
500,0,6.0148940842
501,0,6.0267909229
502,0,6.0386849785
503,0,6.0505773495
504,0,6.0624691183
505,0,6.0743613441
506,0,6.0862550556
507,0,6.0981512473
508,0,6.110050871
509,0,6.1219548315
510,0,6.1338639839
511,0,6.1457791237
512,0,6.1577009857
513,0,6.1696302384
514,0,6.1815674785
515,0,6.1935132258
516,0,6.2054679211
517,0,6.2174319229
518,0,6.2294055036
519,0,6.2413888441
520,0,6.2533820394
521,0,6.265385086
522,0,6.2773978925
523,0,6.2894202706
524,0,6.3014519391
525,0,6.3134925269
526,0,6.3255415717
527,0,6.3375985233
528,0,6.3496627491
529,0,6.3617335358
530,0,6.3738100968
531,0,6.3858915753
532,0,6.3979770502
533,0,6.4100655448
534,0,6.4221560323
535,0,6.4342474427
536,0,6.4463386703
537,0,6.4584285789
538,0,6.4705160161
539,0,6.4825998118
540,0,6.4946787939
541,0,6.5067517867
542,0,6.5188176272
543,0,6.5308751631
544,0,6.5429232634
545,0,6.5549608226
546,0,6.5669867652
547,0,6.5790000538
548,0,6.5909996864
549,0,6.6029847061
550,0,6.6149542043
551,0,6.626907319
552,0,6.6388432401
553,0,6.6507612115
554,0,6.6626605323
555,0,6.6745405627
556,0,6.6864007186
557,0,6.6982404785
558,6.819077,6.7100593835
559,6.82777,6.7096364731
560,6.836311,6.7091764086
561,6.844613,6.7086792061
562,6.852587,6.7081451075
563,6.860149,6.7075745878
564,6.867215,6.706968353
565,6.873705,6.7063273369
566,6.879543,6.7056527007
567,6.884657,6.704945828
568,6.888981,6.704208319
569,6.892455,6.7034419875
570,6.895025,6.7026488477
571,6.896647,6.7018311075
572,6.897282,6.7009911541
573,6.8969,6.7001315448
574,6.895481,6.699254991
575,6.893015,6.6983643441
576,6.889498,6.6974625699
577,6.88494,6.6965527437
578,6.879357,6.6956380143
579,6.872779,6.694721595
580,6.865241,6.693806733
581,6.856792,6.69289669
582,6.847488,6.6919947115
583,6.837393,6.691104009
584,6.826581,6.690227733
585,6.815134,6.6893689444
586,6.803138,6.6885305896
587,6.790688,6.6877154821
588,6.777881,6.6869262706
589,6.76482,6.6861654265
590,6.75161,6.6854352151
591,6.738355,6.6847376792
592,6.725163,6.6840746272
593,6.712137,6.6834476129
594,6.699379,6.6828579247
595,6.686988,6.6823065806
596,6.675057,6.6817943136
597,6.663671,6.6813215699
598,6.65291,6.6808885143
599,6.642845,6.6804950179
600,6.633536,6.6801406703
601,6.625037,6.6798247832
602,6.617388,6.6795463889
603,6.61062,6.6793042599
604,6.604754,6.6790969104
605,6.599798,6.6789226093
606,6.595753,6.6787793943
607,6.592606,6.6786650789
608,6.590336,6.6785772688
609,6.588915,6.6785133763
610,6.588305,6.6784706272
611,6.588459,6.6784460753
612,6.589327,6.6784366237
613,6.59085,6.6784390269
614,6.592966,6.6784499068
615,6.595609,6.6784657688
616,6.59871,6.6784830072
617,6.602198,6.6784979229
618,6.605999,6.6785067276
619,6.610039,6.6785055663
620,6.614244,6.6784905215
621,6.618541,6.6784576272
622,6.622855,6.6784028781
623,6.627113,6.6783222437
624,6.631245,6.6782116828
625,6.635179,6.678067147
626,6.638847,6.6778845968
627,6.642181,6.6776600072
628,6.645116,6.6773893781
629,6.647588,6.6770687384
630,6.649536,6.6766941452
631,6.6509,6.6762616846
632,6.651622,6.6757674624
633,6.651649,6.6752075878
634,6.65093,6.6745781416
635,6.649418,6.6738751362
636,6.647068,6.6730944462
637,6.643843,6.6722317204
638,6.639711,6.6712822384
639,6.634643,6.6702407097
640,6.628621,6.6691009875
641,6.621632,6.6678556254
642,6.613674,6.6664952115
643,6.604752,6.6650073118
644,6.594882,6.6633747348
645,6.584093,6.6615725
646,6.572421,6.65956219
647,6.559918,6.6572803781
648,6.546646,6.6546115645
649,6.53268,6.6513112222
650,6.518106,6.6466949767
651,6.503022,6.6421048495
652,6.487538,6.6375417545
653,6.471774,6.642134224
654,6.455858,6.6438881774
655,6.439927,6.644661672
656,6.424124,6.6449319283
657,6.408595,6.6448961505
658,6.393489,6.6446565932
659,6.378954,6.6442742401
660,6.365137,6.643789181
661,6.352179,6.643229733
662,6.340212,6.6426170269
663,6.32936,6.6419675161
664,6.319736,6.6412944247
665,6.311436,6.6406086398
666,6.304542,6.6399192903
667,6.299119,6.6392341165
668,6.295212,6.6385597294
669,6.292849,6.6379017993
670,6.292037,6.6372651864
671,6.292767,6.6366540448
672,6.295009,6.6360718978
673,6.298718,6.6355217043
674,6.303834,6.635005914
675,6.310282,6.6345265072
676,6.317977,6.6340850323
677,6.326826,6.6336826416
678,6.336729,6.6333201129
679,6.34758,6.6329978763
680,6.359277,6.6327160341
681,6.371714,6.6324743692
682,6.384791,6.6322723638
683,6.398412,6.6321092043
684,6.41249,6.6319837903
685,6.426944,6.6318947348
686,6.441701,6.6318403746
687,6.4567,6.6318187706
688,6.471887,6.6318277097
689,6.487218,6.6318647133
690,6.502658,6.6319270394
691,6.518177,6.6320116935
692,6.533753,6.6321154444
693,6.549367,6.6322348315
694,6.565001,6.6323661918
695,6.580639,6.6325056846
696,6.596263,6.632649319
697,6.61185,6.6327929892
698,6.627373,6.6329325143
699,6.642794,6.633063681
700,6.658068,6.6331822975
701,6.673139,6.6332842419
702,6.687936,6.6333655197
703,6.702378,6.6334223244
704,6.716367,6.6334510968
705,6.729792,6.6334485878
706,6.742527,6.6334119211
707,6.754431,6.6333386559
708,6.765348,6.6332268423
709,6.77511,6.633075086
710,6.783532,6.632882595
711,6.79042,6.6326492401
712,6.795566,6.6323755914
713,6.798747,6.6320629624
714,6.799733,6.6317134534
715,6.798277,6.6313299749
716,6.79412,6.6309162814
717,6.786988,6.6304769946
718,6.776589,6.6300176237
719,6.762611,6.6295445896
720,6.744711,6.6290652437
721,6.722516,6.6285879014
722,6.695606,6.628121871
723,6.663504,6.6276775108
724,6.625657,6.6272662903
725,6.581408,6.6269008978
726,6.529965,6.6265953799
727,6.470352,6.6263653459
728,6.401337,6.6262282545
729,6.321335,6.6262038297
730,6.228257,6.6263146523
731,6.119282,6.6265870215
732,5.99049,6.6270522312
733,5.83626,6.6277485054
734,5.648203,6.628724009
735,5.413176,6.6300417903
736,5.109213,6.6317882688
737,4.6961,6.6340890358
738,4.08891,6.6371415358
739,3.050468,6.6412951953
740,3.050468,6.6473242581
741,3.050468,6.6533688799
742,3.050468,6.6594300018
743,3.050468,6.6655083477
744,27.847046,6.6716044337
745,13.996927,6.6332802688
746,11.355406,6.6197953082
747,10.134722,6.6110624373
748,9.408451,6.6045351828
749,8.916021,6.5993272043
750,8.553602,6.5950190251
751,8.271242,6.5913771559
752,8.041841,6.5882575538
753,7.849402,6.5855646882
754,7.683886,6.5832316613
755,7.538685,6.581209543
756,7.409286,6.5794612419
757,7.292522,6.5779577581
758,7.186115,6.5766757849
759,7.0884,6.5755961254
760,6.998143,6.5747026022
761,6.914418,6.5739812885
762,6.836533,6.5734199642
763,6.763959,6.5730076953
764,6.6963,6.5727345484
765,6.633254,6.5725913477
766,6.574595,6.572569509
767,6.52015,6.5726608996
768,6.46979,6.5728577384
769,6.423416,6.5731525179
770,6.380949,6.5735379409
771,6.342327,6.5740068817
772,6.307492,6.574552353
773,6.276393,6.5751674875
774,6.248974,6.5758455269
775,6.225179,6.5765798208
776,6.204939,6.5773638226
777,6.18818,6.5781911129
778,6.174815,6.5790553961
779,6.164745,6.5799505287
780,6.157859,6.5808705341
781,6.154031,6.5818096201
782,6.153124,6.5827622079
783,6.154989,6.583722948
784,6.159466,6.5846867437
785,6.166382,6.5856487688
786,6.175558,6.5866044946
787,6.186808,6.5875496989
788,6.199937,6.5884804821
789,6.21475,6.5893932814
790,6.231046,6.5902848799
791,6.248625,6.591152414
792,6.267288,6.5919933746
793,6.286838,6.5928056111
794,6.307083,6.593587328
795,6.327835,6.5943370753
796,6.348913,6.5950537473
797,6.370143,6.5957365735
798,6.391361,6.5963851022
799,6.412411,6.5969991864
800,6.433146,6.5975789713
801,6.453433,6.5981248781
802,6.473145,6.5986375789
803,6.492168,6.5991179839
804,6.510401,6.599567224
805,6.527751,6.5999866201
806,6.544136,6.6003776703
807,6.559488,6.6007420305
808,6.573745,6.6010814892
809,6.58686,6.6013979516
810,6.598793,6.6016934158
811,6.609513,6.601969957
812,6.619002,6.6022297115
813,6.627248,6.6024748495
814,6.634248,6.6027075717
815,6.640009,6.6029300824
816,6.644546,6.6031445824
817,6.64788,6.6033532437
818,6.650041,6.6035582079
819,6.651067,6.6037615681
820,6.651002,6.6039653513
821,6.649897,6.6041715161
822,6.647811,6.6043819355
823,6.644808,6.6045983853
824,6.640959,6.6048225376
825,6.636341,6.605055948
826,6.631035,6.6053000466
827,6.62513,6.6055561308
828,6.618718,6.605825353
829,6.611895,6.6061087168
830,6.604761,6.6064070663
831,6.597421,6.6067210806
832,6.589978,6.607051267
833,6.582541,6.6073979588
834,6.575216,6.6077613065
835,6.568111,6.6081412796
836,6.561329,6.6085376631
837,6.554974,6.6089500627
838,6.549144,6.6093778996
839,6.543932,6.6098204158
840,6.539424,6.6102766864
841,6.5357,6.6107456219
842,6.532829,6.6112259803
843,6.530873,6.6117163781
844,6.529881,6.6122153029
845,6.529892,6.6127211308
846,6.530931,6.6132321434
847,6.533013,6.6137465484
848,6.536137,6.6142624928
849,6.540291,6.6147780914
850,6.54545,6.6152914409
851,6.551575,6.6158006487
852,6.558617,6.6163038459
853,6.566515,6.6167992151
854,6.575197,6.6172850036
855,6.584582,6.6177595484
856,6.594582,6.6182212903
857,6.605102,6.6186687885
858,6.616042,6.6191007384
859,6.627298,6.6195159785
860,6.638764,6.6199135036
861,6.650333,6.6202924713
862,6.661901,6.6206522097
863,6.673364,6.6209922133
864,6.684622,6.6213121541
865,6.695581,6.6216118746
866,6.70615,6.6218913871
867,6.71625,6.6221508746
868,6.725804,6.622390672
869,6.734746,6.6226112724
870,6.743019,6.6228133154
871,6.750575,6.6229975753
872,6.757375,6.6231649534
873,6.763387,6.6233164659
874,6.768593,6.6234532401
875,6.772981,6.623576491
876,6.776547,6.6236875197
877,6.779297,6.6237876953
878,6.781245,6.6238784516
879,6.782412,6.6239612616
880,6.782825,6.6240376362
881,6.782517,6.6241091093
882,6.781528,6.624177224
883,6.779902,6.6242435197
884,6.777686,6.6243095197
885,6.774932,6.624376724
886,6.771693,6.6244465914
887,6.768028,6.6245205305
888,6.763992,6.6245998835
889,6.759646,6.6246859229
890,6.755049,6.6247798315
891,6.750259,6.6248826953
892,6.745337,6.6249954982
893,6.740339,6.6251191039
894,6.735323,6.6252542581
895,6.730344,6.6254015681
896,6.725454,6.6255615072
897,6.720705,6.6257344068
898,6.716146,6.6259204516
899,6.711822,6.626119672
900,6.707776,6.6263319534
901,6.704048,6.6265570305
902,6.700676,6.626794491
903,6.697693,6.6270437742
904,6.69513,6.6273041846
905,6.693014,6.6275748907
906,6.69137,6.6278549355
907,6.690217,6.6281432419
908,6.689575,6.6284386308
909,6.689456,6.6287398208
910,6.689873,6.629045448
911,6.690832,6.6293540699
912,6.692338,6.6296641864
913,6.694394,6.6299742473
914,6.696998,6.6302826631
915,6.700145,6.6305878208
916,6.703828,6.6308880986
917,6.708037,6.6311818746
918,6.712759,6.6314675376
919,6.717977,6.6317435018
920,6.723674,6.6320082186
921,6.729828,6.6322601828
922,6.736414,6.6324979427
923,6.743405,6.6327201129
924,6.750772,6.6329253817
925,6.758483,6.6331125179
926,6.766501,6.6332803746
927,6.774789,6.6334279068
928,6.783307,6.6335541667
929,6.792012,6.6336583154
930,6.800859,6.6337396237
931,6.8098,6.6337974785
932,6.818787,6.6338313925
933,6.827768,6.6338409964
934,6.836692,6.6338260502
935,6.845504,6.6337864427
936,6.854152,6.6337221971
937,6.862579,6.6336334642
938,6.870734,6.6335205305
939,6.87856,6.6333838118
940,6.886008,6.6332238602
941,6.893025,6.6330413495
942,6.899564,6.6328370842
943,6.905578,6.6326119875
944,6.911027,6.6323671022
945,6.915871,6.6321035771
946,6.920077,6.6318226649
947,6.923615,6.6315257133
948,6.926464,6.6312141541
949,6.928604,6.6308894892
950,6.930025,6.6305532867
951,6.930721,6.6302071577
952,6.930693,6.6298527509
953,6.92995,6.6294917348
954,6.928507,6.6291257832
955,6.926385,6.6287565591
956,6.923612,6.6283856971
957,6.920223,6.6280147921
958,6.916256,6.6276453781
959,6.911758,6.6272789229
960,6.906779,6.6269167993
961,6.901374,6.6265602832
962,6.895602,6.6262105341
963,6.889523,6.625868586
964,6.883201,6.6255353423
965,6.876702,6.6252115591
966,6.870091,6.6248978405
967,6.863434,6.6245946416
968,6.856795,6.6243022545
969,6.850239,6.624020819
970,6.843824,6.62375031
971,6.837608,6.6234905556
972,6.831647,6.6232412348
973,6.825987,6.6230018763
974,6.820676,6.6227718853
975,6.815752,6.6225505323
976,6.811251,6.6223369821
977,6.8072,6.6221302903
978,6.803625,6.6219294301
979,6.800542,6.6217332921
980,6.797964,6.6215407079
981,6.795898,6.6213504588
982,6.794347,6.6211612921
983,6.793308,6.6209719301
984,6.792774,6.6207810878
985,6.792735,6.6205874803
986,6.793175,6.6203898351
987,6.794078,6.6201869068
988,6.795423,6.6199774839
989,6.797186,6.6197603925
990,6.799344,6.6195345161
991,6.80187,6.6192987867
992,6.804736,6.6190522025
993,6.807914,6.6187938262
994,6.811374,6.6185227903
995,6.815086,6.6182382993
996,6.819018,6.6179396344
997,6.82314,6.6176261523
998,6.82742,6.6172972849
999,6.831826,6.6169525412
1000,6.836325,6.6165915072
1001,6.840884,6.6162138477
1002,6.84547,6.6158192993
1003,6.850049,6.6154076756
1004,6.854586,6.614978862
1005,6.859045,6.6145328172
1006,6.863391,6.6140695735
1007,6.867588,6.6135892312
1008,6.871597,6.613091957
1009,6.875382,6.6125779928
1010,6.878904,6.6120476416
1011,6.882127,6.6115012778
1012,6.885013,6.6109393369
1013,6.887524,6.6103623208
1014,6.889624,6.6097707975
1015,6.89128,6.6091653961
1016,6.892457,6.6085468082
1017,6.893125,6.6079157885
1018,6.893256,6.6072731541
1019,6.892824,6.6066197796
1020,6.891808,6.6059566039
1021,6.89019,6.6052846219
1022,6.887957,6.6046048871
1023,6.885101,6.6039185108
1024,6.881618,6.6032266595
1025,6.877509,6.6025305538
1026,6.872784,6.6018314695
1027,6.867454,6.6011307258
1028,6.861538,6.6004296953
1029,6.855062,6.5997297939
1030,6.848054,6.5990324731
1031,6.840549,6.5983392258
1032,6.832589,6.5976515717
1033,6.824217,6.5969710556
1034,6.815482,6.5962992366
1035,6.806436,6.5956376846
1036,6.797136,6.5949879659
1037,6.787637,6.5943516344
1038,6.778,6.5937302204
1039,6.768286,6.5931252168
1040,6.758555,6.5925380627
1041,6.748868,6.5919701308
1042,6.739285,6.5914227115
1043,6.729865,6.5908969946
1044,6.720664,6.5903940484
1045,6.711736,6.58991481
1046,6.703132,6.5894600609
1047,6.694899,6.589030414
1048,6.687083,6.5886262939
1049,6.679721,6.5882479229
1050,6.672851,6.5878953118
1051,6.666504,6.5875682384
1052,6.660706,6.5872662437
1053,6.655481,6.5869886272
1054,6.650847,6.5867344337
1055,6.646818,6.586502457
1056,6.643403,6.5862912437
1057,6.640608,6.5860990914
1058,6.638436,6.5859240627
1059,6.636883,6.5857639892
1060,6.635943,6.5856164928
1061,6.635607,6.5854790036
1062,6.635862,6.585348776
1063,6.636691,6.585222914
1064,6.638075,6.5850984014
1065,6.63999,6.5849721254
1066,6.64241,6.5848409122
1067,6.645307,6.5847015591
1068,6.648648,6.5845508638
1069,6.652399,6.5843856631
1070,6.656523,6.5842028674
1071,6.66098,6.5839994946
1072,6.665727,6.5837727079
1073,6.67072,6.5835198495
1074,6.675913,6.5832384695
1075,6.681258,6.5829263584
1076,6.686704,6.5825815771
1077,6.692203,6.5822024857
1078,6.6977,6.5817877545
1079,6.703146,6.5813364032
1080,6.708487,6.5808477993
1081,6.713671,6.580321681
1082,6.718648,6.5797581631
1083,6.723367,6.5791577384
1084,6.727779,6.5785212796
1085,6.731838,6.5778500394
1086,6.735499,6.5771456326
1087,6.738721,6.5764100305
1088,6.741465,6.575645543
1089,6.743695,6.5748547939
1090,6.74538,6.5740407025
1091,6.746492,6.5732064516
1092,6.747007,6.572355457
1093,6.746905,6.5714913405
1094,6.746169,6.5706178925
1095,6.74479,6.5697390376
1096,6.742758,6.5688587975
1097,6.740072,6.5679812563
1098,6.73673,6.5671105269
1099,6.732739,6.5662507186
1100,6.728105,6.5654059014
1101,6.72284,6.5645800824
1102,6.716958,6.5637771828
1103,6.710476,6.5630010143
1104,6.703415,6.5622552724
1105,6.695795,6.5615435251
1106,6.687641,6.5608692294
1107,6.67898,6.5602357473
1108,6.669838,6.5596463925
1109,6.660244,6.559104509
1110,6.650228,6.5586136075
1111,6.639821,6.5581775932
1112,6.629057,6.5578011703
1113,6.617967,6.5574906093
1114,6.606586,6.5572553369
1115,6.594949,6.5571116613
1116,6.583093,6.5570934086
1117,6.571054,6.557293957
1118,6.558872,6.5582121935
1119,6.546586,6.5554187993
1120,6.534237,6.5546843226
1121,6.52187,6.5542552312
1122,6.509528,6.553971491
1123,6.497258,6.5537836237
1124,6.485108,6.5536692186
1125,6.473127,6.553615681
1126,6.461368,6.5536148118
1127,6.449883,6.5536606523
1128,6.438726,6.5537485
1129,6.427953,6.5538744086
1130,6.41762,6.554034914
1131,6.407783,6.554226871
1132,6.3985,6.5544473638
1133,6.389825,6.5546936434
1134,6.381815,6.5549630914
1135,6.374521,6.5552531882
1136,6.367995,6.5555615054
1137,6.362286,6.5558856864
1138,6.357437,6.5562234373
1139,6.353488,6.5565725233
1140,6.350476,6.5569307616
1141,6.348431,6.5572960125
1142,6.347377,6.557666181
1143,6.347332,6.5580392079
1144,6.348308,6.5584130735
1145,6.350308,6.5587857885
1146,6.35333,6.5591553961
1147,6.357362,6.5595199713
1148,6.362385,6.5598776219
1149,6.368372,6.560226491
1150,6.375289,6.5605647616
1151,6.383091,6.5608906577
1152,6.391729,6.5612024552
1153,6.401143,6.5614984875
1154,6.411266,6.5617771595
1155,6.422026,6.5620369516
1156,6.433339,6.5622764391
1157,6.445119,6.5624943047
1158,6.457271,6.5626893513
1159,6.469693,6.5628605179
1160,6.48228,6.5630069014
1161,6.494919,6.5631277652
1162,6.507494,6.5632225627
1163,6.519884,6.5632909516
1164,6.531965,6.5633328065
1165,6.543608,6.5633482384
1166,6.554684,6.5633376093
1167,6.565061,6.5633015394
1168,6.574605,6.5632409211
1169,6.583185,6.5631569283
1170,6.590668,6.5630510215
1171,6.596921,6.5629249498
1172,6.601817,6.5627807634
1173,6.605228,6.5626208011
1174,6.607033,6.5624476971
1175,6.607111,6.562264371
1176,6.605351,6.5620740269
1177,6.601644,6.5618801416
1178,6.595889,6.5616864552
1179,6.587991,6.5614969606
1180,6.577861,6.5613158871
1181,6.56542,6.5611476953
1182,6.550594,6.560997052
1183,6.533316,6.5608688208
1184,6.513526,6.5607680484
1185,6.49117,6.5606999462
1186,6.466199,6.5606698799
1187,6.438565,6.5606833566
1188,6.408223,6.5607460161
1189,6.375124,6.5608636272
1190,6.339212,6.5610420824
1191,6.300418,6.5612874104
1192,6.258653,6.5616057903
1193,6.213793,6.5620035824
1194,6.165667,6.5624873817
1195,6.114032,6.563064095
1196,6.058538,6.5637410609
1197,5.998678,6.5645262312
1198,5.933709,6.5654284427
1199,5.862521,6.566457828
1200,5.783426,6.5676264642
1201,5.693774,6.5689493961
1202,5.589235,6.570446353
1203,5.46234,6.5721447437
1204,5.29917,6.574085276
1205,5.07072,6.5763335054
1206,4.705055,6.5790068602
1207,3.956815,6.5823515735
1208,3.956815,6.5870534731
1209,3.956815,6.5917717151
1210,9.050136,6.5965062581
1211,7.45048,6.5921291219
1212,6.887468,6.590634595
1213,6.59073,6.5901644767
1214,6.40416,6.5902410358
1215,6.274922,6.59066619
1216,6.180136,6.5913364355
1217,6.108291,6.5921891738
1218,6.052965,6.5931823495
1219,6.010289,6.5942853369
1220,5.977785,6.5954743817
1221,5.953775,6.5967301183
1222,5.937068,6.5980361505
1223,5.926779,6.5993781918
1224,5.922215,6.6007435305
1225,5.922811,6.6021207007
1226,5.928087,6.6034992652
1227,5.937619,6.6048696792
1228,5.95102,6.6062231989
1229,5.967929,6.607551828
1230,5.988001,6.6088482796
1231,6.010907,6.6101059606
1232,6.036325,6.6113189498
1233,6.063939,6.612481991
1234,6.093443,6.6135904892
1235,6.124535,6.6146405018
1236,6.156921,6.6156287258
1237,6.190312,6.6165524928
1238,6.224428,6.6174097599
1239,6.258995,6.6181990896
1240,6.293748,6.6189196434
1241,6.328431,6.6195711559
1242,6.362797,6.6201539247
1243,6.396611,6.6206687796
1244,6.429646,6.6211170645
1245,6.461688,6.6215006147
1246,6.492535,6.6218217222
1247,6.521996,6.6220831165
1248,6.549895,6.6222879283
1249,6.57607,6.6224396613
1250,6.600371,6.6225421541
1251,6.622666,6.6225995556
1252,6.642838,6.6226162814
1253,6.660787,6.6225969767
1254,6.676431,6.6225464803
1255,6.689705,6.6224697849
1256,6.700564,6.6223719982
1257,6.708982,6.6222582957
1258,6.714953,6.6221338835
1259,6.718492,6.622003957
1260,6.719633,6.6218736505
1261,6.718433,6.6217480072
1262,6.714967,6.6216319211
1263,6.709332,6.6215301111
1264,6.701645,6.6214470699
1265,6.692039,6.6213870323
1266,6.680668,6.6213539355
1267,6.6677,6.6213513871
1268,6.65332,6.6213826344
1269,6.637724,6.6214505358
1270,6.621119,6.6215575394
1271,6.603721,6.6217056667
1272,6.585752,6.6218964964
1273,6.567436,6.6221311523
1274,6.548998,6.6224103065
1275,6.530659,6.6227341792
1276,6.512636,6.6231025448
1277,6.495136,6.6235147455
1278,6.478354,6.6239697133
1279,6.462471,6.6244659928
1280,6.447653,6.6250017688
1281,6.434043,6.6255748996
1282,6.421768,6.6261829588
1283,6.410929,6.6268232706
1284,6.401606,6.6274929552
1285,6.393855,6.6281889749
1286,6.387708,6.6289081774
1287,6.383174,6.6296473405
1288,6.380239,6.6304032186
1289,6.378869,6.6311725878
1290,6.379011,6.6319522796
1291,6.380591,6.632739224
1292,6.383525,6.6335304821
1293,6.387711,6.6343232724
1294,6.393041,6.6351150018
1295,6.399395,6.6359032796
1296,6.406652,6.6366859373
1297,6.414685,6.6374610376
1298,6.423367,6.6382268799
1299,6.432574,6.6389820036
1300,6.442185,6.6397251864
1301,6.452084,6.6404554337
1302,6.462162,6.6411719749
1303,6.472319,6.6418742437
1304,6.482464,6.6425618692
1305,6.492514,6.6432346541
1306,6.502399,6.6438925573
1307,6.512057,6.6445356738
1308,6.521439,6.6451642133
1309,6.530504,6.6457784821
1310,6.539222,6.6463788566
1311,6.547573,6.6469657706
1312,6.555544,6.6475396882
1313,6.563133,6.6481010932
1314,6.570342,6.6486504642
1315,6.577181,6.6491882652
1316,6.583665,6.6497149337
1317,6.589814,6.6502308656
1318,6.59565,6.6507364068
1319,6.601199,6.6512318495
1320,6.606487,6.6517174265
1321,6.611543,6.6521933065
1322,6.616394,6.6526595968
1323,6.621068,6.6531163459
1324,6.625591,6.6535635448
1325,6.629986,6.6540011308
1326,6.634277,6.6544290018
1327,6.638482,6.6548470161
1328,6.642618,6.655255009
1329,6.6467,6.6556527975
1330,6.650737,6.6560401918
1331,6.654739,6.6564170108
1332,6.65871,6.6567830842
1333,6.662652,6.6571382688
1334,6.666567,6.6574824588
1335,6.67045,6.657815586
1336,6.674299,6.6581376416
1337,6.678108,6.6584486685
1338,6.681869,6.6587487706
1339,6.685575,6.6590381183
1340,6.689217,6.6593169498
1341,6.692787,6.6595855681
1342,6.696276,6.6598443387
1343,6.699677,6.66009369
1344,6.702982,6.6603341039
1345,6.706185,6.6605661147
1346,6.709279,6.6607902939
1347,6.712262,6.6610072527
1348,6.71513,6.6612176201
1349,6.717881,6.6614220412
1350,6.720516,6.6616211703
1351,6.723036,6.6618156505
1352,6.725442,6.6620061129
1353,6.727738,6.6621931649
1354,6.72993,6.6623773817
1355,6.732022,6.6625592957
1356,6.73402,6.6627393978
1357,6.735931,6.6629181237
1358,6.737762,6.6630958566
1359,6.73952,6.6632729176
1360,6.741211,6.6634495717
1361,6.742844,6.6636260215
1362,6.744424,6.6638024104
1363,6.745957,6.6639788244
1364,6.747449,6.6641552939
1365,6.748906,6.6643318011
1366,6.750331,6.6645082778
1367,6.751729,6.6646846147
1368,6.753103,6.6648606631
1369,6.754456,6.6650362401
1370,6.755789,6.665211138
1371,6.757107,6.6653851237
1372,6.758409,6.6655579409
1373,6.7597,6.6657293208
1374,6.760979,6.6658989749
1375,6.76225,6.6660666093
1376,6.763516,6.6662319158
1377,6.764778,6.6663945789
1378,6.766042,6.6665542796
1379,6.767311,6.6667106828
1380,6.76859,6.6668634534
1381,6.769885,6.6670122455
1382,6.771202,6.6671567043
1383,6.772548,6.6672964659
1384,6.77393,6.6674311613
1385,6.775356,6.6675604086
1386,6.776835,6.667683819
1387,6.778374,6.6678009964
1388,6.779981,6.6679115376
1389,6.781665,6.6680150376
1390,6.783432,6.668111086
1391,6.785289,6.668199276
1392,6.787241,6.6682792061
1393,6.789293,6.6683504857
1394,6.791448,6.6684127366
1395,6.793707,6.6684655986
1396,6.796068,6.6685087401
1397,6.798531,6.6685418602
1398,6.80109,6.66856469
1399,6.80374,6.6685770036
1400,6.806471,6.6685786219
1401,6.809273,6.6685694176
1402,6.812133,6.6685493172
1403,6.815037,6.6685183065
1404,6.817969,6.6684764337
1405,6.82091,6.6684238082
1406,6.823841,6.6683606057
1407,6.82674,6.6682870681
1408,6.829588,6.6682035036
1409,6.832359,6.668110276
1410,6.835033,6.6680078172
1411,6.837585,6.6678966111
1412,6.839993,6.6677771989
1413,6.842234,6.6676501685
1414,6.844286,6.6675161487
1415,6.84613,6.6673758082
1416,6.847746,6.6672298441
1417,6.849117,6.6670789731
1418,6.850228,6.6669239319
1419,6.851067,6.6667654624
1420,6.851623,6.6666043029
1421,6.851891,6.6664411846
1422,6.851866,6.666276819
1423,6.851549,6.6661118907
1424,6.850944,6.6659470502
1425,6.850057,6.6657828996
1426,6.848899,6.6656199946
1427,6.847486,6.6654588262
1428,6.845836,6.6652998208
1429,6.843972,6.6651433262
1430,6.841919,6.6649896093
1431,6.839707,6.6648388513
1432,6.837367,6.664691138
1433,6.834935,6.6645464606
1434,6.832445,6.6644047079
1435,6.829939,6.6642656703
1436,6.827453,6.6641290305
1437,6.825029,6.6639943728
1438,6.822707,6.6638611792
1439,6.820525,6.6637288333
1440,6.818521,6.663596629
1441,6.81673,6.6634637724
1442,6.815186,6.6633293925
1443,6.813918,6.6631925448
1444,6.812951,6.6630522312
1445,6.812307,6.6629074032
1446,6.812002,6.6627569803
1447,6.812047,6.6625998566
1448,6.812447,6.6624349211
1449,6.813203,6.6622610735
1450,6.814309,6.6620772312
1451,6.815755,6.6618823513
1452,6.817522,6.6616754391
1453,6.81959,6.6614555717
1454,6.821932,6.6612218978
1455,6.824518,6.6609736577
1456,6.827311,6.6607101935
1457,6.830275,6.660430957
1458,6.833369,6.6601355161
1459,6.836551,6.6598235645
1460,6.839776,6.6594949176
1461,6.843002,6.6591495233
1462,6.846184,6.658787457
1463,6.849279,6.6584089211
1464,6.852245,6.6580142437
1465,6.855044,6.6576038692
1466,6.857639,6.657178353
1467,6.859996,6.656738353
1468,6.862084,6.6562846219
1469,6.863877,6.6558179946
1470,6.865352,6.6553393799
1471,6.86649,6.6548497473
1472,6.867276,6.6543501147
1473,6.8677,6.6538415358
1474,6.867755,6.6533250896
1475,6.867437,6.6528018674
1476,6.866747,6.6522729659
1477,6.865689,6.6517394731
1478,6.86427,6.6512024588
1479,6.862498,6.6506629659
1480,6.860385,6.6501220072
1481,6.857945,6.6495805556
1482,6.855194,6.6490395394
1483,6.852147,6.6484998369
1484,6.848824,6.647962276
1485,6.845242,6.6474276254
1486,6.841422,6.6468966039
1487,6.837382,6.6463698692
1488,6.833142,6.6458480233
1489,6.828724,6.6453316165
1490,6.824146,6.6448211398
1491,6.819428,6.6443170323
1492,6.814591,6.6438196846
1493,6.809655,6.6433294337
1494,6.804639,6.6428465681
1495,6.799562,6.6423713333
1496,6.794445,6.6419039319
1497,6.789307,6.6414445179
1498,6.784167,6.6409932061
1499,6.779045,6.6405500717
1500,6.77396,6.640115147
1501,6.768932,6.6396884247
1502,6.76398,6.6392698566
1503,6.759122,6.638859353
1504,6.754378,6.6384567867
1505,6.749765,6.6380619857
1506,6.745301,6.6376747384
1507,6.741003,6.6372947867
1508,6.736885,6.6369218333
1509,6.732962,6.6365555358
1510,6.729246,6.636195509
1511,6.725749,6.6358413244
1512,6.72248,6.6354925108
1513,6.719444,6.6351485556
1514,6.716647,6.6348089104
1515,6.71409,6.6344729857
1516,6.711774,6.6341401595
1517,6.709693,6.6338097778
1518,6.707843,6.6334811631
1519,6.706214,6.6331536147
1520,6.704795,6.6328264176
1521,6.703573,6.6324988441
1522,6.70253,6.6321701649
1523,6.701647,6.6318396541
1524,6.700906,6.6315066004
1525,6.700282,6.6311703047
1526,6.699754,6.6308301022
1527,6.699295,6.6304853548
1528,6.698881,6.6301354749
1529,6.698487,6.6297799211
1530,6.698085,6.6294182097
1531,6.697652,6.6290499265
1532,6.697161,6.6286747258
1533,6.696591,6.6282923441
1534,6.695917,6.6279025968
1535,6.69512,6.6275053907
1536,6.69418,6.6271007186
1537,6.69308,6.626688672
1538,6.691805,6.6262694355
1539,6.690343,6.6258432885
1540,6.688683,6.6254106022
1541,6.686818,6.6249718423
1542,6.684741,6.6245275609
1543,6.682449,6.6240783978
1544,6.679941,6.6236250735
1545,6.67722,6.6231683799
1546,6.674286,6.6227091774
1547,6.671147,6.6222483925
1548,6.667807,6.6217870054
1549,6.664276,6.6213260484
1550,6.660562,6.6208665986
1551,6.656676,6.6204097724
1552,6.652628,6.619956724
1553,6.648431,6.6195086416
1554,6.644095,6.6190667437
1555,6.639632,6.6186322849
1556,6.635053,6.6182065573
1557,6.630369,6.6177908961
1558,6.625591,6.6173866846
1559,6.620726,6.6169953674
1560,6.615784,6.6166184642
1561,6.610771,6.6162575842
1562,6.605693,6.6159144552
1563,6.600555,6.6155909409
1564,6.59536,6.6152890771
1565,6.590109,6.6150111111
1566,6.584805,6.614759552
1567,6.579446,6.614537224
1568,6.574033,6.6143473548
1569,6.568564,6.6141936649
1570,6.563038,6.6140805072
1571,6.557454,6.614013043
1572,6.55181,6.6139974982
1573,6.546108,6.6140415305
1574,6.540348,6.6141547688
1575,6.534535,6.6143496541
1576,6.528673,6.6146427957
1577,6.522772,6.6150572742
1578,6.516842,6.6156268047
1579,6.510898,6.6164039462
1580,6.504959,6.6174781434
1581,6.499048,6.61902231
1582,6.493191,6.6214478692
1583,6.48742,6.6262508441
1584,6.481769,6.6310641613
1585,6.476279,6.6358876057
1586,6.470993,6.6321974104
1587,6.465957,6.6298340806
1588,6.461222,6.6280878674
1589,6.456838,6.6267076308
1590,6.452861,6.6255745161
1591,6.449342,6.6246225108
1592,6.446336,6.6238108781
1593,6.443893,6.6231124606
1594,6.442063,6.6225080251
1595,6.440888,6.6219832491
1596,6.440408,6.6215270036
1597,6.440654,6.621130319
1598,6.441649,6.6207857366
1599,6.443408,6.6204868943
1600,6.445935,6.6202282401
1601,6.449221,6.6200048602
1602,6.453249,6.6198123513
1603,6.457986,6.6196467384
1604,6.463389,6.6195044211
1605,6.4694,6.6193821452
1606,6.475952,6.6192769785
1607,6.482964,6.6191863047
1608,6.490344,6.6191078136
1609,6.497991,6.6190395072
1610,6.505796,6.6189796989
1611,6.513641,6.6189270072
1612,6.521404,6.6188803674
1613,6.528961,6.6188390215
1614,6.536182,6.6188025108
1615,6.542942,6.6187706756
1616,6.549115,6.618743638
1617,6.55458,6.6187217867
1618,6.559224,6.6187057634
1619,6.56294,6.6186964319
1620,6.565631,6.6186948566
1621,6.567213,6.6187022742
1622,6.567613,6.6187200573
1623,6.566773,6.6187496846
1624,6.564651,6.6187926989
1625,6.561219,6.6188506756
1626,6.556466,6.618925181
1627,6.550399,6.6190177348
1628,6.543041,6.6191297742
1629,6.534433,6.6192626147
1630,6.524632,6.619417414
1631,6.51371,6.6195951452
1632,6.501755,6.6197965645
1633,6.48887,6.6200221882
1634,6.475171,6.620272267
1635,6.460783,6.6205467724
1636,6.445846,6.6208453853
1637,6.430505,6.6211674857
1638,6.414913,6.6215121523
1639,6.399228,6.6218781667
1640,6.383611,6.6222640233
1641,6.368223,6.6226679409
1642,6.353227,6.6230878871
1643,6.338779,6.6235215932
1644,6.325033,6.6239665914
1645,6.312137,6.6244202419
1646,6.300227,6.624879767
1647,6.289432,6.6253422939
1648,6.279868,6.6258048889
1649,6.271637,6.6262646004
1650,6.26483,6.6267185
1651,6.259521,6.6271637222
1652,6.255768,6.6275974964
1653,6.253616,6.6280171935
1654,6.25309,6.6284203477
1655,6.254205,6.6288046953
1656,6.256957,6.6291681864
1657,6.261331,6.6295090143
1658,6.267298,6.6298256183
1659,6.274822,6.6301166953
1660,6.283856,6.6303811935
1661,6.294352,6.6306183065
1662,6.30626,6.6308274498
1663,6.319538,6.6310082366
1664,6.334158,6.6311604301
1665,6.35012,6.6312838907
1666,6.367467,6.631378491
1667,6.386321,6.6314440125
1668,6.406932,6.6314799677
1669,6.429777,6.6314853459
1670,6.455764,6.6314581774
1671,6.486685,6.6313947366
1672,6.526415,6.6312879427
1673,6.584764,6.6311236004
1674,6.694999,6.6308697563
1675,7.08343,6.6304346487
1676,5.000158,6.6293207455
1677,6.136748,6.631958448
1678,6.294804,6.6325780215
1679,6.363543,6.632933543
1680,6.404698,6.6331853172
1681,6.43342,6.6333828387
1682,6.455234,6.633548276
1683,6.472642,6.6336937401
1684,6.486947,6.6338267168
1685,6.498902,6.6339522258
1686,6.508983,6.6340738262
1687,6.517515,6.634194129
1688,6.524732,6.6343150806
1689,6.530818,6.6344381487
1690,6.535924,6.6345644229
1691,6.540177,6.6346946882
1692,6.543689,6.6348294857
1693,6.546562,6.6349691523
1694,6.548888,6.6351138459
1695,6.550751,6.6352635824
1696,6.552227,6.6354182563
1697,6.553385,6.6355776631
1698,6.554286,6.6357415233
1699,6.554985,6.6359095
1700,6.555526,6.6360812186
1701,6.555949,6.6362562885
1702,6.556283,6.6364343172
1703,6.556549,6.6366149283
1704,6.556763,6.6367977849
1705,6.556931,6.6369825932
1706,6.557054,6.6371691219
1707,6.557127,6.6373572133
1708,6.557139,6.6375467903
1709,6.557074,6.6377378656
1710,6.556915,6.6379305466
1711,6.556642,6.6381250358
1712,6.55623,6.638321629
1713,6.55566,6.6385207222
1714,6.554908,6.6387227957
1715,6.553955,6.6389284122
1716,6.552782,6.6391382061
1717,6.551375,6.6393528781
1718,6.549722,6.639573172
1719,6.547816,6.6397998728
1720,6.545655,6.6400337867
1721,6.543239,6.6402757222
1722,6.540576,6.6405264875
1723,6.537677,6.6407868638
1724,6.534557,6.641057595
1725,6.531236,6.6413393781
1726,6.527737,6.6416328477
1727,6.524089,6.6419385645
1728,6.52032,6.6422570072
1729,6.516465,6.6425885681
1730,6.512558,6.6429335394
1731,6.508636,6.6432921129
1732,6.504737,6.6436643799
1733,6.500899,6.6440503262
1734,6.497163,6.6444498333
1735,6.493567,6.6448626774
1736,6.490151,6.6452885376
1737,6.486952,6.6457269946
1738,6.48401,6.6461775376
1739,6.481361,6.6466395663
1740,6.479041,6.6471124014
1741,6.477085,6.6475952867
1742,6.475525,6.6480873943
1743,6.474393,6.6485878333
1744,6.473719,6.6490956577
1745,6.473529,6.6496098674
1746,6.47385,6.6501294229
1747,6.474702,6.6506532401
1748,6.476105,6.6511802079
1749,6.478074,6.6517091935
1750,6.480621,6.652239043
1751,6.483753,6.6527685986
1752,6.487473,6.6532966989
1753,6.491779,6.6538221882
1754,6.496663,6.6543439301
1755,6.502112,6.6548608118
1756,6.508106,6.6553717545
1757,6.51462,6.655875724
1758,6.521622,6.6563717419
1759,6.529076,6.6568588907
1760,6.536937,6.6573363244
1761,6.545157,6.6578032832
1762,6.553682,6.658259095
1763,6.562452,6.6587031864
1764,6.571405,6.6591350914
1765,6.580475,6.6595544534
1766,6.589594,6.6599610305
1767,6.59869,6.6603546971
1768,6.607694,6.6607354534
1769,6.616534,6.6611034158
1770,6.625142,6.661458819
1771,6.63345,6.661802009
1772,6.641396,6.6621334444
1773,6.648919,6.6624536828
1774,6.655964,6.6627633746
1775,6.662483,6.6630632581
1776,6.668432,6.6633541398
1777,6.673776,6.6636368889
1778,6.678486,6.6639124229
1779,6.682541,6.6641816953
1780,6.685927,6.664445681
1781,6.688638,6.6647053638
1782,6.690676,6.6649617222
1783,6.69205,6.6652157204
1784,6.692778,6.6654682921
1785,6.692883,6.6657203297
1786,6.692395,6.6659726756
1787,6.691349,6.6662261129
1788,6.689787,6.6664813602
1789,6.687755,6.6667390591
1790,6.685302,6.6669997742
1791,6.682481,6.6672639892
1792,6.67935,6.6675321022
1793,6.675964,6.6678044229
1794,6.672383,6.6680811792
1795,6.668667,6.6683625161
1796,6.664874,6.6686484946
1797,6.661064,6.6689391004
1798,6.657292,6.6692342455
1799,6.653616,6.669533776
1800,6.650086,6.6698374731
1801,6.646754,6.6701450663
1802,6.643667,6.670456233
1803,6.640866,6.6707706075
1804,6.638393,6.6710877921
1805,6.636281,6.6714073566
1806,6.634562,6.671728853
1807,6.633261,6.6720518136
1808,6.632401,6.6723757634
1809,6.631999,6.6727002204
1810,6.632066,6.6730247025
1811,6.63261,6.6733487384
1812,6.633635,6.6736718602
1813,6.63514,6.6739936165
1814,6.637118,6.6743135663
1815,6.63956,6.6746312921
1816,6.642454,6.6749463925
1817,6.645781,6.6752584839
1818,6.649524,6.6755672079
1819,6.653657,6.6758722204
1820,6.658157,6.6761732061
1821,6.662995,6.676469862
1822,6.668144,6.6767619068
1823,6.673571,6.6770490699
1824,6.679246,6.6773311022
1825,6.685136,6.6776077616
1826,6.691209,6.6778788208
1827,6.697432,6.6781440556
1828,6.703774,6.6784032509
1829,6.710204,6.6786561953
1830,6.71669,6.6789026738
1831,6.723204,6.6791424785
1832,6.729719,6.6793753925
1833,6.736207,6.6796011989
1834,6.742644,6.6798196756
1835,6.749008,6.6800305968
1836,6.755278,6.6802337276
1837,6.761434,6.6804288262
1838,6.76746,6.6806156505
1839,6.77334,6.6807939498
1840,6.779062,6.6809634713
1841,6.784613,6.6811239552
1842,6.789985,6.6812751452
1843,6.79517,6.6814167832
1844,6.800161,6.6815486111
1845,6.804954,6.6816703799
1846,6.809547,6.6817818459
1847,6.813937,6.6818827706
1848,6.818126,6.6819729337
1849,6.822113,6.6820521237
1850,6.825902,6.6821201487
1851,6.829496,6.6821768315
1852,6.8329,6.6822220197
1853,6.836118,6.6822555806
1854,6.839158,6.6822774086
1855,6.842025,6.6822874229
1856,6.844726,6.6822855717
1857,6.84727,6.6822718351
1858,6.849663,6.6822462204
1859,6.851914,6.6822087706
1860,6.854028,6.6821595591
1861,6.856014,6.6820986989
1862,6.857878,6.6820263351
1863,6.859624,6.681942647
1864,6.861258,6.681847853
1865,6.862782,6.6817422079
1866,6.864201,6.6816260036
1867,6.865513,6.6814995663
1868,6.86672,6.6813632634
1869,6.867819,6.6812174928
1870,6.868808,6.68106269
1871,6.869682,6.6808993208
1872,6.870435,6.6807278835
1873,6.871062,6.680548905
1874,6.871555,6.6803629373
1875,6.871906,6.680170552
1876,6.872107,6.6799723423
1877,6.872151,6.6797689122
1878,6.872028,6.679560871
1879,6.871733,6.6793488351
1880,6.87126,6.6791334122
1881,6.870605,6.6789152007
1882,6.869764,6.6786947778
1883,6.868738,6.6784727007
1884,6.867529,6.6782494892
1885,6.866142,6.6780256272
1886,6.864584,6.6778015466
1887,6.862866,6.6775776308
1888,6.861002,6.6773542007
1889,6.859008,6.6771315108
1890,6.856903,6.6769097491
1891,6.85471,6.6766890287
1892,6.852452,6.6764693853
1893,6.850157,6.6762507796
1894,6.847852,6.6760330914
1895,6.845565,6.6758161254
1896,6.843325,6.6755996147
1897,6.841163,6.6753832222
1898,6.839106,6.675166543
1899,6.837181,6.6749491165
1900,6.835414,6.6747304319
1901,6.833828,6.6745099373
1902,6.832444,6.6742870466
1903,6.831277,6.6740611523
1904,6.830342,6.673831638
1905,6.829647,6.6735978817
1906,6.829197,6.673359276
1907,6.828995,6.6731152312
1908,6.829036,6.6728651882
1909,6.829314,6.6726086308
1910,6.829817,6.6723450878
1911,6.830531,6.6720741452
1912,6.831438,6.6717954534
1913,6.832519,6.6715087312
1914,6.833749,6.6712137634
1915,6.835106,6.670910414
1916,6.836562,6.6705986201
1917,6.838093,6.6702783943
1918,6.83967,6.6699498208
1919,6.841269,6.6696130556
1920,6.842863,6.6692683172
1921,6.844427,6.6689158889
1922,6.84594,6.6685561093
1923,6.84738,6.6681893602
1924,6.848727,6.6678160645
1925,6.849964,6.667436681
1926,6.851075,6.6670516882
1927,6.852049,6.666661586
1928,6.852873,6.6662668728
1929,6.853539,6.665868052
1930,6.854039,6.6654656111
1931,6.854367,6.6650600215
1932,6.854519,6.6646517294
1933,6.854491,6.6642411452
1934,6.854282,6.6638286398
1935,6.853891,6.6634145341
1936,6.853315,6.6629990968
1937,6.852557,6.6625825448
1938,6.851616,6.6621650251
1939,6.850493,6.6617466237
1940,6.849189,6.6613273602
1941,6.847708,6.6609071846
1942,6.84605,6.6604859767
1943,6.844219,6.660063552
1944,6.84222,6.6596396595
1945,6.840056,6.6592139839
1946,6.837734,6.6587861541
1947,6.83526,6.6583557455
1948,6.832642,6.6579222921
1949,6.82989,6.6574852903
1950,6.827015,6.6570442079
1951,6.824029,6.6565984982
1952,6.820945,6.6561476093
1953,6.81778,6.6556909982
1954,6.814549,6.6552281398
1955,6.81127,6.6547585466
1956,6.807961,6.6542817796
1957,6.804643,6.6537974624
1958,6.801335,6.6533052939
1959,6.798057,6.6528050627
1960,6.794829,6.6522966595
1961,6.791672,6.6517800878
1962,6.788604,6.6512554677
1963,6.785643,6.6507230538
1964,6.782807,6.650183233
1965,6.780111,6.6496365251
1966,6.777567,6.6490835842
1967,6.775187,6.6485252025
1968,6.77298,6.6479622939
1969,6.770953,6.6473958907
1970,6.76911,6.6468271254
1971,6.767451,6.6462572186
1972,6.765976,6.6456874659
1973,6.764682,6.6451192079
1974,6.76356,6.6445538118
1975,6.762604,6.6439926505
1976,6.761802,6.6434370681
1977,6.76114,6.6428883638
1978,6.760603,6.6423477599
1979,6.760175,6.6418163799
1980,6.759836,6.6412952222
1981,6.759568,6.6407851398
1982,6.759348,6.6402868136
1983,6.759156,6.6398007473
1984,6.758967,6.6393272401
1985,6.758761,6.6388663889
1986,6.758512,6.6384180699
1987,6.758198,6.6379819444
1988,6.757796,6.6375574552
1989,6.757283,6.6371438333
1990,6.756637,6.6367401057
1991,6.755837,6.6363451129
1992,6.754862,6.6359575197
1993,6.753694,6.6355758387
1994,6.752314,6.6351984516
1995,6.750707,6.634823638
1996,6.748858,6.634449595
1997,6.746755,6.6340744749
1998,6.744387,6.6336964086
1999,6.741746,6.6333135448
2000,6.738825,6.6329240717
2001,6.735623,6.6325262563
2002,6.732137,6.6321184642
2003,6.728371,6.6316991971
2004,6.724327,6.6312671129
2005,6.720013,6.6308210573
2006,6.71544,6.6303600771
2007,6.710619,6.6298834391
2008,6.705566,6.6293906505
2009,6.700298,6.6288814642
2010,6.694836,6.6283558871
2011,6.6892,6.6278141828
2012,6.683414,6.627256871
2013,6.677505,6.6266847204
2014,6.671497,6.6260987366
2015,6.665419,6.6255001541
2016,6.6593,6.6248904104
2017,6.653166,6.6242711272
2018,6.647046,6.6236440932
2019,6.640969,6.6230112294
2020,6.634961,6.6223745609
2021,6.629049,6.6217361882
2022,6.623256,6.6210982527
2023,6.617606,6.620462914
2024,6.612119,6.6198323047
2025,6.606814,6.6192085108
2026,6.601706,6.6185935341
2027,6.59681,6.617989267
2028,6.592137,6.6173974606
2029,6.587695,6.6168197007
2030,6.583489,6.6162573817
2031,6.579523,6.615711681
2032,6.575797,6.6151835376
2033,6.57231,6.6146736237
2034,6.569058,6.6141823154
2035,6.566035,6.6137096631
2036,6.563233,6.6132553495
2037,6.560643,6.6128186416
2038,6.558255,6.6123983154
2039,6.556058,6.6119925502
2040,6.55404,6.6115987814
2041,6.552188,6.6112134588
2042,6.550489,6.6108316685
2043,6.548932,6.6104464875
2044,6.547504,6.61004781
2045,6.546192,6.609620086
2046,6.544987,6.6091374032
2047,6.543878,6.6085511057
2048,6.542854,6.607750491
2049,6.541908,6.6063716882
2050,6.541031,6.5999745717
2051,6.540216,6.6026282742
2052,6.539458,6.6037372437
2053,6.538752,6.6044641201
2054,6.538092,6.6050217563
2055,6.537475,6.6054855161
2056,6.536898,6.6058900376
2057,6.536357,6.6062536093
2058,6.535849,6.60658669
2059,6.535371,6.6068955466
2060,6.534919,6.607184009
2061,6.53449,6.6074544229
2062,6.534079,6.6077081971
2063,6.533681,6.6079461434
2064,6.533288,6.6081686989
2065,6.532895,6.6083760753
2066,6.532491,6.6085683602
2067,6.532067,6.6087455986
2068,6.531611,6.6089078459
2069,6.531111,6.6090552097
2070,6.530553,6.6091878763
2071,6.529922,6.6093061344
2072,6.529201,6.6094103853
2073,6.528373,6.6095011559
2074,6.527421,6.6095790932
2075,6.526326,6.6096449677
2076,6.525071,6.6096996613
2077,6.523638,6.6097441577
2078,6.522009,6.6097795341
2079,6.52017,6.6098069391
2080,6.518105,6.6098275789
2081,6.515803,6.6098426989
2082,6.513253,6.6098535627
2083,6.510449,6.6098614337
2084,6.507385,6.6098675556
2085,6.504062,6.6098731398
2086,6.500482,6.6098793387
2087,6.496652,6.6098872401
2088,6.492583,6.6098978495
2089,6.48829,6.6099120824
2090,6.483792,6.6099307527
2091,6.479112,6.6099545735
2092,6.474276,6.609984147
2093,6.469313,6.6100199713
2094,6.464258,6.6100624409
2095,6.459146,6.6101118477
2096,6.454015,6.6101683925
2097,6.448904,6.6102321918
2098,6.443855,6.6103032867
2099,6.438909,6.6103816559
2100,6.434108,6.610467224
2101,6.429494,6.6105598781
2102,6.425106,6.6106594731
2103,6.420985,6.6107658495
2104,6.417168,6.6108788351
2105,6.413693,6.6109982599
2106,6.410593,6.6111239534
2107,6.407903,6.6112557581
2108,6.405653,6.6113935215
2109,6.403875,6.6115371039
2110,6.402598,6.6116863602
2111,6.401852,6.611841147
2112,6.401667,6.6120012993
2113,6.402076,6.6121666237
2114,6.403114,6.6123368781
2115,6.404819,6.6125117509
2116,6.407236,6.6126908423
2117,6.410414,6.6128736308
2118,6.414413,6.613059457
2119,6.419305,6.6132474821
2120,6.425172,6.6134366559
2121,6.432115,6.6136256846
2122,6.440255,6.6138129857
2123,6.449739,6.6139966452
2124,6.460746,6.6141743602
2125,6.473499,6.6143433799
2126,6.488274,6.6145004247
2127,6.505422,6.6146415932
2128,6.525393,6.6147622312
2129,6.54878,6.6148567563
2130,6.57638,6.6149184176
2131,6.609295,6.6149389337
2132,6.649094,6.6149079624
2133,6.698108,6.6148122778
2134,6.759952,6.6146344229
2135,6.84057,6.6143504194
2136,6.950487,6.6139256165
2137,7.1103,6.6133065
2138,7.366604,6.6124026559
2139,7.85251,6.6110402007
2140,9.173251,6.6088067491
2141,9.173251,6.6042053351
2142,9.173251,6.5996021111
2143,4.41715,6.5949964032
2144,5.152255,6.5989111237
2145,5.49157,6.6015049462
2146,5.69105,6.6034868369
2147,5.82456,6.6051071918
2148,5.921642,6.6064841541
2149,5.996451,6.6076830591
2150,6.056619,6.6087439964
2151,6.106618,6.6096935036
2152,6.149238,6.6105502186
2153,6.186303,6.6113278835
2154,6.219058,6.6120370735
2155,6.248377,6.6126862151
2156,6.274895,6.6132822401
2157,6.299079,6.6138310036
2158,6.321289,6.6143375663
2159,6.341801,6.6148063746
2160,6.360837,6.6152413925
2161,6.378573,6.6156461882
2162,6.395159,6.616024
2163,6.410717,6.616377767
2164,6.425356,6.6167101738
2165,6.439166,6.6170236541
2166,6.452229,6.6173204211
2167,6.464618,6.6176024731
2168,6.476394,6.6178715968
2169,6.487616,6.6181293925
2170,6.498333,6.618377267
2171,6.508588,6.6186164534
2172,6.518418,6.6188480197
2173,6.527855,6.6190728799
2174,6.536922,6.61929181
2175,6.545639,6.6195054642
2176,6.554017,6.6197143853
2177,6.562061,6.6199190251
2178,6.56977,6.620119767
2179,6.577136,6.6203169391
2180,6.584145,6.6205108369
2181,6.590775,6.6207017401
2182,6.597002,6.6208899355
2183,6.602793,6.6210757276
2184,6.608111,6.6212594642
2185,6.612917,6.6214415466
2186,6.617166,6.6216224462
2187,6.620811,6.6218027151
2188,6.623806,6.6219829982
2189,6.626102,6.6221640358
2190,6.627653,6.622346672
2191,6.628414,6.6225318513
2192,6.628345,6.6227206254
2193,6.627409,6.622914138
2194,6.625578,6.6231136272
2195,6.622829,6.6233204068
2196,6.619149,6.6235358584
2197,6.614536,6.6237614122
2198,6.608997,6.6239985305
2199,6.602553,6.6242486864
2200,6.595235,6.6245133387
2201,6.587088,6.6247939158
2202,6.57817,6.6250917849
2203,6.568552,6.625408233
2204,6.558317,6.6257444355
2205,6.54756,6.6261014409
2206,6.536387,6.6264801434
2207,6.524913,6.6268812652
2208,6.513264,6.6273053351
2209,6.501567,6.6277526738
2210,6.489959,6.6282233889
2211,6.478576,6.6287173548
2212,6.467556,6.6292342151
2213,6.457033,6.6297733799
2214,6.447139,6.6303340305
2215,6.437996,6.6309151219
2216,6.429719,6.6315154032
2217,6.422412,6.6321334247
2218,6.416165,6.6327675573
2219,6.411054,6.6334160215
2220,6.407139,6.6340769032
2221,6.404462,6.6347481864
2222,6.403049,6.6354277832
2223,6.402907,6.6361135573
2224,6.404028,6.6368033638
2225,6.406384,6.6374950645
2226,6.409933,6.6381865681
2227,6.414617,6.6388758548
2228,6.420364,6.639561
2229,6.427094,6.6402401989
2230,6.434712,6.6409117796
2231,6.443119,6.6415742294
2232,6.452209,6.6422262025
2233,6.461872,6.6428665287
2234,6.471996,6.643494224
2235,6.48247,6.6441084892
2236,6.493185,6.6447087151
2237,6.504033,6.6452944731
2238,6.514915,6.6458655179
2239,6.525734,6.646421767
2240,6.536403,6.6469633029
2241,6.546843,6.6474903548
2242,6.556981,6.6480032832
2243,6.566755,6.6485025699
2244,6.576112,6.6489888011
2245,6.585006,6.6494626487
2246,6.593404,6.6499248602
2247,6.601279,6.650376233
2248,6.608612,6.6508176075
2249,6.615394,6.6512498477
2250,6.621623,6.6516738262
2251,6.627301,6.6520904086
2252,6.632441,6.652500448
2253,6.637059,6.6529047599
2254,6.641176,6.6533041219
2255,6.644819,6.6536992599
2256,6.648017,6.6540908333
2257,6.650804,6.6544794391
2258,6.653215,6.6548655932
2259,6.655289,6.655249733
2260,6.657064,6.6556322133
2261,6.658583,6.6560132993
2262,6.659886,6.6563931667
2263,6.661014,6.6567719032
2264,6.662009,6.6571495108
2265,6.662911,6.657525905
2266,6.663759,6.6579009229
2267,6.66459,6.6582743226
2268,6.66544,6.6586457975
2269,6.666341,6.6590149731
2270,6.667324,6.6593814247
2271,6.668417,6.6597446828
2272,6.669642,6.6601042384
2273,6.67102,6.6604595609
2274,6.672569,6.6608101039
2275,6.674299,6.6611553136
2276,6.676221,6.6614946487
2277,6.67834,6.6618275789
2278,6.680655,6.6621536004
2279,6.683166,6.6624722491
2280,6.685866,6.6627831022
2281,6.688745,6.6630857867
2282,6.691792,6.6633799892
2283,6.694992,6.663665457
2284,6.698327,6.6639420036
2285,6.70178,6.6642095125
2286,6.705331,6.6644679355
2287,6.708959,6.6647172903
2288,6.712642,6.6649576631
2289,6.716361,6.6651892043
2290,6.720095,6.6654121183
2291,6.723824,6.6656266631
2292,6.72753,6.6658331452
2293,6.731197,6.6660319086
2294,6.73481,6.6662233262
2295,6.738355,6.6664077921
2296,6.741822,6.6665857168
2297,6.745203,6.6667575143
2298,6.748491,6.6669235932
2299,6.751681,6.667084353
2300,6.75477,6.6672401738
2301,6.757759,6.6673914086
2302,6.760648,6.6675383799
2303,6.763441,6.6676813692
2304,6.76614,6.6678206183
2305,6.76875,6.6679563244
2306,6.771279,6.668088638
2307,6.77373,6.6682176559
2308,6.776113,6.6683434301
2309,6.778433,6.668465957
2310,6.780696,6.6685851918
2311,6.782911,6.668701043
2312,6.785083,6.668813371
2313,6.787218,6.668922
2314,6.789321,6.6690267204
2315,6.791398,6.6691272903
2316,6.793451,6.6692234427
2317,6.795484,6.6693148907
2318,6.7975,6.6694013333
2319,6.7995,6.6694824606
2320,6.801485,6.6695579606
2321,6.803455,6.6696275233
2322,6.805409,6.6696908495
2323,6.807345,6.6697476523
2324,6.80926,6.6697976667
2325,6.811152,6.6698406523
2326,6.813017,6.6698763978
2327,6.814849,6.6699047222
2328,6.816642,6.6699254839
2329,6.818391,6.6699385842
2330,6.820089,6.6699439624
2331,6.821727,6.6699416022
2332,6.823299,6.6699315358
2333,6.824795,6.6699138333
2334,6.826206,6.6698886129
2335,6.827524,6.6698560376
2336,6.82874,6.6698163082
2337,6.829845,6.6697696613
2338,6.83083,6.669716371
2339,6.831686,6.6696567366
2340,6.832407,6.6695910896
2341,6.832985,6.6695197724
2342,6.833415,6.669443147
2343,6.833692,6.6693615824
2344,6.833813,6.669275448
2345,6.833777,6.6691851093
2346,6.833583,6.6690909194
2347,6.833234,6.6689932186
2348,6.832734,6.6688923226
2349,6.832088,6.6687885179
2350,6.831305,6.6686820627
2351,6.830394,6.6685731738
2352,6.829369,6.6684620305
2353,6.828243,6.6683487652
2354,6.827032,6.6682334677
2355,6.825755,6.668116181
2356,6.82443,6.6679968961
2357,6.823079,6.6678755609
2358,6.821723,6.6677520717
2359,6.820385,6.6676262832
2360,6.819088,6.6674980054
2361,6.817855,6.6673670072
2362,6.81671,6.6672330233
2363,6.815676,6.6670957545
2364,6.814774,6.666954871
2365,6.814025,6.6668100197
2366,6.813448,6.6666608315
2367,6.81306,6.6665069194
2368,6.812878,6.6663478907
2369,6.812912,6.6661833441
2370,6.813175,6.6660128853
2371,6.813672,6.6658361165
2372,6.814409,6.6656526559
2373,6.815386,6.6654621308
2374,6.816601,6.6652641864
2375,6.818049,6.665058491
2376,6.819721,6.6648447348
2377,6.821607,6.6646226344
2378,6.823691,6.6643919319
2379,6.825956,6.6641523996
2380,6.828381,6.6639038423
2381,6.830945,6.6636460968
2382,6.833622,6.6633790323
2383,6.836387,6.6631025538
2384,6.83921,6.6628165986
2385,6.842063,6.6625211416
2386,6.844917,6.66221619
2387,6.847739,6.6619017849
2388,6.850501,6.661578009
2389,6.85317,6.6612449749
2390,6.855719,6.6609028333
2391,6.858117,6.660551767
2392,6.860338,6.6601919982
2393,6.862355,6.6598237778
2394,6.864143,6.6594473978
2395,6.865682,6.659063181
2396,6.866951,6.6586714821
2397,6.867933,6.6582726882
2398,6.868612,6.6578672168
2399,6.868977,6.6574555143
2400,6.869019,6.6570380538
2401,6.86873,6.6566153315
2402,6.868108,6.6561878656
2403,6.867152,6.65575619
2404,6.865863,6.6553208548
2405,6.864248,6.6548824194
2406,6.862314,6.6544414462
2407,6.860071,6.6539985
2408,6.857531,6.653554138
2409,6.854711,6.6531089122
2410,6.851627,6.6526633566
2411,6.848298,6.6522179839
2412,6.844746,6.6517732849
2413,6.840992,6.6513297168
2414,6.837061,6.6508877079
2415,6.832977,6.6504476452
2416,6.828766,6.6500098781
2417,6.824454,6.6495747097
2418,6.820068,6.6491424032
2419,6.815635,6.648713172
2420,6.81118,6.6482871864
2421,6.806729,6.6478645735
2422,6.802308,6.6474454158
2423,6.79794,6.6470297563
2424,6.793649,6.6466176022
2425,6.789456,6.6462089265
2426,6.78538,6.6458036703
2427,6.781439,6.6454017545
2428,6.777648,6.6450030771
2429,6.77402,6.6446075233
2430,6.770565,6.6442149677
2431,6.767292,6.6438252832
2432,6.764204,6.6434383351
2433,6.761305,6.643054
2434,6.758593,6.6426721541
2435,6.756064,6.64229269
2436,6.753712,6.641915509
2437,6.751527,6.6415405251
2438,6.749498,6.6411676703
2439,6.747609,6.6407968889
2440,6.745845,6.6404281398
2441,6.744186,6.6400613943
2442,6.742614,6.6396966344
2443,6.741105,6.6395118636
2444,6.739639,6.6393291421
2445,6.738192,6.6391484036
2446,6.736741,6.6389696245
2447,6.735265,6.6387928228
2448,6.733741,6.6386180543
2449,6.732149,6.6384454174
2450,6.73047,6.6382750473
2451,6.728687,6.6381071148
2452,6.726785,6.637941823
2453,6.724752,6.637779404
2454,6.722578,6.6376201136
2455,6.720256,6.6374642275
2456,6.717782,6.6373120368
2457,6.715155,6.6371638416
2458,6.712378,6.6370199465
2459,6.709455,6.6368806525
2460,6.706395,6.6367462556
2461,6.703208,6.6366170371
2462,6.699906,6.6364932621
2463,6.696505,6.636375175
2464,6.69302,6.6362629925
2465,6.689471,6.6361569047
2466,6.685877,6.6360570655
2467,6.682257,6.6359635947
2468,6.678631,6.6358765771
2469,6.675021,6.6357960603
2470,6.671447,6.6357220509
2471,6.667927,6.635654518
2472,6.66448,6.6355933958
2473,6.661125,6.6355385825
2474,6.657876,6.6354899392
2475,6.654749,6.635447299
2476,6.651755,6.6354104637
2477,6.648905,6.6353792122
2478,6.646208,6.6353533008
2479,6.64367,6.6353324664
2480,6.641294,6.6353164327
2481,6.639081,6.6353049152
2482,6.637031,6.6352976255
2483,6.635138,6.6352942727
2484,6.633398,6.6352945756
2485,6.631799,6.6352982583
2486,6.630331,6.6353050661
2487,6.628977,6.6353147622
2488,6.62772,6.6353271406
2489,6.62654,6.6353420274
2490,6.625413,6.6353592863
2491,6.624313,6.6353788271
2492,6.623211,6.6354006102
2493,6.622077,6.6354246529
2494,6.620879,6.6354510316
2495,6.619581,6.6354798871
2496,6.618148,6.6355114325
2497,6.616544,6.6355459523
2498,6.614731,6.6355838048
2499,6.612674,6.6356254271
2500,6.610337,6.63567133
2501,6.607687,6.6357221002
2502,6.604693,6.6357783956
2503,6.601327,6.6358409416
2504,6.597566,6.6359105262
2505,6.593393,6.6359879899
2506,6.588795,6.6360742146
2507,6.583766,6.6361701156
2508,6.578309,6.636276628
2509,6.572433,6.6363946884
2510,6.566156,6.6365252224
2511,6.559505,6.6366691268
2512,6.552516,6.63682725
2513,6.545234,6.6370003737
2514,6.537712,6.6371891934
2515,6.530013,6.637394301
2516,6.522206,6.6376161632
2517,6.514368,6.6378551077
2518,6.506582,6.638111305
2519,6.498934,6.6383847547
2520,6.491517,6.6386752771
2521,6.484423,6.6389824969
2522,6.477744,6.6393058431
2523,6.47157,6.6396445472
2524,6.46599,6.639997645
2525,6.461084,6.6403639768
2526,6.456927,6.6407422046
2527,6.453582,6.6411308203
2528,6.451102,6.6415281695
2529,6.449529,6.6419324713
2530,6.448888,6.6423418404
2531,6.449191,6.642754322
2532,6.450432,6.6431679188
2533,6.452589,6.6435806296
2534,6.455625,6.6439904828
2535,6.459483,6.6443955699
2536,6.464093,6.6447940884
2537,6.469369,6.6451843715
2538,6.47521,6.6455649242
2539,6.481502,6.6459344577
2540,6.488123,6.6462919196
2541,6.494939,6.6466365142
2542,6.501812,6.6469677314
2543,6.508599,6.6472853589
2544,6.515154,6.6475894956
2545,6.521333,6.6478805626
2546,6.526995,6.6481593018
2547,6.532003,6.6484267726
2548,6.536231,6.6486843473
2549,6.53956,6.6489336896
2550,6.541884,6.6491767422
2551,6.543112,6.6494157016
2552,6.543168,6.6496529866
2553,6.541991,6.6498912081
2554,6.539541,6.6501331368
2555,6.535794,6.6503816584
2556,6.530749,6.6506397387
2557,6.52442,6.6509103725
2558,6.516844,6.6511965498
2559,6.508075,6.6515012041
2560,6.498186,6.6518271727
2561,6.487268,6.6521771526
2562,6.475428,6.6525536575
2563,6.462786,6.6529589794
2564,6.449476,6.653395156
2565,6.435643,6.6538639356
2566,6.42144,6.6543667488
2567,6.407026,6.6549046859
2568,6.392565,6.6554784792
2569,6.37822,6.6560884872
2570,6.364154,6.656734693
2571,6.350526,6.6574166993
2572,6.337488,6.6581337336
2573,6.325182,6.6588846604
2574,6.31374,6.659668
2575,6.303281,6.6604819482
2576,6.293908,6.6613244033
2577,6.285708,6.662193
2578,6.278749,6.6630851445
2579,6.273081,6.663998057
2580,6.268737,6.6649288119
2581,6.265726,6.6658743771
2582,6.264042,6.6668316699
2583,6.263657,6.6677975923
2584,6.264525,6.6687690841
2585,6.266582,6.6697431663
2586,6.269747,6.6707169855
2587,6.273921,6.6716878571
2588,6.278988,6.6726533107
2589,6.284819,6.6736111338
2590,6.291265,6.6745594073
2591,6.29816,6.6754965575
2592,6.305318,6.676421402
2593,6.312528,6.6773332039
2594,6.31955,6.6782317389
2595,6.326101,6.6791173728
2596,6.331838,6.6799911757
2597,6.336335,6.6808550794
2598,6.33903,6.6817120945
2599,6.339149,6.6825666633
2600,6.335558,6.6834252075
2601,6.32647,6.6842970551
2602,6.308834,6.6851961181
2603,6.276855,6.6861441335
2604,6.217833,6.6871776919
2605,6.097135,6.6883659063
2606,5.773482,6.6898664924
2607,2.972317,6.6921982595
2608,8.021797,6.7016877526
2609,7.159021,6.6983115141
2610,6.945055,6.6971302077
2611,6.849913,6.6964928689
2612,6.79687,6.6960974562
2613,6.763198,6.695837062
2614,6.739771,6.6956625518
2615,6.722216,6.6955479844
2616,6.708191,6.6954785365
2617,6.696333,6.6954453446
2618,6.68581,6.6954430209
2619,6.676096,6.6954683045
2620,6.666853,6.6955192842
2621,6.657867,6.6955949208
2622,6.649004,6.6956947302
2623,6.64019,6.6958185782
2624,6.63139,6.6959665266
2625,6.622601,6.6961387307
2626,6.61384,6.6963353556
2627,6.605139,6.6965565228
2628,6.596541,6.6968022688
2629,6.588094,6.6970725148
2630,6.579851,6.6973670514
2631,6.571862,6.697685523
2632,6.564179,6.6980274348
2633,6.556845,6.6983921444
2634,6.5499,6.6987788852
2635,6.543378,6.6991867726
2636,6.537301,6.6996148187
2637,6.531687,6.7000619642
2638,6.526542,6.7005270884
2639,6.521865,6.7010090416
2640,6.517645,6.7015066639
2641,6.513865,6.7020188134
2642,6.510501,6.7025443827
2643,6.507521,6.7030823193
2644,6.504891,6.7036316489
2645,6.502572,6.7041914817
2646,6.500525,6.7047610282
2647,6.498708,6.7053396006
2648,6.497084,6.7059266222
2649,6.495614,6.7065216154
2650,6.494266,6.7071242086
2651,6.493011,6.7077341175
2652,6.491827,6.7083511379
2653,6.490698,6.7089751268
2654,6.489615,6.7096059855
2655,6.488575,6.7102436406
2656,6.487585,6.7108880262
2657,6.486656,6.7115390554
2658,6.485809,6.7121966082
2659,6.485068,6.7128605015
2660,6.484464,6.7135304794
2661,6.484031,6.7142061917
2662,6.483807,6.7148871834
2663,6.48383,6.7155728813
2664,6.48414,6.7162625923
2665,6.484775,6.7169554955
2666,6.485772,6.7176506467
2667,6.48716,6.718346979
2668,6.488969,6.7190433253
2669,6.491217,6.7197384139
2670,6.493918,6.720430903
2671,6.497078,6.7211193921
2672,6.500693,6.7218024451
2673,6.504752,6.7224786208
2674,6.509232,6.7231464939
2675,6.514105,6.7238046923
2676,6.519331,6.7244519136
2677,6.524864,6.7250869628
2678,6.53065,6.7257087733
2679,6.536629,6.726316433
2680,6.542737,6.7269092063
2681,6.548904,6.7274865486
2682,6.555059,6.7280481289
2683,6.56113,6.728593836
2684,6.567046,6.7291237848
2685,6.572738,6.7296383175
2686,6.578138,6.730138
2687,6.583187,6.730623623
2688,6.587828,6.7310961763
2689,6.592013,6.7315568457
2690,6.595702,6.7320069871
2691,6.598865,6.7324481036
2692,6.601478,6.7328818149
2693,6.60353,6.7333098404
2694,6.60502,6.7337339575
2695,6.605955,6.7341559705
2696,6.606354,6.7345776842
2697,6.606244,6.7350008647
2698,6.605662,6.7354272119
2699,6.604652,6.7358583256
2700,6.603266,6.73629568
2701,6.601564,6.7367405953
2702,6.599608,6.7371942081
2703,6.597465,6.7376574613
2704,6.595208,6.7381310845
2705,6.592905,6.7386155695
2706,6.590631,6.7391111837
2707,6.588454,6.739617942
2708,6.586444,6.7401356267
2709,6.584665,6.7406637766
2710,6.583175,6.7412017034
2711,6.582031,6.7417485087
2712,6.581279,6.7423030833
2713,6.580959,6.7428641429
2714,6.581105,6.7434302448
2715,6.581741,6.743999807
2716,6.582884,6.7445711408
2717,6.584541,6.7451424735
2718,6.586713,6.7457119823
2719,6.589392,6.7462778149
2720,6.592561,6.7468381214
2721,6.5962,6.747391086
2722,6.600278,6.7479349388
2723,6.604762,6.7484679964
2724,6.609614,6.7489886703
2725,6.614789,6.7494954873
2726,6.620244,6.7499871168
2727,6.62593,6.7504623663
2728,6.631799,6.7509202059
2729,6.637802,6.7513597675
2730,6.64389,6.7517803519
2731,6.650018,6.7521814312
2732,6.656141,6.7525626381
2733,6.662217,6.7529237678
2734,6.668206,6.7532647707
2735,6.674075,6.7535857472
2736,6.679792,6.7538869242
2737,6.685331,6.754168654
2738,6.690669,6.7544313931
2739,6.695788,6.7546756935
2740,6.700674,6.7549021846
2741,6.705318,6.7551115598
2742,6.709713,6.7553045581
2743,6.713859,6.7554819572
2744,6.717756,6.7556445469
2745,6.721409,6.7557931294
2746,6.724825,6.7559285
2747,6.728013,6.7560514387
2748,6.730983,6.7561627024
2749,6.73375,6.7562630199
2750,6.736325,6.756353072
2751,6.738724,6.756433506
2752,6.740961,6.7565049153
2753,6.743051,6.7565678462
2754,6.745008,6.7566227927
2755,6.746848,6.7566702
2756,6.748584,6.7567104549
2757,6.750229,6.7567438971
2758,6.751797,6.7567708182
2759,6.753299,6.7567914564
2760,6.754748,6.7568060083
2761,6.756153,6.7568146192
2762,6.757526,6.7568173992
2763,6.758876,6.7568144093
2764,6.760213,6.7568056737
2765,6.761544,6.7567911745
2766,6.762879,6.7567708632
2767,6.764226,6.7567446481
2768,6.765592,6.7567124009
2769,6.766984,6.756673961
2770,6.76841,6.7566291348
2771,6.769876,6.75657769
2772,6.771388,6.756519364
2773,6.772953,6.7564538634
2774,6.774575,6.7563808584
2775,6.776258,6.7562999956
2776,6.778008,6.7562108973
2777,6.779826,6.7561131525
2778,6.781715,6.7560063378
2779,6.783677,6.755890009
2780,6.785711,6.7557637045
2781,6.787819,6.7556269589
2782,6.789997,6.755479289
2783,6.792243,6.7553202212
2784,6.794555,6.7551492824
2785,6.796928,6.754966
2786,6.799357,6.7547699159
2787,6.801836,6.7545605869
2788,6.804359,6.7543375896
2789,6.80692,6.7541005213
2790,6.809511,6.753849
2791,6.812126,6.7535826746
2792,6.814756,6.7533012163
2793,6.817396,6.7530043333
2794,6.820038,6.7526917524
2795,6.822676,6.7523632341
2796,6.825302,6.7520185637
2797,6.827911,6.7516575616
2798,6.830498,6.7512800693
2799,6.833057,6.7508859502
2800,6.835583,6.750475095
2801,6.838072,6.7500474171
2802,6.840519,6.7496028485
2803,6.84292,6.7491413452
2804,6.84527,6.7486628827
2805,6.847566,6.7481674615
2806,6.849802,6.7476550979
2807,6.851974,6.7471258394
2808,6.854076,6.7465797552
2809,6.856103,6.7460169476
2810,6.858047,6.7454375474
2811,6.859903,6.7448417302
2812,6.861663,6.7442297021
2813,6.863317,6.7436017166
2814,6.864859,6.742958086
2815,6.866278,6.7422991622
2816,6.867565,6.7416253641
2817,6.868713,6.7409371694
2818,6.86971,6.7402351044
2819,6.870549,6.7395197735
2820,6.871221,6.7387918333
2821,6.871719,6.7380520056
2822,6.872037,6.7373010674
2823,6.872171,6.7365398475
2824,6.872116,6.7357692159
2825,6.871873,6.7349900914
2826,6.87144,6.734203408
2827,6.870821,6.7334101329
2828,6.870022,6.7326112326
2829,6.869049,6.7318076608
2830,6.867912,6.7310003588
2831,6.866623,6.7301902308
2832,6.865196,6.729378131
2833,6.863648,6.7285648503
2834,6.861996,6.7277510964
2835,6.86026,6.7269374909
2836,6.858461,6.7261245488
2837,6.856622,6.7253126687
2838,6.854764,6.7245021173
2839,6.85291,6.7236930373
2840,6.851083,6.7228854313
2841,6.849305,6.7220791572
2842,6.847597,6.7212739304
2843,6.84598,6.7204693248
2844,6.844471,6.7196647692
2845,6.843087,6.7188595677
2846,6.841842,6.7180528961
2847,6.840747,6.717243817
2848,6.839811,6.7164312961
2849,6.839041,6.7156142119
2850,6.83844,6.7147913667
2851,6.838008,6.7139615101
2852,6.837742,6.7131233581
2853,6.837637,6.7122756122
2854,6.837685,6.7114169726
2855,6.837875,6.7105461586
2856,6.838195,6.7096619306
2857,6.838629,6.7087630979
2858,6.839159,6.7078485493
2859,6.839769,6.7069172695
2860,6.840436,6.7059683286
2861,6.841142,6.7050009353
2862,6.841864,6.7040144058
2863,6.842581,6.7030082044
2864,6.843271,6.7019819338
2865,6.843912,6.7009353481
2866,6.844483,6.6998683582
2867,6.844966,6.6987810301
2868,6.845341,6.6976735682
2869,6.84559,6.6965463359
2870,6.845698,6.6953998462
2871,6.845652,6.6942347442
2872,6.845439,6.6930517969
2873,6.845051,6.6918518976
2874,6.844479,6.6906360317
2875,6.843719,6.689405288
2876,6.842769,6.6881608226
2877,6.841629,6.6869038455
2878,6.840301,6.6856356066
2879,6.838791,6.6843573802
2880,6.837105,6.6830704333
2881,6.835253,6.6817760252
2882,6.833246,6.6804753729
2883,6.831098,6.679169641
2884,6.828822,6.6778599138
2885,6.826434,6.6765472
2886,6.823952,6.6752324035
2887,6.821392,6.6739163009
2888,6.818772,6.6725995536
2889,6.81611,6.6712826847
2890,6.813421,6.6699660727
2891,6.810722,6.6686499725
2892,6.808029,6.6673344907
2893,6.805355,6.6660195888
2894,6.802711,6.6647051038
2895,6.800109,6.6633907619
2896,6.797554,6.6620761635
2897,6.795055,6.6607608447
2898,6.792612,6.6594442353
2899,6.790228,6.6581257426
2900,6.787902,6.65680472
2901,6.785629,6.6554805051
2902,6.783404,6.6541524592
2903,6.781219,6.6528199691
2904,6.779066,6.6514824792
2905,6.776934,6.6501394947
2906,6.774811,6.648790617
2907,6.772686,6.6474355591
2908,6.770545,6.6460741413
2909,6.768376,6.6447063297
2910,6.766167,6.6433322222
2911,6.763907,6.6419520562
2912,6.761586,6.6405662045
2913,6.759194,6.6391751724
2914,6.756725,6.6377796047
2915,6.754172,6.6363802471
2916,6.751533,6.6349779643
2917,6.748806,6.6335736867
2918,6.745991,6.6321684146
2919,6.743092,6.6307631975
2920,6.740114,6.6293590875
2921,6.737063,6.6279571266
2922,6.733947,6.6265583333
2923,6.730778,6.6251636753
2924,6.727565,6.6237740132
2925,6.724322,6.6223901333
2926,6.721061,6.6210126757
2927,6.717796,6.6196421507
2928,6.714538,6.6182789028
2929,6.711301,6.6169231408
2930,6.708096,6.6155748857
2931,6.704933,6.614234
2932,6.701823,6.6129001912
2933,6.698773,6.6115729851
2934,6.695789,6.6102517727
2935,6.692875,6.6089358154
2936,6.690032,6.6076242656
2937,6.687261,6.6063162063
2938,6.684559,6.6050106452
2939,6.681923,6.6037065738
2940,6.679347,6.6024029667
2941,6.676824,6.6010988305
2942,6.674345,6.5997932241
2943,6.6719,6.5984852982
2944,6.669479,6.5971743214
2945,6.667072,6.5958596909
2946,6.664668,6.5945409444
2947,6.662255,6.5932177925
2948,6.659824,6.5918901538
2949,6.657366,6.5905581176
2950,6.654871,6.58922196
2951,6.652335,6.5878821837
2952,6.64975,6.5865394167
2953,6.647114,6.5851945106
2954,6.644424,6.5838484348
2955,6.64168,6.5825023111
2956,6.638882,6.5811573636
2957,6.636034,6.5798149302
2958,6.63314,6.578476381
2959,6.630204,6.577143122
2960,6.627233,6.5758166
2961,6.624235,6.5744982308
2962,6.621216,6.5731893684
2963,6.618185,6.5718913514
2964,6.61515,6.5706054167
2965,6.612117,6.5693327143
2966,6.609095,6.5680743529
2967,6.606091,6.566831303
2968,6.603109,6.5656044375
2969,6.600156,6.5643946129
2970,6.597235,6.5632025667
2971,6.594351,6.5620290345
2972,6.591506,6.5608746786
2973,6.588703,6.5597401852
2974,6.585942,6.5586262308
2975,6.583227,6.5575336
2976,6.580557,6.5564630417
2977,6.577935,6.5554154783
2978,6.575362,6.5543918636
2979,6.572839,6.5533932857
2980,6.57037,6.552421
2981,6.567958,6.5514763158
2982,6.565608,6.5505606667
2983,6.563323,6.5496755294
2984,6.561111,6.5488225625
2985,6.558977,6.5480033333
2986,6.556929,6.5472195
2987,6.554974,6.5464726154
2988,6.553121,6.5457641667
2989,6.551375,6.5450953636
2990,6.549745,6.5444674
2991,6.548235,6.543881
2992,6.546852,6.54333675
2993,6.545597,6.5428345714
2994,6.544471,6.5423741667
2995,6.543474,6.5419548
2996,6.542602,6.541575
2997,6.541847,6.5412326667
2998,6.541201,6.5409255
2999,6.54065,6.54065
