0,0,0
1,0,0.0077796798
2,0,0.0155647288
3,0,0.0233549701
4,0,0.0311501804
5,0,0.0389500896
6,0,0.0467543799
7,0,0.0545626822
8,0,0.0623745806
9,0,0.0701896045
10,0,0.0780072342
11,0,0.0858268937
12,0,0.0936479546
13,0,0.10146973
14,0,0.1092914755
15,0,0.1171123871
16,0,0.1249315974
17,0,0.1327481732
18,0,0.1405611123
19,0,0.1483693357
20,0,0.1561716882
21,0,0.1639669247
22,0,0.1717537061
23,0,0.1795305866
24,0,0.187296
25,0,0.1950482449
26,0,0.20278546
27,0,0.2105055986
28,0,0.2182063919
29,0,0.2258853035
30,0,0.2335394707
31,0,0.2411656201
32,0,0.2487599642
33,0,0.256318049
34,0,0.2638345496
35,0,0.2713029713
36,0,0.2787152174
37,0,0.2860609307
38,0,0.2933264576
39,0,0.300493147
40,0,0.3075343859
41,0,0.3144100514
42,0,0.3210550657
43,0,0.3273523787
44,0,0.3330542664
45,0,0.3374390227
46,0,0.341823779
47,0,0.3462085352
48,0,0.360079822
49,0,0.3708809689
50,0,0.3806846189
51,0,0.3899817957
52,0,0.3989680024
53,0,0.4077412198
54,0,0.4163576643
55,0,0.4248526416
56,0,0.4332498315
57,0,0.4415659319
58,0,0.4498132079
59,0,0.4580009749
60,0,0.4661365137
61,0,0.4742256643
62,0,0.4822732151
63,0,0.490283178
64,0,0.4982589749
65,0,0.5062035759
66,0,0.5141195998
67,0,0.5220093907
68,0,0.5298750705
69,0,0.537718583
70,0,0.5455417288
71,0,0.5533461876
72,0,0.5611335388
73,0,0.568905276
74,0,0.5766628196
75,0,0.5844075233
76,0,0.5921406846
77,0,0.599863546
78,0,0.6075772999
79,0,0.615283092
80,0,0.6229820227
81,0,0.6306751493
82,0,0.6383634827
83,0,0.6460479916
84,0,0.6537296022
85,0,0.6614091947
86,0,0.6690876069
87,0,0.6767656296
88,0,0.6844440096
89,0,0.692123448
90,0,0.699804601
91,0,0.7074880753
92,0,0.7151744337
93,0,0.7228641912
94,0,0.7305578172
95,0,0.7382557336
96,0,0.7459583178
97,0,0.753665902
98,0,0.761378773
99,0,0.7690971756
100,0,0.776821313
101,0,0.7845513453
102,0,0.7922873955
103,0,0.8000295496
104,0,0.8077778554
105,0,0.8155323286
106,0,0.8232929534
107,0,0.8310596834
108,0,0.8388324444
109,0,0.8466111398
110,0,0.8543956476
111,0,0.862185828
112,0,0.8699815209
113,0,0.8777825532
114,0,0.8855887384
115,0,0.8933998805
116,0,0.9012157742
117,0,0.9090362103
118,0,0.9168609761
119,0,0.9246898578
120,0,0.9325226428
121,0,0.9403591231
122,0,0.9481990956
123,0,0.9560423644
124,0,0.9638887431
125,0,0.971738055
126,0,0.979590135
127,0,0.9874448327
128,0,0.9953020119
129,0,1.0031615508
130,0,1.0110233441
131,0,1.0188873023
132,0,1.0267533524
133,0,1.0346214409
134,0,1.0424915293
135,0,1.0503635962
136,0,1.058237638
137,0,1.0661136667
138,0,1.0739917097
139,0,1.0818718088
140,0,1.0897540215
141,0,1.0976384158
142,0,1.1055250729
143,0,1.1134140848
144,0,1.121305552
145,0,1.129199583
146,0,1.1370962927
147,0,1.1449958005
148,0,1.1528982282
149,0,1.1608037013
150,0,1.1687123441
151,0,1.1766242796
152,0,1.1845396296
153,0,1.192458509
154,0,1.2003810275
155,0,1.2083072903
156,0,1.2162373919
157,0,1.2241714182
158,0,1.2321094432
159,0,1.2400515329
160,0,1.2479977395
161,0,1.2559481016
162,0,1.2639026452
163,0,1.2718613835
164,0,1.2798243142
165,0,1.2877914217
166,0,1.2957626774
167,0,1.3037380382
168,0,1.3117174468
169,0,1.3197008339
170,0,1.3276881171
171,0,1.3356792019
172,0,1.3436739833
173,0,1.3516723453
174,0,1.3596741637
175,0,1.3676793047
176,0,1.3756876284
177,0,1.3836989892
178,0,1.3917132366
179,0,1.3997302162
180,0,1.407749773
181,0,1.4157717491
182,0,1.4237959881
183,0,1.4318223345
184,0,1.439850638
185,0,1.4478807503
186,0,1.4559125305
187,0,1.4639458435
188,0,1.4719805615
189,0,1.4800165675
190,0,1.4880537527
191,0,1.4960920191
192,0,1.5041312796
193,0,1.5121714612
194,0,1.5202125018
195,0,1.5282543536
196,0,1.5362969821
197,0,1.5443403668
198,0,1.5523845006
199,0,1.5604293907
200,0,1.5684750585
201,0,1.5765215388
202,0,1.5845688793
203,0,1.5926171434
204,0,1.6006664038
205,0,1.6087167467
206,0,1.6167682688
207,0,1.6248210777
208,0,1.6328752903
209,0,1.6409310335
210,0,1.6489884397
211,0,1.6570476476
212,0,1.6651088041
213,0,1.6731720573
214,0,1.6812375591
215,0,1.6893054648
216,0,1.6973759271
217,0,1.7054491004
218,0,1.7135251362
219,0,1.7216041828
220,0,1.7296863847
221,0,1.7377718793
222,0,1.7458607993
223,0,1.7539532664
224,0,1.7620493967
225,0,1.7701492939
226,0,1.7782530514
227,0,1.7863607527
228,0,1.7944724659
229,0,1.8025882485
230,0,1.8107081434
231,0,1.8188321792
232,0,1.8269603704
233,0,1.8350927168
234,0,1.8432292031
235,0,1.8513697981
236,0,1.8595144564
237,0,1.8676631183
238,0,1.8758157085
239,0,1.8839721386
240,0,1.8921323047
241,0,1.900296092
242,0,1.9084633704
243,0,1.916634
244,0,1.924807828
245,0,1.932984693
246,0,1.9411644229
247,0,1.9493468387
248,0,1.9575317527
249,0,1.9657189713
250,0,1.9739082963
251,0,1.9820995257
252,0,1.990292454
253,0,1.9984868757
254,0,2.006682583
255,0,2.0148793716
256,0,2.0230770358
257,0,2.0312753763
258,0,2.0394741971
259,0,2.0476733082
260,0,2.0558725245
261,0,2.0640716703
262,0,2.0722705771
263,0,2.080469086
264,0,2.088667049
265,0,2.0968643274
266,0,2.1050607957
267,0,2.1132563393
268,0,2.1214508566
269,0,2.1296442581
270,0,2.1378364671
271,0,2.1460274217
272,0,2.1542170729
273,0,2.1624053823
274,0,2.1705923274
275,0,2.1787778973
276,0,2.186962092
277,0,2.1951449259
278,0,2.2033264241
279,0,2.2115066225
280,0,2.2196855651
281,0,2.227863307
282,0,2.2360399128
283,0,2.2442154516
284,0,2.2523900012
285,0,2.2605636452
286,0,2.2687364695
287,0,2.2769085651
288,0,2.2850800251
289,0,2.2932509438
290,0,2.3014214146
291,0,2.3095915317
292,0,2.3177613859
293,0,2.3259310645
294,0,2.3341006511
295,0,2.3422702246
296,0,2.3504398554
297,0,2.3586096093
298,0,2.3667795436
299,0,2.3749497049
300,0,2.3831201314
301,0,2.3912908519
302,0,2.3994618829
303,0,2.4076332306
304,0,2.4158048889
305,0,2.4239768399
306,0,2.4321490538
307,0,2.4403214875
308,0,2.448494086
309,0,2.4566667814
310,0,2.4648394946
311,0,2.4730121338
312,0,2.481184595
313,0,2.4893567646
314,0,2.4975285161
315,0,2.5056997145
316,0,2.5138702151
317,0,2.5220398638
318,0,2.5302084982
319,0,2.5383759498
320,0,2.5465420442
321,0,2.554706601
322,0,2.5628694361
323,0,2.571030362
324,0,2.5791891888
325,0,2.5873457264
326,0,2.5954997861
327,0,2.603651178
328,0,2.6117997168
329,0,2.619945221
330,0,2.6280875125
331,0,2.6362264205
332,0,2.6443617814
333,0,2.6524934373
334,0,2.6606212425
335,0,2.6687450597
336,0,2.6768647622
337,0,2.6849802366
338,0,2.6930913799
339,0,2.7011981039
340,0,2.7093003345
341,0,2.7173980096
342,0,2.7254910848
343,0,2.7335795281
344,0,2.7416633238
345,0,2.7497424707
346,0,2.7578169845
347,0,2.7658868949
348,0,2.7739522485
349,0,2.7820131039
350,0,2.7900695364
351,0,2.7981216332
352,0,2.806169497
353,0,2.8142132425
354,0,2.8222529952
355,0,2.8302888937
356,0,2.8383210836
357,0,2.8463497228
358,0,2.8543749761
359,0,2.8623970143
360,0,2.8704160143
361,0,2.8784321589
362,0,2.8864456332
363,0,2.8944566249
364,0,2.9024653202
365,0,2.910471908
366,0,2.9184765723
367,0,2.9264794958
368,0,2.9344808566
369,0,2.9424808256
370,0,2.9504795687
371,0,2.9584772425
372,0,2.966473994
373,0,2.9744699594
374,0,2.9824652652
375,0,2.9904600251
376,0,2.9984543393
377,0,3.0064482927
378,0,3.0144419582
379,0,3.0224353907
380,0,3.0304286308
381,0,3.0384217025
382,0,3.0464146141
383,0,3.0544073548
384,0,3.0623998996
385,0,3.0703922043
386,0,3.0783842103
387,0,3.0863758399
388,0,3.094367
389,0,3.1023575806
390,0,3.1103474576
391,0,3.118336491
392,0,3.1263245269
393,0,3.1343113967
394,0,3.14229692
395,0,3.1502809044
396,0,3.1582631458
397,0,3.1662434301
398,0,3.1742215341
399,0,3.1821972282
400,0,3.1901702736
401,0,3.1981404289
402,0,3.2061074468
403,0,3.2140710765
404,0,3.2220310681
405,0,3.2299871685
406,0,3.2379391278
407,0,3.2458866977
408,0,3.2538296332
409,0,3.2617676953
410,0,3.2697006511
411,0,3.2776282748
412,0,3.2855503501
413,0,3.2934666703
414,0,3.3013770394
415,0,3.309281276
416,0,3.3171792115
417,0,3.3250706906
418,0,3.3329555747
419,0,3.3408337407
420,0,3.3487050848
421,0,3.3565695185
422,0,3.3644269749
423,0,3.3722774038
424,0,3.3801207754
425,0,3.38795708
426,0,3.3957863297
427,0,3.4036085544
428,0,3.4114238065
429,0,3.4192321589
430,0,3.4270337049
431,0,3.4348285568
432,0,3.4426168471
433,0,3.4503987276
434,0,3.4581743692
435,0,3.4659439606
436,0,3.4737077061
437,0,3.481465828
438,0,3.4892185615
439,0,3.4969661577
440,0,3.5047088805
441,0,3.5124470024
442,0,3.5201808088
443,0,3.5279105926
444,0,3.5356366523
445,0,3.5433592939
446,0,3.5510788256
447,0,3.5587955579
448,0,3.5665098017
449,0,3.574221865
450,0,3.581932055
451,0,3.5896406726
452,0,3.5973480119
453,0,3.6050543596
454,0,3.6127599904
455,0,3.6204651697
456,0,3.6281701481
457,0,3.6358751637
458,0,3.6435804361
459,0,3.6512861697
460,0,3.6589925496
461,0,3.6666997419
462,0,3.6744078925
463,0,3.6821171266
464,0,3.6898275472
465,0,3.6975392366
466,0,3.7052522533
467,0,3.7129666356
468,0,3.7206823978
469,0,3.7283995317
470,0,3.7361180084
471,0,3.7438377778
472,0,3.7515587694
473,0,3.7592808937
474,0,3.7670040418
475,0,3.7747280884
476,0,3.7824528925
477,0,3.7901782999
478,0,3.7979041422
479,0,3.8056302425
480,0,3.8133564158
481,0,3.8210824695
482,0,3.8288082079
483,0,3.8365334361
484,0,3.8442579582
485,0,3.8519815842
486,0,3.8597041314
487,0,3.8674254277
488,0,3.8751453154
489,0,3.8828636535
490,0,3.8905803226
491,0,3.8982952294
492,0,3.9060083094
493,0,3.9137195352
494,0,3.92142892
495,0,3.9291365245
496,0,3.9368424659
497,0,3.9445469283
498,0,3.9522501768
499,0,3.9599525711
500,0,3.9676545926
501,0,3.9753568746
502,0,3.9830602497
503,0,3.990765822
504,0,3.9984750753
505,0,4.0061900597
506,0,4.0139137085
507,0,4.0216504385
508,0,4.0294073895
509,0,4.0371973489
510,0,4.0450471027
511,0,4.05303054
512,0,4.0615428746
513,0,4.0671195926
514,0,4.074262135
515,0,4.0816086237
516,0,4.0890357419
517,0,4.0965063835
518,0,4.1040046655
519,0,4.1115224683
520,0,4.1190551888
521,0,4.1266000442
522,0,4.1341552891
523,0,4.1417198076
524,0,4.1492928889
525,0,4.156874086
526,0,4.1644631326
527,0,4.1720598877
528,0,4.1796642927
529,0,4.1872763465
530,0,4.1948960836
531,0,4.2025235591
532,0,4.2101588375
533,0,4.2178019833
534,0,4.225453055
535,0,4.2331120956
536,0,4.2407791338
537,0,4.2484541744
538,0,4.2561372019
539,0,4.263828172
540,0,4.2715270155
541,0,4.2792336344
542,0,4.2869479008
543,0,4.2946696607
544,0,4.3023987288
545,0,4.3101348937
546,0,4.3178779164
547,0,4.3256275329
548,0,4.333383454
549,0,4.341145368
550,0,4.3489129438
551,0,4.3566858315
552,0,4.3644636631
553,0,4.3722460597
554,0,4.3800326284
555,0,4.3878229701
556,0,4.3956166774
557,0,4.4034133405
558,0,4.4112125496
559,0,4.4190138961
560,0,4.4268169773
561,0,4.4346213955
562,0,4.4424267658
563,0,4.4502327145
564,0,4.4580388829
565,0,4.4658449283
566,0,4.4736505293
567,0,4.4814553835
568,0,4.4892592127
569,0,4.4970617634
570,0,4.5048628065
571,0,4.512662141
572,0,4.5204595926
573,0,4.5282550167
574,0,4.5360482987
575,0,4.5438393513
576,0,4.5516281195
577,0,4.5594145747
578,0,4.5671987204
579,0,4.5749805866
580,0,4.582760233
581,0,4.5905377443
582,0,4.5983132318
583,0,4.6060868315
584,0,4.6138587013
585,0,4.6216290215
586,0,4.6293979928
587,0,4.6371658327
588,0,4.6449327754
589,0,4.6526990693
590,0,4.6604649749
591,0,4.6682307622
592,0,4.6759967109
593,0,4.6837631063
594,0,4.6915302378
595,0,4.6992983967
596,0,4.7070678757
597,0,4.7148389654
598,0,4.7226119534
599,0,4.7303871231
600,0,4.7381647515
601,0,4.7459451075
602,0,4.7537284516
603,0,4.7615150346
604,0,4.7693050956
605,0,4.7770988614
606,0,4.7848965472
607,0,4.7926983536
608,0,4.8005044683
609,0,4.8083150657
610,0,4.8161303023
611,0,4.8239503238
612,0,4.8317752593
613,0,4.8396052222
614,0,4.8474403142
615,0,4.8552806213
616,0,4.8631262151
617,0,4.8709771541
618,0,4.8788334851
619,0,4.8866952413
620,0,4.8945624444
621,0,4.9024351039
622,0,4.9103132186
623,0,4.918196779
624,0,4.9260857646
625,0,4.9339801481
626,0,4.9418798913
627,0,4.9497849498
628,0,4.9576952736
629,0,4.9656108053
630,0,4.9735314827
631,0,4.9814572389
632,0,4.9893880024
633,0,4.9973236965
634,0,5.0052642437
635,0,5.0132095627
636,0,5.0211595699
637,0,5.0291141804
638,0,5.037073307
639,0,5.0450368626
640,0,5.0530047587
641,0,5.0609769056
642,0,5.0689532162
643,0,5.076933601
644,0,5.0849179725
645,0,5.0929062425
646,0,5.1008983262
647,0,5.1088941374
648,0,5.1168935938
649,0,5.1248966117
650,0,5.1329031111
651,0,5.1409130131
652,0,5.1489262401
653,0,5.156942718
654,0,5.164962374
655,0,5.1729851374
656,0,5.1810109391
657,0,5.1890397133
658,0,5.1970713967
659,0,5.2051059271
660,0,5.2131432461
661,0,5.2211832987
662,0,5.2292260299
663,0,5.2372713895
664,0,5.2453193297
665,0,5.2533698041
666,0,5.2614227694
667,0,5.2694781852
668,0,5.2775360143
669,0,5.285596221
670,0,5.293658773
671,0,5.3017236404
672,0,5.3097907945
673,0,5.3178602115
674,0,5.3259318662
675,0,5.3340057395
676,0,5.3420818112
677,0,5.3501600657
678,0,5.3582404875
679,0,5.3663230621
680,0,5.374407779
681,0,5.3824946272
682,0,5.3905835962
683,0,5.3986746786
684,0,5.4067678662
685,0,5.4148631529
686,0,5.4229605305
687,0,5.431059994
688,0,5.4391615352
689,0,5.447265147
690,0,5.4553708232
691,0,5.4634785544
692,0,5.4715883309
693,0,5.4797001422
694,0,5.4878139761
695,0,5.4959298196
696,0,5.5040476571
697,0,5.5121674707
698,0,5.5202892413
699,0,5.5284129462
700,0,5.5365385615
701,0,5.5446660597
702,0,5.552795411
703,0,5.560926583
704,0,5.56905954
705,0,5.5771942449
706,0,5.5853306559
707,0,5.5934687312
708,0,5.6016084229
709,0,5.6097496834
710,0,5.6178924624
711,0,5.6260367049
712,0,5.6341823572
713,0,5.6423293608
714,0,5.6504776571
715,0,5.6586271864
716,0,5.6667778865
717,0,5.6749296953
718,0,5.6830825508
719,0,5.6912363895
720,0,5.6993911493
721,0,5.707546767
722,0,5.7157031816
723,0,5.7238603333
724,0,5.7320181637
725,0,5.7401766153
726,0,5.7483356332
727,0,5.7564951661
728,0,5.7646551637
729,0,5.7728155795
730,0,5.7809763704
731,0,5.789137497
732,0,5.7972989223
733,0,5.8054606141
734,0,5.8136225436
735,0,5.821784687
736,0,5.8299470215
737,0,5.8381095317
738,0,5.8462722031
739,0,5.8544350263
740,0,5.8625979952
741,0,5.8707611063
742,0,5.8789243608
743,0,5.8870877611
744,0,5.8952513118
745,0,5.9034150203
746,0,5.9115788961
747,0,5.9197429498
748,0,5.9279071924
749,0,5.9360716344
750,0,5.9442362879
751,0,5.9524011637
752,0,5.9605662724
753,0,5.9687316201
754,0,5.9768972139
755,0,5.9850630573
756,0,5.9932291505
757,0,6.001395491
758,0,6.0095620717
759,0,6.0177288805
760,0,6.025895902
761,0,6.0340631159
762,0,6.0422304958
763,0,6.0503980108
764,0,6.0585656237
765,0,6.0667332903
766,0,6.074900963
767,0,6.0830685866
768,0,6.0912360992
769,0,6.0994034361
770,0,6.1075705233
771,0,6.1157372832
772,0,6.123903632
773,0,6.1320694815
774,0,6.1402347372
775,0,6.1483993023
776,0,6.1565630729
777,0,6.164725945
778,0,6.1728878076
779,0,6.1810485496
780,0,6.1892080573
781,0,6.1973662139
782,0,6.205522902
783,0,6.2136780048
784,0,6.2218314038
785,0,6.2299829809
786,0,6.2381326201
787,0,6.2462802067
788,0,6.2544256284
789,0,6.2625687742
790,0,6.2707095364
791,0,6.2788478124
792,0,6.2869835018
793,0,6.2951165102
794,0,6.3032467479
795,0,6.311374129
796,0,6.3194985747
797,0,6.3276200108
798,0,6.3357383692
799,0,6.343853589
800,0,6.3519656141
801,0,6.3600743955
802,0,6.3681798913
803,0,6.3762820645
804,0,6.3843808853
805,0,6.3924763309
806,0,6.4005683823
807,0,6.4086570287
808,0,6.4167422628
809,0,6.4248240848
810,0,6.4329024994
811,0,6.4409775161
812,0,6.449049147
813,0,6.457117411
814,0,6.4651823286
815,0,6.4732439235
816,0,6.4813022234
817,0,6.4893572581
818,0,6.4974090573
819,0,6.5054576535
820,0,6.51350308
821,0,6.5215453704
822,0,6.5295845568
823,0,6.5376206726
824,0,6.5456537479
825,0,6.5536838136
826,0,6.5617108973
827,0,6.5697350251
828,0,6.5777562198
829,0,6.5857745006
830,0,6.5937898841
831,0,6.6018023835
832,0,6.6098120072
833,0,6.6178187599
834,0,6.6258226416
835,0,6.6338236499
836,0,6.6418217754
837,6.511592,6.6498170048
838,6.516086,6.6500296416
839,6.520432,6.6502339737
840,6.524591,6.6504301517
841,6.528524,6.6506183668
842,6.532191,6.6507988542
843,6.535549,6.6509718913
844,6.538559,6.6511378041
845,6.541175,6.6512969606
846,6.543356,6.6514497802
847,6.545055,6.6515967288
848,6.546228,6.651738325
849,6.546826,6.6518751374
850,6.546801,6.6520077909
851,6.546103,6.6521369654
852,6.544679,6.6522634002
853,6.542474,6.6523878973
854,6.53943,6.6525113214
855,6.535483,6.6526346093
856,6.530569,6.6527587718
857,6.524613,6.6528848984
858,6.517536,6.6530141697
859,6.509249,6.6531478626
860,6.499651,6.6532873608
861,6.488629,6.6534341732
862,6.476049,6.653589945
863,6.461756,6.6537564863
864,6.445564,6.6539357969
865,6.427249,6.6541301027
866,6.406538,6.654341902
867,6.383087,6.6545740251
868,6.356466,6.654829718
869,6.326117,6.6551127479
870,6.291311,6.6554275544
871,6.251069,6.6557794564
872,6.20405,6.6561749474
873,6.148362,6.6566221314
874,6.081246,6.6571313811
875,5.998519,6.657716374
876,5.893517,6.6583957909
877,5.754932,6.6591962855
878,5.561877,6.6601580287
879,5.270851,6.6613461541
880,4.77248,6.6628777754
881,3.670041,6.6650006906
882,3.670041,6.668436687
883,3.670041,6.6718687228
884,11.610267,6.6752968949
885,9.04056,6.6692347766
886,8.205655,6.6662391505
887,7.781737,6.6642374934
888,7.521455,6.6627389056
889,7.343183,6.6615480167
890,7.211964,6.6605669809
891,7.110296,6.6597397228
892,7.028448,6.6590310824
893,6.960576,6.6584175281
894,6.90297,6.6578825125
895,6.853161,6.6574139235
896,6.809446,6.6570025998
897,6.770619,6.6566414134
898,6.7358,6.6563246762
899,6.704339,6.6560477515
900,6.675742,6.6558067742
901,6.649631,6.6555984671
902,6.625712,6.65542
903,6.603755,6.6552688865
904,6.583574,6.6551429104
905,6.56502,6.6550400693
906,6.547973,6.6549585293
907,6.532332,6.6548965926
908,6.518013,6.6548526726
909,6.504944,6.65482527
910,6.493064,6.6548129618
911,6.482317,6.6548143847
912,6.472656,6.6548282318
913,6.464035,6.6548532389
914,6.456412,6.6548881828
915,6.449748,6.6549318781
916,6.444005,6.6549831708
917,6.439147,6.6550409415
918,6.435135,6.6551040992
919,6.431934,6.6551715854
920,6.429508,6.6552423728
921,6.427819,6.6553154624
922,6.426831,6.6553898889
923,6.426505,6.655464718
924,6.426804,6.6555390526
925,6.42769,6.6556120299
926,6.429125,6.655682822
927,6.431068,6.655750638
928,6.433482,6.6558147288
929,6.436327,6.6558743847
930,6.439565,6.6559289355
931,6.443156,6.6559777539
932,6.447063,6.6560202557
933,6.451248,6.6560559008
934,6.455673,6.6560841912
935,6.460303,6.6561046762
936,6.465103,6.656116945
937,6.470037,6.6561206332
938,6.475074,6.6561154205
939,6.480183,6.6561010263
940,6.485332,6.6560772127
941,6.490494,6.6560437849
942,6.495643,6.6560005842
943,6.500753,6.6559474886
944,6.505801,6.6558844134
945,6.510768,6.6558113059
946,6.515633,6.6557281422
947,6.520381,6.6556349271
948,6.524995,6.6555316882
949,6.529464,6.6554184755
950,6.533777,6.6552953536
951,6.537926,6.6551624014
952,6.541903,6.6550197025
953,6.545705,6.6548673477
954,6.549329,6.6547054205
955,6.552774,6.6545339964
956,6.556041,6.654353135
957,6.559134,6.6541628722
958,6.562057,6.6539632079
959,6.564816,6.6537540992
960,6.567419,6.6535354444
961,6.569874,6.6533070693
962,6.572191,6.6530687061
963,6.574382,6.6528199725
964,6.576459,6.6525603345
965,6.578434,6.6522890669
966,6.580321,6.6520051995
967,6.582133,6.6517074313
968,6.583884,6.6513940191
969,6.58559,6.6510626081
970,6.587264,6.6507099594
971,6.58892,6.6503315293
972,6.590573,6.6499207324
973,6.592236,6.6494676045
974,6.593922,6.648956141
975,6.595643,6.6483583286
976,6.597412,6.6476183596
977,6.599238,6.6465979068
978,6.601132,6.6447517073
979,6.603103,6.6429032449
980,6.605158,6.6445780036
981,6.607304,6.6452941386
982,6.609546,6.6457054767
983,6.611888,6.6459662162
984,6.614332,6.6461367658
985,6.616881,6.6462469749
986,6.619534,6.6463137443
987,6.62229,6.6463475496
988,6.625148,6.646355313
989,6.628102,6.646341828
990,6.631148,6.6463105412
991,6.634282,6.6462640024
992,6.637495,6.6462041374
993,6.64078,6.6461324361
994,6.644127,6.6460500657
995,6.647529,6.645957957
996,6.650975,6.6458568566
997,6.654453,6.6457473763
998,6.657953,6.6456300239
999,6.661464,6.6455052222
1000,6.664973,6.6453733309
1001,6.668469,6.6452346619
1002,6.671941,6.6450894886
1003,6.675377,6.6449380538
1004,6.678765,6.6447805783
1005,6.682095,6.6446172664
1006,6.685356,6.6444483118
1007,6.688538,6.6442738984
1008,6.691632,6.6440942055
1009,6.694629,6.6439094086
1010,6.697522,6.6437196846
1011,6.700303,6.6435252067
1012,6.702967,6.6433261517
1013,6.705509,6.6431226989
1014,6.707925,6.6429150275
1015,6.710212,6.6427033214
1016,6.712369,6.6424877658
1017,6.714394,6.6422685484
1018,6.716288,6.6420458602
1019,6.718052,6.6418198937
1020,6.71969,6.6415908435
1021,6.721204,6.641358902
1022,6.7226,6.6411242664
1023,6.723883,6.640887129
1024,6.725059,6.6406476834
1025,6.726137,6.6404061231
1026,6.727124,6.6401626344
1027,6.728029,6.6399174038
1028,6.728861,6.6396706141
1029,6.729632,6.6394224421
1030,6.730351,6.6391730597
1031,6.73103,6.6389226344
1032,6.73168,6.6386713262
1033,6.732313,6.6384192867
1034,6.73294,6.6381666631
1035,6.733573,6.6379135926
1036,6.734224,6.6376602055
1037,6.734904,6.6374066213
1038,6.735624,6.6371529534
1039,6.736397,6.6368993059
1040,6.737231,6.6366457706
1041,6.738137,6.6363924337
1042,6.739124,6.6361393692
1043,6.740201,6.6358866428
1044,6.741376,6.6356343106
1045,6.742657,6.6353824194
1046,6.744049,6.635131006
1047,6.745557,6.634880098
1048,6.747188,6.6346297168
1049,6.748943,6.6343798722
1050,6.750825,6.6341305675
1051,6.752837,6.6338817993
1052,6.754977,6.633633552
1053,6.757246,6.63338581
1054,6.759642,6.633138546
1055,6.762162,6.6328917288
1056,6.764803,6.6326453214
1057,6.767559,6.632399282
1058,6.770426,6.6321535663
1059,6.773395,6.6319081243
1060,6.776461,6.6316629044
1061,6.779614,6.6314178519
1062,6.782845,6.6311729116
1063,6.786146,6.6309280275
1064,6.789504,6.6306831422
1065,6.79291,6.6304382007
1066,6.796352,6.6301931481
1067,6.799818,6.6299479319
1068,6.803296,6.6297025018
1069,6.806774,6.6294568112
1070,6.810239,6.629210816
1071,6.813678,6.6289644779
1072,6.817079,6.6287177646
1073,6.82043,6.6284706487
1074,6.823718,6.6282231075
1075,6.826932,6.6279751278
1076,6.830059,6.6277267001
1077,6.83309,6.6274778256
1078,6.836012,6.6272285102
1079,6.838817,6.6269787706
1080,6.841494,6.6267286296
1081,6.844036,6.6264781219
1082,6.846434,6.6262272879
1083,6.848682,6.625976178
1084,6.850773,6.6257248495
1085,6.852702,6.6254733704
1086,6.854465,6.6252218172
1087,6.856059,6.6249702748
1088,6.857481,6.6247188339
1089,6.858731,6.6244675962
1090,6.859807,6.6242166679
1091,6.860712,6.6239661661
1092,6.861445,6.6237162091
1093,6.862011,6.6234669259
1094,6.862413,6.6232184492
1095,6.862656,6.6229709164
1096,6.862744,6.6227244683
1097,6.862685,6.6224792509
1098,6.862485,6.6222354122
1099,6.862152,6.6219931027
1100,6.861695,6.6217524743
1101,6.861122,6.6215136798
1102,6.860444,6.621276871
1103,6.85967,6.6210421983
1104,6.858811,6.6208098124
1105,6.857877,6.6205798602
1106,6.856879,6.6203524863
1107,6.855829,6.6201278315
1108,6.854738,6.6199060311
1109,6.853615,6.6196872162
1110,6.852473,6.6194715137
1111,6.851322,6.619259043
1112,6.850171,6.6190499164
1113,6.849032,6.6188442425
1114,6.847914,6.6186421207
1115,6.846826,6.6184436416
1116,6.845775,6.6182488889
1117,6.84477,6.6180579415
1118,6.843819,6.6178708686
1119,6.842926,6.61768773
1120,6.842098,6.6175085806
1121,6.84134,6.6173334659
1122,6.840654,6.6171624253
1123,6.840044,6.616995491
1124,6.839512,6.6168326894
1125,6.839059,6.6166740382
1126,6.838684,6.616519552
1127,6.838388,6.6163692401
1128,6.838168,6.6162231051
1129,6.838021,6.616081147
1130,6.837944,6.615943362
1131,6.837933,6.6158097431
1132,6.837981,6.6156802808
1133,6.838084,6.6155549654
1134,6.838235,6.6154337861
1135,6.838425,6.6153167288
1136,6.838647,6.6152037849
1137,6.838893,6.6150949427
1138,6.839153,6.6149901935
1139,6.839418,6.6148895305
1140,6.839678,6.6147929498
1141,6.839923,6.6147004504
1142,6.840143,6.6146120358
1143,6.840327,6.6145277121
1144,6.840465,6.6144474898
1145,6.840546,6.6143713847
1146,6.840561,6.6142994182
1147,6.840499,6.6142316141
1148,6.84035,6.6141680024
1149,6.840106,6.6141086177
1150,6.839756,6.6140534994
1151,6.839293,6.614002693
1152,6.838709,6.6139562461
1153,6.837996,6.6139142115
1154,6.837147,6.6138766452
1155,6.836157,6.6138436093
1156,6.835021,6.6138151649
1157,6.833734,6.6137913763
1158,6.832293,6.6137723106
1159,6.830695,6.6137580358
1160,6.828938,6.6137486201
1161,6.827022,6.6137441326
1162,6.824948,6.6137446392
1163,6.822715,6.6137502043
1164,6.820327,6.6137608925
1165,6.817787,6.6137767622
1166,6.815098,6.6137978686
1167,6.812266,6.6138242616
1168,6.809297,6.6138559857
1169,6.806196,6.6138930789
1170,6.802973,6.6139355735
1171,6.799635,6.6139834922
1172,6.796191,6.6140368495
1173,6.792652,6.6140956523
1174,6.789027,6.6141598961
1175,6.785328,6.6142295675
1176,6.781567,6.6143046428
1177,6.777754,6.614385086
1178,6.773904,6.6144708542
1179,6.770027,6.6145618877
1180,6.766137,6.6146581195
1181,6.762246,6.6147594695
1182,6.758368,6.6148658495
1183,6.754515,6.6149771565
1184,6.750701,6.6150932784
1185,6.746936,6.6152140908
1186,6.743234,6.6153394624
1187,6.739605,6.6154692509
1188,6.736062,6.6156033047
1189,6.732615,6.6157414636
1190,6.729273,6.6158835591
1191,6.726047,6.6160294194
1192,6.722943,6.6161788602
1193,6.719971,6.6163316989
1194,6.717137,6.6164877443
1195,6.714446,6.6166468029
1196,6.711903,6.6168086798
1197,6.709513,6.616973178
1198,6.707278,6.6171401004
1199,6.7052,6.6173092497
1200,6.703278,6.6174804313
1201,6.701514,6.617653454
1202,6.699904,6.617828129
1203,6.698447,6.6180042748
1204,6.697139,6.6181817133
1205,6.695974,6.6183602736
1206,6.694948,6.6185397945
1207,6.694053,6.6187201219
1208,6.693281,6.6189011099
1209,6.692623,6.619082626
1210,6.692071,6.6192645472
1211,6.691614,6.6194467611
1212,6.691241,6.6196291673
1213,6.690939,6.6198116786
1214,6.690698,6.6199942234
1215,6.690503,6.6201767384
1216,6.690342,6.620359178
1217,6.690201,6.620541509
1218,6.690067,6.6207237133
1219,6.689924,6.6209057849
1220,6.68976,6.6210877336
1221,6.689559,6.6212695818
1222,6.689309,6.6214513668
1223,6.688994,6.6216331386
1224,6.688601,6.6218149618
1225,6.688116,6.6219969116
1226,6.687527,6.6221790789
1227,6.686821,6.6223615639
1228,6.685986,6.6225444791
1229,6.68501,6.6227279474
1230,6.683883,6.6229121039
1231,6.682595,6.6230970896
1232,6.681136,6.6232830562
1233,6.679498,6.6234701637
1234,6.677673,6.6236585783
1235,6.675656,6.6238484743
1236,6.673439,6.6240400275
1237,6.67102,6.6242334229
1238,6.668394,6.6244288447
1239,6.665558,6.6246264827
1240,6.662513,6.6248265269
1241,6.659256,6.6250291673
1242,6.65579,6.625234595
1243,6.652116,6.6254429988
1244,6.648237,6.6256545639
1245,6.644158,6.6258694743
1246,6.639884,6.626087908
1247,6.635421,6.626310037
1248,6.630777,6.6265360287
1249,6.62596,6.6267660418
1250,6.620979,6.627000227
1251,6.615846,6.6272387264
1252,6.610572,6.6274816691
1253,6.605168,6.6277291744
1254,6.599648,6.6279813513
1255,6.594025,6.6282382927
1256,6.588315,6.6285000824
1257,6.582531,6.6287667838
1258,6.576691,6.6290384516
1259,6.570809,6.6293151195
1260,6.564902,6.6295968076
1261,6.558987,6.6298835197
1262,6.553082,6.6301752413
1263,6.547202,6.6304719391
1264,6.541366,6.6307735651
1265,6.535591,6.6310800514
1266,6.529894,6.6313913106
1267,6.524291,6.6317072378
1268,6.518799,6.6320277121
1269,6.513434,6.6323525914
1270,6.508212,6.632681718
1271,6.503148,6.6330149152
1272,6.498255,6.6333519881
1273,6.493548,6.6336927288
1274,6.489038,6.6340369092
1275,6.484738,6.6343842903
1276,6.480659,6.6347346141
1277,6.476808,6.6350876105
1278,6.473196,6.6354429988
1279,6.469829,6.6358004851
1280,6.466712,6.6361597646
1281,6.463851,6.6365205257
1282,6.461248,6.6368824468
1283,6.458905,6.6372452007
1284,6.456822,6.6376084564
1285,6.454997,6.6379718781
1286,6.453429,6.6383351314
1287,6.452113,6.6386978769
1288,6.451043,6.6390597802
1289,6.450213,6.639420509
1290,6.449613,6.639779736
1291,6.449235,6.6401371422
1292,6.449067,6.6404924134
1293,6.449098,6.6408452473
1294,6.449313,6.6411953513
1295,6.449699,6.641542448
1296,6.45024,6.6418862724
1297,6.45092,6.6422265759
1298,6.451722,6.6425631254
1299,6.452629,6.6428957085
1300,6.453622,6.6432241302
1301,6.454684,6.6435482151
1302,6.455795,6.6438678088
1303,6.456938,6.6441827802
1304,6.458093,6.6444930167
1305,6.459241,6.6447984301
1306,6.460365,6.645098957
1307,6.461447,6.645394552
1308,6.46247,6.6456851959
1309,6.463418,6.6459708889
1310,6.464275,6.6462516547
1311,6.465027,6.6465275364
1312,6.465661,6.6467985986
1313,6.466166,6.6470649235
1314,6.46653,6.6473266117
1315,6.466746,6.6475837802
1316,6.466807,6.6478365603
1317,6.466707,6.6480850968
1318,6.466443,6.6483295448
1319,6.466016,6.6485700705
1320,6.465425,6.6488068423
1321,6.464675,6.649040037
1322,6.463772,6.6492698303
1323,6.462725,6.6494963967
1324,6.461546,6.6497199056
1325,6.460249,6.6499405185
1326,6.458852,6.6501583871
1327,6.457377,6.6503736464
1328,6.455848,6.650586411
1329,6.454296,6.650796773
1330,6.452755,6.6510047933
1331,6.451265,6.6512104982
1332,6.449873,6.6514138698
1333,6.448635,6.6516148399
1334,6.447619,6.6518132784
1335,6.446904,6.6520089785
1336,6.446592,6.6522016428
1337,6.44681,6.6523908554
1338,6.447725,6.6525760538
1339,6.449564,6.6527564779
1340,6.452645,6.6529310992
1341,6.457442,6.6530985114
1342,6.464694,6.6532567443
1343,6.475643,6.6534029462
1344,6.492568,6.6535327838
1345,6.520196,6.6536391995
1346,6.570244,6.6537094898
1347,6.682137,6.6537169522
1348,7.124824,6.6535877802
1349,4.667713,6.6529268423
1350,5.978308,6.6551987336
1351,6.149011,6.6559020932
1352,6.216498,6.6563988757
1353,6.252927,6.6568124743
1354,6.276062,6.6571800669
1355,6.292401,6.6575176057
1356,6.304887,6.6578332784
1357,6.315044,6.6581317503
1358,6.32374,6.658415865
1359,6.331502,6.6586874229
1360,6.338669,6.6589475926
1361,6.345462,6.6591971326
1362,6.352032,6.6594365341
1363,6.358484,6.6596661027
1364,6.364887,6.6598860155
1365,6.371289,6.6600963608
1366,6.37772,6.6602971661
1367,6.384197,6.6604884194
1368,6.390728,6.6606700836
1369,6.397313,6.6608421075
1370,6.403947,6.6610044361
1371,6.410617,6.6611570155
1372,6.417311,6.6612998065
1373,6.424009,6.6614327766
1374,6.430694,6.6615559176
1375,6.437342,6.6616692354
1376,6.443932,6.6617727634
1377,6.45044,6.6618665579
1378,6.456841,6.6619507013
1379,6.463113,6.6620253035
1380,6.46923,6.6620905006
1381,6.47517,6.6621464564
1382,6.48091,6.662193362
1383,6.486429,6.6622314361
1384,6.491706,6.6622609223
1385,6.496722,6.6622820896
1386,6.501461,6.6622952306
1387,6.505907,6.6623006607
1388,6.510045,6.6622987145
1389,6.513866,6.6622897479
1390,6.517358,6.6622741314
1391,6.520516,6.6622522521
1392,6.523333,6.662224509
1393,6.525807,6.6621913142
1394,6.527938,6.6621530872
1395,6.529727,6.6621102521
1396,6.531179,6.6620632401
1397,6.532298,6.6620124815
1398,6.533095,6.661958411
1399,6.533579,6.6619014576
1400,6.533763,6.6618420478
1401,6.53366,6.661780601
1402,6.533288,6.6617175305
1403,6.532663,6.6616532389
1404,6.531805,6.6615881195
1405,6.530735,6.661522552
1406,6.529473,6.661456902
1407,6.528043,6.6613915245
1408,6.526467,6.6613267563
1409,6.52477,6.6612629223
1410,6.522977,6.6612003297
1411,6.521111,6.66113927
1412,6.519199,6.6610800215
1413,6.517263,6.6610228459
1414,6.51533,6.6609679952
1415,6.513422,6.6609157049
1416,6.511564,6.6608662031
1417,6.509777,6.6608197073
1418,6.508083,6.6607764301
1419,6.506503,6.6607365818
1420,6.505055,6.6607003728
1421,6.503758,6.6606680203
1422,6.502629,6.6606397503
1423,6.501682,6.6606158041
1424,6.500931,6.660596448
1425,6.500388,6.6605819821
1426,6.500063,6.6605727503
1427,6.499964,6.6605691541
1428,6.500099,6.6605716738
1429,6.500473,6.6605808853
1430,6.501089,6.660597497
1431,6.501949,6.6606223895
1432,6.503054,6.6606566714
1433,6.504402,6.6607017634
1434,6.505991,6.6607595149
1435,6.507817,6.6608323895
1436,6.509875,6.6609237491
1437,6.512158,6.6610383309
1438,6.514659,6.6611830872
1439,6.51737,6.6613687802
1440,6.520281,6.661613325
1441,6.523382,6.6619498483
1442,6.526663,6.6624505568
1443,6.530112,6.6633279582
1444,6.533718,6.6659875424
1445,6.53747,6.6622752031
1446,6.541353,6.6611488363
1447,6.545358,6.6604502628
1448,6.549471,6.6599294277
1449,6.553679,6.6595058017
1450,6.557972,6.6591433274
1451,6.562337,6.6588227467
1452,6.566762,6.6585325627
1453,6.571236,6.6582653596
1454,6.575749,6.6580160717
1455,6.58029,6.65778108
1456,6.584849,6.6575577109
1457,6.589416,6.6573439259
1458,6.593982,6.6571381362
1459,6.59854,6.6569390753
1460,6.603081,6.6567457145
1461,6.607599,6.6565572019
1462,6.612085,6.656372822
1463,6.616534,6.6561919677
1464,6.620941,6.6560141123
1465,6.6253,6.6558387933
1466,6.629607,6.6556655998
1467,6.633858,6.6554941625
1468,6.638049,6.6553241422
1469,6.642176,6.6551552282
1470,6.646238,6.6549871302
1471,6.650232,6.6548195723
1472,6.654156,6.6546522939
1473,6.658009,6.6544850442
1474,6.661789,6.6543175795
1475,6.665496,6.6541496655
1476,6.669129,6.6539810705
1477,6.672687,6.6538115687
1478,6.676172,6.6536409379
1479,6.679582,6.6534689582
1480,6.682919,6.6532954134
1481,6.686182,6.6531200908
1482,6.689374,6.6529427814
1483,6.692494,6.652763276
1484,6.695545,6.6525813728
1485,6.698526,6.6523968722
1486,6.70144,6.6522095818
1487,6.704288,6.6520193118
1488,6.707071,6.6518258805
1489,6.709792,6.6516291111
1490,6.712452,6.6514288363
1491,6.715053,6.6512248949
1492,6.717596,6.6510171374
1493,6.720084,6.6508054241
1494,6.722519,6.650589626
1495,6.724902,6.6503696249
1496,6.727236,6.6501453154
1497,6.729524,6.6499166069
1498,6.731766,6.6496834205
1499,6.733966,6.6494456941
1500,6.736126,6.6492033799
1501,6.738247,6.6489564456
1502,6.740332,6.6487048757
1503,6.742383,6.6484486714
1504,6.744403,6.6481878507
1505,6.746393,6.6479224468
1506,6.748356,6.6476525137
1507,6.750294,6.6473781195
1508,6.752208,6.6470993489
1509,6.754102,6.6468163059
1510,6.755975,6.6465291087
1511,6.757832,6.6462378937
1512,6.759672,6.6459428088
1513,6.761499,6.6456440203
1514,6.763313,6.6453417061
1515,6.765115,6.6450360585
1516,6.766908,6.6447272832
1517,6.768692,6.6444155938
1518,6.770467,6.6441012162
1519,6.772236,6.6437843859
1520,6.773998,6.6434653441
1521,6.775755,6.6431443405
1522,6.777505,6.6428216284
1523,6.779251,6.6424974683
1524,6.78099,6.6421721195
1525,6.782723,6.6418458471
1526,6.784451,6.641518914
1527,6.786171,6.6411915806
1528,6.787883,6.6408641099
1529,6.789586,6.6405367587
1530,6.791279,6.640209779
1531,6.792961,6.6398834205
1532,6.79463,6.6395579223
1533,6.796284,6.6392335197
1534,6.797922,6.6389104397
1535,6.799541,6.6385888996
1536,6.80114,6.6382691087
1537,6.802716,6.6379512652
1538,6.804267,6.6376355579
1539,6.805791,6.6373221649
1540,6.807285,6.6370112533
1541,6.808748,6.6367029809
1542,6.810176,6.636397491
1543,6.811569,6.63609492
1544,6.812922,6.6357953883
1545,6.814235,6.6354990108
1546,6.815506,6.6352058877
1547,6.816731,6.6349161099
1548,6.817911,6.6346297611
1549,6.819042,6.6343469104
1550,6.820124,6.6340676225
1551,6.821156,6.6337919498
1552,6.822136,6.6335199379
1553,6.823064,6.6332516249
1554,6.82394,6.6329870406
1555,6.824763,6.6327262079
1556,6.825534,6.6324691434
1557,6.826252,6.632215859
1558,6.826919,6.6319663608
1559,6.827536,6.6317206487
1560,6.828104,6.6314787192
1561,6.828624,6.6312405639
1562,6.829098,6.6310061708
1563,6.829529,6.6307755269
1564,6.829918,6.6305486129
1565,6.830268,6.6303254098
1566,6.830582,6.6301058937
1567,6.830863,6.6298900406
1568,6.831113,6.6296778232
1569,6.831336,6.6294692151
1570,6.831535,6.6292641852
1571,6.831714,6.6290627037
1572,6.831874,6.6288647372
1573,6.832021,6.6286702557
1574,6.832156,6.6284792246
1575,6.832283,6.6282916105
1576,6.832405,6.6281073787
1577,6.832524,6.6279264958
1578,6.832644,6.6277489271
1579,6.832766,6.6275746368
1580,6.832892,6.6274035914
1581,6.833024,6.6272357575
1582,6.833164,6.6270711016
1583,6.833313,6.6269095902
1584,6.833471,6.6267511912
1585,6.833638,6.6265958746
1586,6.833815,6.6264436105
1587,6.834001,6.6262943716
1588,6.834196,6.6261481302
1589,6.834396,6.6260048614
1590,6.834602,6.625864546
1591,6.834811,6.6257271613
1592,6.83502,6.6255926918
1593,6.835227,6.6254611231
1594,6.835428,6.6253324432
1595,6.835619,6.625206644
1596,6.835797,6.6250837228
1597,6.835958,6.6249636786
1598,6.836097,6.6248465137
1599,6.83621,6.6247322366
1600,6.836292,6.6246208566
1601,6.836337,6.6245123907
1602,6.836342,6.624406859
1603,6.836301,6.6243042843
1604,6.836208,6.6242046941
1605,6.836061,6.6241081231
1606,6.835852,6.6240146045
1607,6.835578,6.6239241804
1608,6.835234,6.6238368937
1609,6.834816,6.6237527933
1610,6.834319,6.6236719283
1611,6.833741,6.6235943536
1612,6.833076,6.6235201243
1613,6.832324,6.6234492999
1614,6.831479,6.6233819403
1615,6.830541,6.6233181087
1616,6.829508,6.6232578674
1617,6.828377,6.6232012796
1618,6.827148,6.6231484098
1619,6.825821,6.6230993226
1620,6.824395,6.6230540789
1621,6.82287,6.6230127419
1622,6.821248,6.6229753716
1623,6.81953,6.6229420263
1624,6.817718,6.6229127599
1625,6.815813,6.6228876237
1626,6.813818,6.6228666679
1627,6.811737,6.6228499379
1628,6.809572,6.6228374731
1629,6.807328,6.6228293106
1630,6.805009,6.6228254815
1631,6.802618,6.6228260096
1632,6.800161,6.6228309188
1633,6.797642,6.6228402222
1634,6.795066,6.6228539307
1635,6.792439,6.622872049
1636,6.789765,6.6228945759
1637,6.78705,6.6229215042
1638,6.7843,6.622952822
1639,6.781519,6.6229885114
1640,6.778713,6.6230285508
1641,6.775888,6.6230729128
1642,6.773047,6.6231215639
1643,6.770197,6.6231744707
1644,6.767341,6.6232315914
1645,6.764485,6.6232928841
1646,6.761633,6.6233583023
1647,6.758789,6.6234277957
1648,6.755955,6.6235013142
1649,6.753137,6.6235788076
1650,6.750336,6.6236602198
1651,6.747555,6.6237454994
1652,6.744797,6.6238345926
1653,6.742064,6.6239274456
1654,6.739356,6.6240240072
1655,6.736675,6.624124227
1656,6.734022,6.6242280573
1657,6.731397,6.6243354528
1658,6.728799,6.6244463704
1659,6.726229,6.624560773
1660,6.723684,6.6246786237
1661,6.721165,6.6247998937
1662,6.718669,6.6249245544
1663,6.716195,6.6250525842
1664,6.71374,6.6251839665
1665,6.711301,6.6253186882
1666,6.708876,6.6254567431
1667,6.706462,6.625598129
1668,6.704055,6.6257428483
1669,6.701652,6.6258909092
1670,6.699249,6.626042325
1671,6.696844,6.6261971123
1672,6.694431,6.6263552915
1673,6.692007,6.6265168889
1674,6.689569,6.6266819331
1675,6.687112,6.6268504564
1676,6.684633,6.6270224946
1677,6.682127,6.6271980848
1678,6.679592,6.6273772676
1679,6.677023,6.6275600836
1680,6.674418,6.6277465759
1681,6.671773,6.6279367861
1682,6.669085,6.6281307575
1683,6.666352,6.6283285317
1684,6.663571,6.6285301481
1685,6.66074,6.6287356464
1686,6.657857,6.6289450621
1687,6.65492,6.6291584289
1688,6.651929,6.6293757778
1689,6.648883,6.6295971338
1690,6.64578,6.6298225185
1691,6.642622,6.6300519498
1692,6.639407,6.6302854373
1693,6.636137,6.6305229892
1694,6.632813,6.6307646045
1695,6.629437,6.6310102772
1696,6.626009,6.6312599928
1697,6.622533,6.6315137324
1698,6.61901,6.6317714695
1699,6.615444,6.6320331697
1700,6.611839,6.6322987921
1701,6.608198,6.6325682867
1702,6.604525,6.6328415974
1703,6.600825,6.6331186595
1704,6.597102,6.6333994014
1705,6.593362,6.6336837443
1706,6.58961,6.633971601
1707,6.585853,6.6342628769
1708,6.582095,6.6345574695
1709,6.578343,6.63485527
1710,6.574604,6.6351561637
1711,6.570885,6.6354600275
1712,6.567191,6.6357667312
1713,6.563531,6.6360761398
1714,6.559911,6.6363881111
1715,6.556338,6.636702497
1716,6.552818,6.6370191446
1717,6.54936,6.6373378973
1718,6.54597,6.6376585902
1719,6.542655,6.6379810562
1720,6.539421,6.6383051231
1721,6.536274,6.6386306153
1722,6.533221,6.638957356
1723,6.530268,6.6392851637
1724,6.527419,6.639613853
1725,6.524681,6.6399432401
1726,6.522056,6.6402731374
1727,6.519549,6.6406033596
1728,6.517164,6.640933718
1729,6.514903,6.6412640263
1730,6.512768,6.641594098
1731,6.510761,6.6419237503
1732,6.508883,6.6422528017
1733,6.507133,6.6425810729
1734,6.50551,6.6429083883
1735,6.504014,6.6432345795
1736,6.502641,6.6435594803
1737,6.501389,6.6438829319
1738,6.500254,6.6442047814
1739,6.49923,6.6445248829
1740,6.498313,6.6448430992
1741,6.497496,6.6451592999
1742,6.496771,6.6454733656
1743,6.496132,6.6457851876
1744,6.495571,6.6460946655
1745,6.495077,6.6464017097
1746,6.494642,6.6467062437
1747,6.494255,6.6470082031
1748,6.493907,6.6473075341
1749,6.493587,6.6476041959
1750,6.493283,6.6478981613
1751,6.492985,6.648189417
1752,6.49268,6.6484779594
1753,6.492359,6.6487638029
1754,6.49201,6.6490469713
1755,6.491621,6.649327503
1756,6.491183,6.649605448
1757,6.490684,6.6498808698
1758,6.490114,6.6501538435
1759,6.489463,6.6504244564
1760,6.488723,6.6506928076
1761,6.487886,6.6509590048
1762,6.486943,6.6512231649
1763,6.485887,6.6514854146
1764,6.484712,6.6517458901
1765,6.483414,6.6520047324
1766,6.481986,6.6522620872
1767,6.480426,6.6525181099
1768,6.47873,6.652772957
1769,6.476898,6.6530267885
1770,6.474927,6.6532797658
1771,6.472819,6.6535320514
1772,6.470572,6.6537838065
1773,6.46819,6.6540351947
1774,6.465674,6.6542863728
1775,6.463026,6.654537497
1776,6.460251,6.6547887192
1777,6.457353,6.6550401876
1778,6.454335,6.6552920418
1779,6.451202,6.6555444182
1780,6.447959,6.6557974456
1781,6.44461,6.6560512473
1782,6.44116,6.6563059403
1783,6.437612,6.6565616344
1784,6.43397,6.6568184337
1785,6.430236,6.6570764373
1786,6.426411,6.6573357395
1787,6.422496,6.6575964337
1788,6.418487,6.6578586081
1789,6.414382,6.6581223572
1790,6.410172,6.6583877742
1791,6.405847,6.658654963
1792,6.401393,6.658924037
1793,6.396791,6.6591951266
1794,6.392015,6.6594683823
1795,6.387033,6.6597439845
1796,6.381802,6.6600221517
1797,6.376269,6.6603031541
1798,6.370364,6.6605873226
1799,6.364001,6.6608750741
1800,6.357065,6.6611669259
1801,6.349408,6.6614635352
1802,6.340837,6.6617657372
1803,6.331089,6.6620745962
1804,6.319807,6.6623914946
1805,6.306493,6.6627182425
1806,6.290423,6.6630572473
1807,6.270518,6.6634117849
1808,6.245083,6.6637864217
1809,6.211305,6.6641877551
1810,6.164141,6.6646257455
1811,6.093553,6.6651163847
1812,5.976289,6.6656876595
1813,5.743293,6.6663953429
1814,5.053969,6.667377718
1815,5.053969,6.6691799976
1816,8.004876,6.6709786404
1817,7.204563,6.6692481004
1818,6.951594,6.6684701565
1819,6.827785,6.667990914
1820,6.754638,6.6676561075
1821,6.706577,6.6674052628
1822,6.672767,6.6672084659
1823,6.647829,6.6670487539
1824,6.628788,6.6669155962
1825,6.613861,6.6668020203
1826,6.601915,6.66670319
1827,6.592195,6.6666156225
1828,6.584175,6.6665367443
1829,6.577481,6.6664646105
1830,6.571836,6.666397724
1831,6.567032,6.6663349223
1832,6.562908,6.6662752891
1833,6.55934,6.6662181016
1834,6.556229,6.6661627838
1835,6.553494,6.6661088746
1836,6.551071,6.6660560072
1837,6.548907,6.6660038877
1838,6.546959,6.6659522808
1839,6.54519,6.6659009964
1840,6.54357,6.6658498841
1841,6.542073,6.6657988208
1842,6.54068,6.6657477085
1843,6.539372,6.6656964624
1844,6.538135,6.6656450131
1845,6.536957,6.6655932975
1846,6.53583,6.6655412569
1847,6.534744,6.6654888351
1848,6.533694,6.6654359749
1849,6.532677,6.6653826177
1850,6.531688,6.6653286953
1851,6.530727,6.6652741386
1852,6.529792,6.6652188662
1853,6.528884,6.6651627921
1854,6.528004,6.6651058172
1855,6.527154,6.6650478339
1856,6.526337,6.6649887228
1857,6.525555,6.6649283548
1858,6.524814,6.664866589
1859,6.524116,6.6648032736
1860,6.523467,6.6647382461
1861,6.522873,6.6646713333
1862,6.522337,6.6646023501
1863,6.521866,6.6645311039
1864,6.521466,6.6644573919
1865,6.521141,6.6643810012
1866,6.520899,6.6643017133
1867,6.520745,6.6642192987
1868,6.520685,6.6641335221
1869,6.520723,6.664044141
1870,6.520867,6.6639509092
1871,6.52112,6.6638535723
1872,6.521488,6.6637518722
1873,6.521974,6.663645546
1874,6.522584,6.6635343274
1875,6.523321,6.6634179427
1876,6.524188,6.6632961159
1877,6.525188,6.6631685663
1878,6.526322,6.663035006
1879,6.527592,6.6628951446
1880,6.528999,6.6627486822
1881,6.530543,6.662595313
1882,6.532224,6.6624347192
1883,6.534039,6.6622665711
1884,6.535988,6.6620905269
1885,6.538068,6.6619062234
1886,6.540275,6.6617132748
1887,6.542606,6.6615112688
1888,6.545054,6.6612997563
1889,6.547617,6.6610782473
1890,6.550286,6.6608461947
1891,6.553056,6.6606029892
1892,6.555919,6.6603479343
1893,6.558868,6.6600802294
1894,6.561895,6.6597989403
1895,6.564991,6.659502963
1896,6.568146,6.6591909737
1897,6.571352,6.6588613644
1898,6.574599,6.6585121434
1899,6.577877,6.6581408076
1900,6.581177,6.6577441434
1901,6.584488,6.6573179307
1902,6.587801,6.6568564779
1903,6.591106,6.6563518519
1904,6.594393,6.6557925352
1905,6.597653,6.6551609092
1906,6.600876,6.6544280418
1907,6.604054,6.6535414277
1908,6.607179,6.6523898017
1909,6.610243,6.6506618996
1910,6.613238,6.6465075149
1911,6.616159,6.6592011434
1912,6.618998,6.661080006
1913,6.621751,6.662032503
1914,6.624413,6.6626281553
1915,6.62698,6.6630334313
1916,6.629449,6.6633197575
1917,6.631819,6.6635243751
1918,6.634088,6.6636691876
1919,6.636255,6.6637681912
1920,6.63832,6.6638308865
1921,6.640285,6.6638640311
1922,6.642152,6.6638726081
1923,6.643924,6.6638604074
1924,6.645603,6.6638303811
1925,6.647195,6.6637848781
1926,6.648704,6.6637257993
1927,6.650137,6.6636547061
1928,6.651498,6.6635728984
1929,6.652795,6.6634814707
1930,6.654036,6.6633813524
1931,6.655228,6.6632733381
1932,6.656379,6.6631581135
1933,6.657497,6.6630362724
1934,6.658592,6.6629083333
1935,6.659672,6.6627747467
1936,6.660746,6.6626359092
1937,6.661824,6.6624921685
1938,6.662913,6.6623438292
1939,6.664023,6.6621911613
1940,6.665163,6.6620344014
1941,6.666341,6.6618737563
1942,6.667565,6.6617094098
1943,6.668843,6.6615415209
1944,6.670182,6.6613702306
1945,6.67159,6.6611956607
1946,6.673072,6.6610179176
1947,6.674635,6.6608370932
1948,6.676283,6.6606532664
1949,6.678022,6.6604665066
1950,6.679856,6.660276871
1951,6.681787,6.6600844098
1952,6.683818,6.6598891661
1953,6.685952,6.6596911756
1954,6.68819,6.6594904695
1955,6.690532,6.6592870741
1956,6.692978,6.6590810119
1957,6.695527,6.6588723023
1958,6.698179,6.6586609642
1959,6.70093,6.6584470108
1960,6.703779,6.6582304588
1961,6.706721,6.6580113214
1962,6.709754,6.6577896129
1963,6.712873,6.6575653477
1964,6.716073,6.65733854
1965,6.719349,6.6571092067
1966,6.722695,6.6568773644
1967,6.726105,6.6566430323
1968,6.729573,6.6564062318
1969,6.733092,6.6561669845
1970,6.736657,6.6559253142
1971,6.740258,6.6556812461
1972,6.743891,6.6554348112
1973,6.747546,6.655186037
1974,6.751218,6.6549349582
1975,6.754898,6.6546816093
1976,6.75858,6.6544260287
1977,6.762256,6.6541682545
1978,6.76592,6.6539083297
1979,6.769564,6.6536462975
1980,6.773181,6.6533822055
1981,6.776765,6.6531161027
1982,6.78031,6.6528480418
1983,6.783809,6.6525780765
1984,6.787256,6.6523062628
1985,6.790645,6.6520326619
1986,6.793972,6.6517573369
1987,6.797231,6.6514803536
1988,6.800417,6.6512017802
1989,6.803526,6.6509216894
1990,6.806553,6.6506401565
1991,6.809496,6.6503572616
1992,6.812349,6.6500730872
1993,6.81511,6.6497877216
1994,6.817776,6.6495012557
1995,6.820345,6.6492137849
1996,6.822814,6.6489254086
1997,6.825182,6.6486362318
1998,6.827446,6.6483463632
1999,6.829606,6.6480559176
2000,6.831661,6.6477650119
2001,6.83361,6.6474737694
2002,6.835453,6.6471823178
2003,6.837189,6.6468907885
2004,6.838819,6.646599319
2005,6.840344,6.646308049
2006,6.841764,6.6460171243
2007,6.843081,6.645726693
2008,6.844295,6.6454369056
2009,6.845409,6.6451479188
2010,6.846424,6.6448598901
2011,6.847342,6.6445729785
2012,6.848166,6.6442873465
2013,6.848898,6.6440031553
2014,6.849542,6.6437205687
2015,6.850099,6.6434397491
2016,6.850573,6.643160859
2017,6.850967,6.6428840609
2018,6.851286,6.6426095137
2019,6.851532,6.6423373716
2020,6.851709,6.6420677897
2021,6.851821,6.6418009164
2022,6.851872,6.6415368973
2023,6.851867,6.641275871
2024,6.851808,6.6410179713
2025,6.851701,6.640763325
2026,6.851549,6.6405120526
2027,6.851358,6.6402642664
2028,6.851129,6.6400200705
2029,6.850869,6.6397795627
2030,6.850581,6.6395428303
2031,6.850269,6.6393099522
2032,6.849937,6.6390809988
2033,6.849588,6.6388560299
2034,6.849227,6.6386350992
2035,6.848856,6.6384182461
2036,6.848479,6.6382055066
2037,6.848098,6.6379969032
2038,6.847717,6.637792454
2039,6.847338,6.6375921649
2040,6.846963,6.6373960346
2041,6.846594,6.6372040562
2042,6.846233,6.6370162139
2043,6.845882,6.6368324851
2044,6.84554,6.6366528399
2045,6.84521,6.6364772473
2046,6.844891,6.6363056667
2047,6.844584,6.6361380562
2048,6.844288,6.6359743692
2049,6.844003,6.6358145568
2050,6.843729,6.6356585675
2051,6.843463,6.6355063489
2052,6.843205,6.6353578483
2053,6.842953,6.6352130119
2054,6.842706,6.6350717885
2055,6.842461,6.6349341254
2056,6.842215,6.6347999737
2057,6.841967,6.6346692879
2058,6.841713,6.6345420227
2059,6.841452,6.6344181398
2060,6.84118,6.6342976022
2061,6.840893,6.6341803763
2062,6.84059,6.6340664385
2063,6.840267,6.6339557634
2064,6.839921,6.6338483345
2065,6.839549,6.633744141
2066,6.839149,6.6336431756
2067,6.838716,6.6335454361
2068,6.838249,6.6334509283
2069,6.837745,6.6333596607
2070,6.837201,6.6332716487
2071,6.836616,6.6331869116
2072,6.835986,6.6331054731
2073,6.835311,6.6330273644
2074,6.834588,6.6329526165
2075,6.833817,6.6328812664
2076,6.832995,6.6328133536
2077,6.832123,6.6327489211
2078,6.831199,6.6326880143
2079,6.830224,6.6326306798
2080,6.829196,6.6325769665
2081,6.828117,6.6325269247
2082,6.826987,6.6324806033
2083,6.825806,6.6324380514
2084,6.824576,6.632399319
2085,6.823298,6.6323644528
2086,6.821973,6.6323334994
2087,6.820603,6.6323065018
2088,6.819189,6.6322835018
2089,6.817734,6.6322645388
2090,6.81624,6.6322496464
2091,6.814708,6.6322388554
2092,6.813143,6.6322321935
2093,6.811544,6.632229681
2094,6.809917,6.6322313381
2095,6.808262,6.6322371744
2096,6.806582,6.6322471995
2097,6.80488,6.6322614146
2098,6.803158,6.632279816
2099,6.801418,6.6323023967
2100,6.799663,6.6323291422
2101,6.797895,6.6323600335
2102,6.796115,6.6323950466
2103,6.794325,6.6324341517
2104,6.792528,6.6324773166
2105,6.790723,6.6325245006
2106,6.788913,6.6325756631
2107,6.787098,6.6326307563
2108,6.785278,6.63268973
2109,6.783455,6.6327525329
2110,6.781627,6.6328191075
2111,6.779796,6.6328893967
2112,6.777959,6.6329633405
2113,6.776117,6.6330408781
2114,6.774268,6.6331219474
2115,6.772412,6.6332064875
2116,6.770546,6.6332944361
2117,6.768669,6.6333857312
2118,6.766779,6.6334803142
2119,6.764873,6.6335781266
2120,6.76295,6.6336791135
2121,6.761006,6.633783221
2122,6.75904,6.6338904002
2123,6.757047,6.6340006033
2124,6.755026,6.6341137897
2125,6.752973,6.63422992
2126,6.750886,6.6343489618
2127,6.748762,6.6344708853
2128,6.746597,6.6345956667
2129,6.744389,6.6347232879
2130,6.742135,6.6348537348
2131,6.739833,6.6349870012
2132,6.73748,6.6351230824
2133,6.735074,6.6352619821
2134,6.732612,6.6354037085
2135,6.730094,6.6355482748
2136,6.727518,6.6356956977
2137,6.724881,6.635846
2138,6.722184,6.6359992103
2139,6.719426,6.6361553572
2140,6.716606,6.6363144755
2141,6.713724,6.6364766033
2142,6.710782,6.6366417814
2143,6.707778,6.6368100502
2144,6.704716,6.6369814552
2145,6.701595,6.6371560406
2146,6.698419,6.637333853
2147,6.695188,6.6375149367
2148,6.691906,6.6376993381
2149,6.688575,6.6378871004
2150,6.685199,6.6380782664
2151,6.68178,6.6382728734
2152,6.678323,6.6384709594
2153,6.674832,6.6386725568
2154,6.67131,6.6388776941
2155,6.667763,6.6390863955
2156,6.664194,6.6392986786
2157,6.660609,6.6395145579
2158,6.657012,6.6397340394
2159,6.653408,6.6399571243
2160,6.649802,6.6401838065
2161,6.646199,6.6404140729
2162,6.642605,6.6406479044
2163,6.639024,6.6408852712
2164,6.635461,6.6408874976
2165,6.631921,6.6408939964
2166,6.628409,6.6409047554
2167,6.62493,6.6409197563
2168,6.621487,6.6409389748
2169,6.618085,6.6409623827
2170,6.614728,6.6409899458
2171,6.61142,6.6410216248
2172,6.608164,6.6410573756
2173,6.604963,6.6410971499
2174,6.601821,6.6411408959
2175,6.59874,6.6411885564
2176,6.595722,6.6412400716
2177,6.592769,6.6412953791
2178,6.589883,6.6413544136
2179,6.587065,6.6414171072
2180,6.584317,6.6414833902
2181,6.581638,6.6415531905
2182,6.579029,6.6416264364
2183,6.57649,6.6417030551
2184,6.57402,6.641782973
2185,6.571619,6.6418661178
2186,6.569286,6.6419524165
2187,6.56702,6.642041797
2188,6.564818,6.6421341884
2189,6.56268,6.6422295228
2190,6.560602,6.6423277321
2191,6.558582,6.6424287528
2192,6.556619,6.6425325235
2193,6.554708,6.6426389839
2194,6.552848,6.6427480794
2195,6.551034,6.6428597565
2196,6.549264,6.6429739677
2197,6.547534,6.6430906675
2198,6.545841,6.6432098155
2199,6.544181,6.6433313745
2200,6.542551,6.6434553125
2201,6.540946,6.6435816008
2202,6.539363,6.6437102168
2203,6.537799,6.6438411418
2204,6.53625,6.6439743606
2205,6.534712,6.6441098629
2206,6.533182,6.6442476436
2207,6.531656,6.6443877011
2208,6.530133,6.6445300391
2209,6.528607,6.6446746625
2210,6.527078,6.6448215835
2211,6.525541,6.644970815
2212,6.523995,6.6451223756
2213,6.522438,6.6452762859
2214,6.520868,6.6454325687
2215,6.519283,6.6455912497
2216,6.517683,6.6457523571
2217,6.516065,6.6459159195
2218,6.51443,6.6460819693
2219,6.512778,6.6462505378
2220,6.511109,6.6464216564
2221,6.509423,6.6465953569
2222,6.507721,6.646771671
2223,6.506006,6.6469506293
2224,6.504278,6.647132259
2225,6.50254,6.6473165871
2226,6.500795,6.647503637
2227,6.499045,6.6476934282
2228,6.497295,6.647885978
2229,6.495549,6.648081297
2230,6.493811,6.6482793909
2231,6.492085,6.6484802601
2232,6.490378,6.6486838997
2233,6.488694,6.648890296
2234,6.487041,6.6490994295
2235,6.485425,6.6493112706
2236,6.483853,6.6495257814
2237,6.482332,6.6497429148
2238,6.48087,6.6499626142
2239,6.479476,6.6501848121
2240,6.478158,6.6504094289
2241,6.476925,6.6506363742
2242,6.475786,6.6508655449
2243,6.474752,6.6510968256
2244,6.473832,6.651330086
2245,6.473038,6.6515651828
2246,6.47238,6.6518019562
2247,6.47187,6.6520402324
2248,6.47152,6.6522798205
2249,6.471343,6.6525205126
2250,6.471353,6.6527620827
2251,6.471563,6.6530042844
2252,6.471989,6.6532468529
2253,6.472647,6.6534895007
2254,6.473554,6.6537319169
2255,6.47473,6.6539737664
2256,6.476196,6.6542146855
2257,6.477976,6.6544542799
2258,6.480096,6.6546921213
2259,6.482586,6.6549277436
2260,6.485481,6.6551606378
2261,6.488823,6.6553902449
2262,6.492661,6.6556159458
2263,6.497053,6.6558370516
2264,6.502073,6.6560527908
2265,6.507809,6.6562622871
2266,6.514377,6.6564645395
2267,6.521924,6.6566583834
2268,6.530643,6.6568424467
2269,6.540796,6.6570150862
2270,6.55274,6.6571742904
2271,6.566987,6.6573175473
2272,6.584285,6.6574416277
2273,6.60578,6.6575422558
2274,6.633319,6.6576135537
2275,6.670084,6.6576470634
2276,6.722054,6.6576298854
2277,6.801951,6.6575407787
2278,6.942475,6.6573407645
2279,7.261048,6.656945294
2280,8.756184,6.6561062625
2281,3.42649,6.6531854312
2282,5.594701,6.6576794359
2283,5.956647,6.6591619721
2284,6.109419,6.6601431383
2285,6.194896,6.6609133818
2286,6.250288,6.6615660672
2287,6.289646,6.6621428948
2288,6.319453,6.6626660646
2289,6.343113,6.6631487834
2290,6.362582,6.663599538
2291,6.379061,6.6640241044
2292,6.39333,6.6644265946
2293,6.405911,6.664810041
2294,6.41717,6.6651767535
2295,6.427368,6.6655285362
2296,6.436697,6.6658668324
2297,6.445296,6.6661928208
2298,6.453273,6.6665074886
2299,6.46071,6.6668116748
2300,6.467669,6.6671061057
2301,6.474199,6.6673914235
2302,6.480337,6.6676682034
2303,6.486114,6.6679369713
2304,6.491551,6.6681982112
2305,6.496668,6.6684523799
2306,6.501478,6.6686999078
2307,6.505992,6.6689412092
2308,6.51022,6.669176685
2309,6.514168,6.6694067236
2310,6.517841,6.6696317072
2311,6.521245,6.6698520131
2312,6.524382,6.6700680116
2313,6.527256,6.6702800728
2314,6.529869,6.6704885627
2315,6.532225,6.6706938467
2316,6.534325,6.6708962865
2317,6.536174,6.6710962445
2318,6.537774,6.6712940777
2319,6.539128,6.6714901424
2320,6.540241,6.6716847926
2321,6.541118,6.671878377
2322,6.541764,6.6720712389
2323,6.542184,6.6722637164
2324,6.542386,6.672456142
2325,6.542375,6.6726488385
2326,6.542162,6.6728421231
2327,6.541753,6.6730362987
2328,6.54116,6.6732316607
2329,6.540392,6.6734284888
2330,6.539461,6.6736270507
2331,6.538378,6.6738275979
2332,6.537155,6.6740303668
2333,6.535807,6.6742355772
2334,6.534347,6.6744434279
2335,6.532789,6.6746540992
2336,6.531149,6.6748677515
2337,6.529442,6.6750845219
2338,6.527683,6.6753045257
2339,6.525889,6.6755278563
2340,6.524076,6.6757545818
2341,6.52226,6.6759847466
2342,6.520459,6.6762183708
2343,6.518688,6.6764554475
2344,6.516963,6.6766959466
2345,6.515301,6.6769398137
2346,6.513718,6.6771869679
2347,6.512228,6.6774373032
2348,6.510846,6.6776906917
2349,6.509586,6.6779469816
2350,6.508462,6.6782059985
2351,6.507486,6.6784675455
2352,6.50667,6.6787314059
2353,6.506024,6.6789973431
2354,6.505558,6.6792651037
2355,6.50528,6.6795344171
2356,6.505198,6.6798049984
2357,6.505318,6.680076549
2358,6.505645,6.6803487586
2359,6.506183,6.6806213073
2360,6.506934,6.6808938672
2361,6.5079,6.6811661049
2362,6.50908,6.6814376818
2363,6.510473,6.681708259
2364,6.512078,6.6819774969
2365,6.51389,6.6822450551
2366,6.515904,6.6825105994
2367,6.518117,6.6827738009
2368,6.520519,6.6830343339
2369,6.523105,6.6832918859
2370,6.525866,6.6835461508
2371,6.528793,6.6837968347
2372,6.531876,6.6840436561
2373,6.535105,6.6842863477
2374,6.538469,6.6845246565
2375,6.541957,6.6847583456
2376,6.545558,6.6849871939
2377,6.549261,6.6852109968
2378,6.553053,6.6854295659
2379,6.556924,6.6856427327
2380,6.560861,6.6858503435
2381,6.564854,6.6860522649
2382,6.568891,6.6862483786
2383,6.572962,6.6864385851
2384,6.577057,6.6866228003
2385,6.581165,6.6868009561
2386,6.585278,6.6869730016
2387,6.589386,6.6871388989
2388,6.593482,6.6872986258
2389,6.597558,6.6874521718
2390,6.601607,6.6875995393
2391,6.605623,6.6877407422
2392,6.6096,6.6878758043
2393,6.613535,6.6880047595
2394,6.617422,6.6881276469
2395,6.621258,6.6882445157
2396,6.625041,6.6883554205
2397,6.628768,6.6884604196
2398,6.632437,6.6885595764
2399,6.636049,6.6886529584
2400,6.639602,6.6887406317
2401,6.643097,6.6888226661
2402,6.646533,6.6888991304
2403,6.649913,6.6889700955
2404,6.653237,6.6890356275
2405,6.656508,6.6890957933
2406,6.659726,6.6891506549
2407,6.662895,6.6892002749
2408,6.666016,6.6892447095
2409,6.669093,6.6892840135
2410,6.672128,6.6893182356
2411,6.675123,6.6893474211
2412,6.678081,6.6893716122
2413,6.681006,6.6893908467
2414,6.683899,6.6894051553
2415,6.686763,6.6894145675
2416,6.689601,6.6894191079
2417,6.692415,6.6894187959
2418,6.695207,6.6894136478
2419,6.697979,6.6894036764
2420,6.700733,6.6893888914
2421,6.703471,6.6893692988
2422,6.706193,6.6893449014
2423,6.708902,6.6893157019
2424,6.711597,6.6892816979
2425,6.71428,6.6892428887
2426,6.716952,6.68919927
2427,6.719611,6.689150836
2428,6.72226,6.6890975839
2429,6.724897,6.6890395061
2430,6.727522,6.6889765982
2431,6.730134,6.6889088559
2432,6.732734,6.6888362764
2433,6.73532,6.6887588554
2434,6.737891,6.6886765919
2435,6.740447,6.6885894867
2436,6.742985,6.6884975408
2437,6.745506,6.6884007602
2438,6.748007,6.6882991495
2439,6.750487,6.6881927184
2440,6.752944,6.6880814786
2441,6.755378,6.6879654454
2442,6.757786,6.6878446344
2443,6.760167,6.6877190664
2444,6.762519,6.6875887644
2445,6.764842,6.687453755
2446,6.767132,6.687314065
2447,6.769389,6.6871697288
2448,6.771611,6.6870207808
2449,6.773796,6.6868672595
2450,6.775944,6.6867092073
2451,6.778052,6.6865466667
2452,6.780119,6.6863796861
2453,6.782144,6.6862083163
2454,6.784125,6.6860326099
2455,6.786062,6.6858526239
2456,6.787952,6.6856684154
2457,6.789796,6.6854800479
2458,6.791591,6.685287583
2459,6.793338,6.6850910887
2460,6.795034,6.6848906315
2461,6.796679,6.6846862839
2462,6.798273,6.684478119
2463,6.799815,6.6842662104
2464,6.801304,6.6840506343
2465,6.80274,6.6838314692
2466,6.804123,6.683608794
2467,6.805451,6.6833826886
2468,6.806727,6.6831532368
2469,6.807948,6.6829205179
2470,6.809116,6.682684617
2471,6.810231,6.6824456163
2472,6.811294,6.6822035985
2473,6.812304,6.6819586452
2474,6.813263,6.6817108403
2475,6.814172,6.6814602648
2476,6.815032,6.6812069981
2477,6.815844,6.6809511185
2478,6.816609,6.6806927031
2479,6.81733,6.6804318273
2480,6.818007,6.6801685615
2481,6.818643,6.6799029769
2482,6.81924,6.679635139
2483,6.819799,6.6793651103
2484,6.820324,6.6790929516
2485,6.820817,6.6788187165
2486,6.821279,6.6785424553
2487,6.821715,6.6782642164
2488,6.822126,6.6779840391
2489,6.822515,6.6777019609
2490,6.822886,6.6774180137
2491,6.82324,6.677132222
2492,6.823581,6.6768446083
2493,6.823912,6.6765551874
2494,6.824235,6.6762639684
2495,6.824554,6.6759709564
2496,6.82487,6.6756761488
2497,6.825187,6.6753795408
2498,6.825506,6.6750811195
2499,6.82583,6.6747808703
2500,6.826162,6.674478772
2501,6.826502,6.6741747976
2502,6.826853,6.6738689197
2503,6.827216,6.6735611046
2504,6.827592,6.6732513165
2505,6.827982,6.6729395172
2506,6.828387,6.672625666
2507,6.828806,6.6723097201
2508,6.82924,6.6719916382
2509,6.829688,6.6716713768
2510,6.830149,6.6713488939
2511,6.830623,6.6710241493
2512,6.831108,6.6706971025
2513,6.831602,6.6703677166
2514,6.832103,6.6700359588
2515,6.832609,6.6697018
2516,6.833117,6.6693652149
2517,6.833624,6.6690261843
2518,6.834127,6.668684695
2519,6.834622,6.6683407401
2520,6.835105,6.6679943208
2521,6.835573,6.6676454468
2522,6.836021,6.6672941339
2523,6.836445,6.6669404088
2524,6.836841,6.6665843067
2525,6.837204,6.6662258716
2526,6.83753,6.6658651582
2527,6.837814,6.6655022304
2528,6.838051,6.6651371631
2529,6.838238,6.6647700425
2530,6.838369,6.6644009617
2531,6.838441,6.6640300277
2532,6.838449,6.6636573547
2533,6.838389,6.6632830685
2534,6.838259,6.6629073047
2535,6.838053,6.6625302043
2536,6.83777,6.6621519224
2537,6.837406,6.6617726177
2538,6.836959,6.6613924589
2539,6.836426,6.6610116204
2540,6.835806,6.6606302848
2541,6.835097,6.6602486383
2542,6.834298,6.6598668734
2543,6.833408,6.659485186
2544,6.832427,6.6591037763
2545,6.831354,6.6587228462
2546,6.830191,6.6583426013
2547,6.828938,6.657963245
2548,6.827596,6.6575849823
2549,6.826166,6.6572080177
2550,6.824651,6.6568325556
2551,6.823052,6.6564587951
2552,6.821372,6.6560869353
2553,6.819614,6.65571717
2554,6.81778,6.6553496883
2555,6.815874,6.6549846764
2556,6.813899,6.6546223131
2557,6.811858,6.654262772
2558,6.809756,6.6539062217
2559,6.807596,6.6535528209
2560,6.805381,6.6532027227
2561,6.803116,6.6528560752
2562,6.800805,6.652513016
2563,6.798452,6.6521736751
2564,6.796059,6.6518381743
2565,6.793632,6.6515066322
2566,6.791173,6.6511791544
2567,6.788687,6.650855843
2568,6.786177,6.6505367894
2569,6.783646,6.6502220789
2570,6.781096,6.6499117907
2571,6.778532,6.649606
2572,6.775956,6.649304771
2573,6.77337,6.6490081639
2574,6.770777,6.6487162347
2575,6.768179,6.6484290329
2576,6.765577,6.6481466038
2577,6.762973,6.6478689905
2578,6.760369,6.6475962322
2579,6.757766,6.6473283634
2580,6.755165,6.6470654167
2581,6.752567,6.6468074224
2582,6.749972,6.6465544091
2583,6.747382,6.6463064053
2584,6.744795,6.6460634351
2585,6.742213,6.6458255277
2586,6.739636,6.6455927077
2587,6.737064,6.645365
2588,6.734495,6.6451424296
2589,6.731931,6.6449250268
2590,6.729371,6.6447128171
2591,6.726815,6.6445058289
2592,6.724261,6.6443040907
2593,6.721711,6.6441076364
2594,6.719163,6.6439164951
2595,6.716617,6.6437307012
2596,6.714073,6.6435502896
2597,6.71153,6.6433752953
2598,6.708988,6.6432057562
2599,6.706446,6.6430417107
2600,6.703905,6.6428832
2601,6.701363,6.6427302632
2602,6.69882,6.6425829447
2603,6.696277,6.6424412897
2604,6.693733,6.6423053409
2605,6.691187,6.6421751443
2606,6.68864,6.6420507487
2607,6.68609,6.641932201
2608,6.683538,6.6418195536
2609,6.680984,6.6417128568
2610,6.678426,6.6416121615
2611,6.675865,6.6415175244
2612,6.673299,6.641429
2613,6.67073,6.6413466486
2614,6.668155,6.6412705259
2615,6.665574,6.6412006961
2616,6.662986,6.641137224
2617,6.660391,6.6410801775
2618,6.657788,6.6410296257
2619,6.655176,6.6409856404
2620,6.652553,6.6409482974
2621,6.649919,6.6409176781
2622,6.647272,6.6408938651
2623,6.644612,6.6408769469
2624,6.641936,6.6408670133
2625,6.639245,6.6408641627
2626,6.636536,6.640868492
2627,6.633809,6.6408801072
2628,6.631062,6.6408991156
2629,6.628295,6.6409256307
2630,6.625506,6.6409597676
2631,6.622694,6.6410016477
2632,6.619859,6.6410513967
2633,6.617001,6.6411091417
2634,6.614118,6.6411750109
2635,6.611212,6.6412491397
2636,6.608281,6.6413316593
2637,6.605327,6.641422708
2638,6.602351,6.6415224199
2639,6.599352,6.641630928
2640,6.596333,6.6417483694
2641,6.593295,6.6418748747
2642,6.59024,6.6420105726
2643,6.587171,6.6421555882
2644,6.584089,6.6423100393
2645,6.580999,6.6424740423
2646,6.577903,6.6426477006
2647,6.574806,6.6428311133
2648,6.57171,6.6430243665
2649,6.56862,6.6432275413
2650,6.565541,6.6434407057
2651,6.562477,6.643663914
2652,6.559433,6.6438972098
2653,6.556414,6.6441406225
2654,6.553424,6.6443941676
2655,6.550468,6.6446578493
2656,6.547552,6.644931657
2657,6.544681,6.6452155627
2658,6.541858,6.6455095234
2659,6.539088,6.6458134868
2660,6.536376,6.6461273853
2661,6.533725,6.6464511357
2662,6.53114,6.646784645
2663,6.528621,6.6471278042
2664,6.526174,6.647480503
2665,6.523799,6.6478426119
2666,6.521497,6.648214
2667,6.519271,6.6485945315
2668,6.517119,6.6489840602
2669,6.515042,6.6493824441
2670,6.513039,6.6497895364
2671,6.511107,6.6502051915
2672,6.509244,6.6506292713
2673,6.507447,6.6510616422
2674,6.505712,6.6515021779
2675,6.504034,6.6519507631
2676,6.502409,6.6524072963
2677,6.50083,6.6528716873
2678,6.499292,6.6533438665
2679,6.497787,6.6538237788
2680,6.496309,6.6543113938
2681,6.494849,6.6548066991
2682,6.493399,6.6553097107
2683,6.491953,6.65582047
2684,6.4905,6.656339038
2685,6.489034,6.6568655111
2686,6.487544,6.6574000064
2687,6.486024,6.6579426773
2688,6.484464,6.6584936987
2689,6.482858,6.6590532797
2690,6.481196,6.6596216516
2691,6.479472,6.6601990809
2692,6.477678,6.6607858571
2693,6.475809,6.6613822997
2694,6.473857,6.6619887484
2695,6.471819,6.6626055738
2696,6.469688,6.6632331612
2697,6.467461,6.6638719241
2698,6.465134,6.6645222914
2699,6.462704,6.665184711
2700,6.460169,6.6658596467
2701,6.457527,6.6665475753
2702,6.454777,6.6672489866
2703,6.451918,6.6679643805
2704,6.44895,6.6686942669
2705,6.445873,6.6694391627
2706,6.442688,6.6701995918
2707,6.439396,6.6709760819
2708,6.435997,6.6717691644
2709,6.432493,6.672579378
2710,6.428884,6.6734072621
2711,6.42517,6.6742533633
2712,6.421352,6.6751182361
2713,6.417429,6.676002439
2714,6.413398,6.676906542
2715,6.409258,6.6778311333
2716,6.405003,6.6787768134
2717,6.400629,6.679744212
2718,6.396126,6.6807339823
2719,6.391484,6.6817468221
2720,6.38669,6.682783475
2721,6.381726,6.6838447419
2722,6.37657,6.6849315
2723,6.371196,6.6860447184
2724,6.36557,6.6871854746
2725,6.359651,6.6883549855
2726,6.353389,6.689554635
2727,6.346723,6.690786011
2728,6.339575,6.6920509485
2729,6.33185,6.6933515978
2730,6.323429,6.6946904926
2731,6.314162,6.6960706468
2732,6.303856,6.6974956791
2733,6.292263,6.698969985
2734,6.279054,6.7004989586
2735,6.263791,6.702089317
2736,6.245869,6.7037495379
2737,6.224437,6.7054905285
2738,6.198252,6.7073266107
2739,6.165429,6.7092770881
2740,6.122958,6.7113688115
2741,6.065722,6.713640668
2742,5.984243,6.7161519806
2743,5.85878,6.7189998755
2744,5.640143,6.7223601094
2745,5.160925,6.726604098
2746,3.133023,6.732768189
2747,17.237805,6.7469964308
2748,8.188767,6.7053662381
2749,7.416238,6.6994562749
2750,7.120312,6.696589148
2751,6.963629,6.6948874498
2752,6.866635,6.6938038145
2753,6.800714,6.6931040931
2754,6.753027,6.6926666545
2755,6.716954,6.6924202857
2756,6.688731,6.6923197377
2757,6.666062,6.6923345062
2758,6.647464,6.6924430702
2759,6.63194,6.6926297054
2760,6.618792,6.6928825792
2761,6.607517,6.6931925816
2762,6.597746,6.693552563
2763,6.589199,6.6939568101
2764,6.581664,6.6944006992
2765,6.574973,6.6948804298
2766,6.568996,6.6953928547
2767,6.563628,6.6959353305
2768,6.558785,6.6965056207
2769,6.554398,6.6971018139
2770,6.550412,6.6977222652
2771,6.54678,6.6983655415
2772,6.543465,6.6990303904
2773,6.540435,6.6997157004
2774,6.537664,6.7004204823
2775,6.53513,6.7011438444
2776,6.532815,6.7018849777
2777,6.530703,6.702643139
2778,6.528783,6.7034176441
2779,6.527042,6.7042078462
2780,6.525473,6.7050131455
2781,6.524067,6.7058329635
2782,6.522819,6.7066667523
2783,6.521722,6.707513977
2784,6.520772,6.708374125
2785,6.519965,6.709246693
2786,6.519297,6.7101311869
2787,6.518766,6.7110271221
2788,6.518368,6.7119340142
2789,6.5181,6.7128513886
2790,6.517961,6.7137787762
2791,6.517948,6.7147157033
2792,6.518058,6.7156617019
2793,6.518288,6.7166163092
2794,6.518637,6.717579068
2795,6.5191,6.7185495171
2796,6.519676,6.7195272108
2797,6.520361,6.7205116995
2798,6.521151,6.7215025446
2799,6.522044,6.7224993184
2800,6.523035,6.723501595
2801,6.524121,6.7245089648
2802,6.525297,6.7255210253
2803,6.526559,6.7265373909
2804,6.527903,6.7275576888
2805,6.529323,6.728581559
2806,6.530814,6.7296086649
2807,6.532372,6.7306386891
2808,6.533992,6.7316713281
2809,6.535667,6.7327062984
2810,6.537393,6.7337433474
2811,6.539165,6.7347822381
2812,6.540977,6.7358227553
2813,6.542823,6.7368647112
2814,6.544699,6.7379079462
2815,6.546599,6.7389523189
2816,6.548519,6.7399977174
2817,6.550453,6.7410440492
2818,6.552398,6.7420912527
2819,6.554349,6.7431392818
2820,6.556301,6.7441881167
2821,6.558252,6.7452377654
2822,6.560198,6.7462882472
2823,6.562137,6.7473396045
2824,6.564065,6.748391892
2825,6.565981,6.7494451886
2826,6.567883,6.7504995805
2827,6.56977,6.7515551676
2828,6.571642,6.7526120581
2829,6.573498,6.7536703626
2830,6.575338,6.7547302
2831,6.577163,6.7557916923
2832,6.578974,6.7568549583
2833,6.580773,6.7579201138
2834,6.582562,6.7589872651
2835,6.584343,6.7600565091
2836,6.586118,6.7611279329
2837,6.587891,6.7622016135
2838,6.589665,6.7632776049
2839,6.591443,6.7643559441
2840,6.593229,6.76543665
2841,6.595026,6.766519717
2842,6.59684,6.7676051203
2843,6.598673,6.7686927962
2844,6.600529,6.7697826667
2845,6.602413,6.7708746258
2846,6.604329,6.7719685325
2847,6.606279,6.7730642157
2848,6.608268,6.7741614868
2849,6.610298,6.7752601192
2850,6.612373,6.7763598667
2851,6.614496,6.7774604497
2852,6.616668,6.7785615608
2853,6.618893,6.7796628776
2854,6.621171,6.7807640411
2855,6.623503,6.7818646828
2856,6.625892,6.7829644167
2857,6.628336,6.7840628252
2858,6.630837,6.785159493
2859,6.633393,6.7862539787
2860,6.636005,6.7873458429
2861,6.638669,6.7884346259
2862,6.641386,6.7895198841
2863,6.644152,6.7906011533
2864,6.646966,6.7916779853
2865,6.649824,6.7927499259
2866,6.652724,6.7938165373
2867,6.655662,6.7948773835
2868,6.658635,6.7959320455
2869,6.661638,6.7969801145
2870,6.664669,6.7980212077
2871,6.667721,6.7990549457
2872,6.670793,6.8000809922
2873,6.673878,6.8010990079
2874,6.676974,6.8021086984
2875,6.680075,6.803109776
2876,6.683177,6.8041019919
2877,6.686277,6.805085122
2878,6.68937,6.806058959
2879,6.692452,6.8070233306
2880,6.695519,6.8079780917
2881,6.698569,6.8089231261
2882,6.701597,6.8098583305
2883,6.704601,6.810783641
2884,6.707578,6.8116990086
2885,6.710525,6.8126044087
2886,6.71344,6.8134998421
2887,6.716322,6.8143853274
2888,6.719168,6.8152608929
2889,6.721977,6.8161265946
2890,6.724749,6.8169825
2891,6.727482,6.8178286789
2892,6.730176,6.8186652222
2893,6.732831,6.8194922243
2894,6.735446,6.820309783
2895,6.738023,6.8211180095
2896,6.740562,6.821917
2897,6.743062,6.8227068544
2898,6.745527,6.8234876863
2899,6.747955,6.8242595743
2900,6.750349,6.82502262
2901,6.752711,6.825776899
2902,6.755041,6.8265224694
2903,6.757341,6.8272593918
2904,6.759613,6.8279877083
2905,6.761858,6.8287074421
2906,6.764079,6.8294186064
2907,6.766276,6.8301211828
2908,6.768452,6.8308151522
2909,6.770609,6.8315004615
2910,6.772747,6.8321770333
2911,6.774868,6.8328447865
2912,6.776974,6.8335036136
2913,6.779065,6.8341533793
2914,6.781144,6.8347939419
2915,6.78321,6.8354251176
2916,6.785266,6.8360467262
2917,6.787311,6.8366585422
2918,6.789346,6.8372603415
2919,6.791371,6.8378518765
2920,6.793387,6.8384328875
2921,6.795393,6.8390030886
2922,6.79739,6.8395621923
2923,6.799376,6.8401098831
2924,6.801352,6.8406458553
2925,6.803317,6.8411697733
2926,6.805269,6.8416812973
2927,6.807208,6.8421800959
2928,6.809132,6.8426658194
2929,6.81104,6.8431381268
2930,6.812931,6.8435966714
2931,6.814802,6.8440411014
2932,6.816653,6.8444710882
2933,6.81848,6.8448862836
2934,6.820282,6.8452863788
2935,6.822058,6.8456710615
2936,6.823804,6.8460400156
2937,6.825519,6.8463929683
2938,6.827201,6.8467296452
2939,6.828846,6.8470497869
2940,6.830454,6.8473531833
2941,6.832021,6.8476396102
2942,6.833546,6.8479088966
2943,6.835026,6.8481608772
2944,6.836459,6.8483954286
2945,6.837844,6.8486124545
2946,6.839178,6.8488118704
2947,6.840459,6.8489936415
2948,6.841687,6.8491577692
2949,6.842858,6.8493042549
2950,6.843972,6.84943318
2951,6.845028,6.8495446327
2952,6.846025,6.8496387292
2953,6.84696,6.849715617
2954,6.847835,6.8497755217
2955,6.848648,6.8498186444
2956,6.849399,6.84984525
2957,6.850088,6.8498556279
2958,6.850715,6.8498500952
2959,6.85128,6.849829
2960,6.851784,6.849792725
2961,6.852227,6.8497416667
2962,6.852611,6.8496762632
2963,6.852936,6.8495969459
2964,6.853204,6.8495041944
2965,6.853416,6.8493984857
2966,6.853573,6.8492803235
2967,6.853679,6.8491502424
2968,6.853733,6.8490087188
2969,6.853739,6.8488563226
2970,6.853699,6.8486935667
2971,6.853614,6.8485209655
2972,6.853487,6.8483390714
2973,6.853321,6.8481484074
2974,6.853118,6.8479494615
2975,6.852879,6.84774272
2976,6.852608,6.8475287083
2977,6.852307,6.8473078696
2978,6.851978,6.8470806364
2979,6.851623,6.8468474286
2980,6.851244,6.84660865
2981,6.850844,6.8463646842
2982,6.850424,6.8461158333
2983,6.849986,6.8458624118
2984,6.849532,6.8456046875
2985,6.849063,6.8453428667
2986,6.848581,6.8450771429
2987,6.848085,6.8448076154
2988,6.847578,6.8445345
2989,6.84706,6.8442578182
2990,6.846532,6.8439776
2991,6.845993,6.8436937778
2992,6.845444,6.843406375
2993,6.844885,6.8431152857
2994,6.844315,6.8428203333
2995,6.843734,6.8425214
2996,6.843141,6.84221825
2997,6.842535,6.8419106667
2998,6.841916,6.8415985
2999,6.841281,6.841281
