0,0,0
1,0,0
2,0,0
3,0,0
4,0,0
5,0,0
6,0,0
7,0,0
8,0,0
9,0,0
10,0,0
11,0,0
12,0,0
13,0,0
14,0,0
15,0,0
16,0,0
17,0,0
18,0,0
19,0,0
20,0,0
21,0,0
22,0,0
23,0,0
24,0,0
25,0,0
26,0,0
27,0,0
28,0,0
29,0,0
30,0,0
31,0,0
32,0,0
33,0,0
34,0,0
35,0,0
36,0,0
37,0,0
38,0,0
39,0,0
40,0,0
41,0,0
42,0,0
43,0,0
44,0,0
45,0,0
46,0,0
47,0,0
48,0,0
49,0,0
50,0,0
51,0,0
52,0,0
53,0,0
54,0,0
55,0,0
56,0,0
57,0,0
58,0,0
59,0,0
60,0,0
61,0,0
62,0,0
63,0,0
64,0,0
65,0,0
66,0,0
67,0,0
68,0,0
69,0,0
70,0,0
71,0,0
72,0,0
73,0,0
74,0,0
75,0,0
76,0,0
77,0,0
78,0,0
79,0,0
80,0,0
81,0,0
82,0,0
83,0,0
84,0,0
85,0,0
86,0,0
87,0,0
88,0,0
89,0,0
90,0,0
91,0,0
92,0,0
93,0,0
94,0,0
95,0,0
96,0,0
97,0,0
98,0,0
99,0,0
100,9.322064,6.64684531
101,10.00046,6.56796984
102,9.56214,6.48231041
103,8.029148,6.40103418
104,5.209715,6.33801971
105,5.209715,6.34302716
106,5.209715,6.37454805
107,5.209715,6.42627363
108,5.209715,6.49170081
109,5.209715,6.56390461
110,5.209715,6.63601472
111,2.723068,6.70183931
112,8.50054,6.7813521
113,12.235333,6.78891342
114,14.915463,6.74445745
115,16.374723,6.66111949
116,16.39202,6.55664228
117,14.845859,6.45173253
118,11.722803,6.36585737
119,6.8244,6.3152422
120,6.8244,6.31588589
121,6.8244,6.31625644
122,6.8244,6.31407118
123,6.8244,6.3080214
124,6.8244,6.29817777
125,4.709322,6.28603119
126,5.92135,6.29516676
127,5.990443,6.29475954
128,5.24256,6.29782837
129,3.652504,6.31293237
130,3.652504,6.34782382
131,3.652504,6.38524781
132,3.652504,6.42359069
133,3.652504,6.46136049
134,4.672173,6.49747911
135,7.777557,6.52128275
136,10.064429,6.51215534
137,11.565496,6.47916801
138,12.237044,6.43138907
139,12.085159,6.37809742
140,11.176133,6.32776305
141,9.616294,6.28725375
142,7.511951,6.26166197
143,4.871015,6.25482026
144,4.871015,6.27086221
145,4.871015,6.28291704
146,4.871015,6.29128894
147,4.871015,6.29662058
148,1.831643,6.29934836
149,4.830205,6.32990114
150,6.785423,6.32791368
151,8.258611,6.3046107
152,9.279388,6.26708148
153,9.804007,6.22336231
154,9.776805,6.18182926
155,9.155184,6.15007978
156,7.918999,6.13442932
157,6.053998,6.13983553
158,3.401853,6.17013964
159,3.401853,6.22985905
160,3.401853,6.28861315
161,3.401853,6.34249855
162,2.689544,6.38810295
163,5.338853,6.43029035
164,7.077745,6.43523986
165,8.228831,6.41502027
166,8.901203,6.38175649
167,9.190159,6.34671072
168,9.160771,6.31691181
169,8.811761,6.29530156
170,8.065822,6.28280379
171,6.790987,6.28036696
172,4.787699,6.2904701
173,0.522055,6.31845996
174,0.522055,6.38620785
175,0.522055,6.45139646
176,0.522055,6.51501289
177,2.845303,6.57814773
178,5.512119,6.6184107
179,7.029096,6.63288895
180,7.771541,6.63335721
181,7.854133,6.62764335
182,7.389202,6.62221549
183,6.531504,6.62215935
184,5.533077,6.63074003
185,4.82103,6.64847129
186,4.888149,6.67146247
187,5.756075,6.69092495
188,6.943858,6.69814193
189,7.9984,6.68985651
190,8.649992,6.66835339
191,8.77511,6.63967344
192,8.362187,6.61155878
193,7.486657,6.59131376
194,6.282026,6.58422346
195,4.895023,6.59292843
196,3.397696,6.61769997
197,1.434517,6.65774428
198,1.434517,6.71601223
199,1.434517,6.77178359
200,1.434517,6.82486619
201,1.434517,6.87603073
202,1.434517,6.92679579
203,1.727701,6.97893065
204,5.71046,7.03091848
205,8.361804,7.0464679
206,10.382273,7.03849894
207,11.752433,7.01196293
208,12.430095,6.97122017
209,12.420726,6.92055527
210,11.792174,6.8641207
211,10.674347,6.80594089
212,9.256672,6.75026148
213,7.789736,6.70229351
214,6.581667,6.66813003
215,5.927002,6.65131758
216,5.901045,6.64923736
217,6.258343,6.65495841
218,6.661286,6.66182271
219,6.888769,6.66575281
220,6.861455,6.66531008
221,6.605874,6.66135557
222,6.219422,6.65671063
223,5.840037,6.65524337
224,5.609742,6.65997934
225,5.622879,6.67130019
226,5.880628,6.68677133
227,6.297326,6.70249985
228,6.75296,6.71479069
229,7.141649,6.72124274
230,7.394903,6.72121668
231,7.486792,6.71587231
232,7.429484,6.70782493
233,7.264366,6.7003454
234,7.052537,6.69621995
235,6.864816,6.69675442
236,6.765696,6.70138248
237,6.787602,6.70796269
238,6.907879,6.71362654
239,7.051722,6.71592228
240,7.125203,6.71382948
241,7.057116,6.70820807
242,6.82778,6.70148938
243,6.47521,6.69674704
244,6.076498,6.69658111
245,5.708205,6.70235979
246,5.404179,6.71416084
247,5.143793,6.73134863
248,4.886921,6.75331768
249,4.631459,6.77981167
250,4.455125,6.8105464
251,4.505689,6.84433064
252,4.907471,6.87829125
253,5.650702,6.90811897
254,6.601857,6.92951907
255,7.590138,6.93960436
256,8.45962,6.93739939
257,9.084409,6.92376558
258,9.373794,6.9011369
259,9.277263,6.87320569
260,8.790393,6.84456009
261,7.962293,6.82019673
262,6.908284,6.8048088
263,5.833804,6.8017992
264,5.055786,6.81202546
265,4.902453,6.83243447
266,5.396626,6.85585085
267,6.210268,6.87406742
268,6.999746,6.88150945
269,7.561984,6.87567577
270,7.822139,6.85618058
271,7.801301,6.82415856
272,7.586685,6.78246826
273,7.296844,6.73696425
274,7.040916,6.69638619
275,6.883698,6.66677401
276,6.835539,6.64907268
277,6.8716,6.64154856
278,6.959944,6.64167815
279,7.075922,6.64689103
280,7.200155,6.65468353
281,7.311347,6.66254006
282,7.383588,6.667975
283,7.389572,6.66886774
284,7.306203,6.66412939
285,7.120148,6.65458102
286,6.834397,6.64354102
287,6.477773,6.63604338
288,6.115316,6.6363711
289,5.848088,6.6458557
290,5.781997,6.66242779
291,5.963644,6.68149327
292,6.337685,6.6975855
293,6.777627,6.70623935
294,7.152523,6.70525454
295,7.372177,6.69496868
296,7.402127,6.67777396
297,7.261312,6.65722597
298,7.011653,6.63701314
299,6.742777,6.62005638
300,6.550971,6.60799696
301,6.511023,6.60118035
302,6.648003,6.59904775
303,6.926484,6.60069469
304,7.265402,6.60527289
305,7.564908,6.6120395
306,7.728672,6.62015733
307,7.678157,6.62850442
308,7.363605,6.63566171
309,6.777269,6.6400906
310,5.974193,6.64041869
311,5.106406,6.63576549
312,4.459875,6.62628671
313,4.373388,6.6147574
314,4.900422,6.60703437
315,5.71898,6.6055302
316,6.47315,6.60902909
317,6.944773,6.6163525
318,7.054296,6.6270483
319,6.844496,6.64096839
320,6.466004,6.65761933
321,6.14138,6.67550998
322,6.072696,6.69181031
323,6.313634,6.70292817
324,6.741827,6.70630573
325,7.169993,6.70218582
326,7.45348,6.69358628
327,7.52641,6.68460073
328,7.398165,6.67856855
329,7.139043,6.67708745
330,6.860466,6.67977996
331,6.682054,6.68452496
332,6.681531,6.68814816
333,6.851821,6.68769227
334,7.105984,6.68198795
335,7.327622,6.6724348
336,7.423717,6.661871
337,7.353987,6.65207305
338,7.137453,6.64147339
339,6.842442,6.62292892
340,6.563062,6.57015228
341,6.385247,6.52016944
342,6.353546,6.47196475
343,6.458617,6.42407707
344,6.654366,6.37513868
345,6.88831,6.3242428
346,7.122958,6.27100748
347,7.340698,6.28721623
348,7.53632,6.34235819
349,7.704932,6.41586284
350,7.833549,6.49041126
351,7.90175,6.55089499
352,7.890243,6.5855812
353,7.790712,6.58727713
354,7.610386,6.55434576
355,7.369641,6.49705179
356,7.096239,6.45633306
357,6.821541,6.44068045
358,6.580673,6.44312303
359,6.412703,6.45476389
360,6.354057,6.46661975
361,6.4235,6.47043401
362,6.607324,6.45924949
363,6.85643,6.42786343
364,7.096687,6.37278662
365,7.244091,6.31530724
366,7.218283,6.26739461
367,6.954471,6.2363867
368,6.416378,6.21968069
369,5.612465,6.2138289
370,4.619937,6.21454119
371,3.632271,6.21685544
372,3.036284,6.21544549
373,3.239038,6.20717372
374,4.079698,6.20207755
375,5.113565,6.20835892
376,6.083127,6.22533376
377,6.884559,6.2501866
378,7.481232,6.27883757
379,7.855172,6.30643808
380,7.985808,6.32826568
381,7.854841,6.34091139
382,7.472862,6.34358521
383,6.915737,6.33941699
384,6.351366,6.3360168
385,6.016148,6.34255731
386,6.084633,6.36365563
387,6.510545,6.39734282
388,7.063776,6.43807829
389,7.505297,6.47979264
390,7.688545,6.5167861
391,7.572867,6.54339749
392,7.20307,6.55331692
393,6.679146,6.53777161
394,6.123937,6.52746554
395,5.652705,6.52271156
396,5.347328,6.5226699
397,5.240029,6.52568201
398,5.315977,6.52976711
399,5.536835,6.5048498
400,5.86931,6.50143822
401,6.297763,6.50699197
402,6.812697,6.51618536
403,7.384304,6.52666007
404,7.942063,6.53731277
405,8.376691,6.54691678
406,8.563381,6.55326635
407,8.393886,6.55258569
408,7.806494,6.53798793
409,6.810078,6.48720806
410,5.508873,6.44639235
411,4.158528,6.41858869
412,3.306944,6.40428848
413,3.601085,6.39850411
414,4.750005,6.38977833
415,6.068869,6.36956335
416,7.205491,6.88364211
417,8.014353,7.1114658
418,8.446305,7.26834903
419,8.50959,7.37794384
420,8.255069,7.43696058
421,7.771413,7.41418145
422,7.184482,7.39623888
423,6.65139,7.38416562
424,6.329836,7.37742328
425,6.310039,7.37389648
426,6.554925,7.37056765
427,6.923192,7.36478996
428,7.250055,7.41820246
429,7.408294,7.51865393
430,7.334966,7.64062015
431,7.044374,7.76521995
432,6.635942,7.87696954
433,6.281389,7.96329182
434,6.150669,8.01398349
435,6.271242,8.01904193
436,6.443922,8.02289464
437,6.294021,8.02502055
438,5.283006,8.02864547
439,1.564778,8.04238054
440,1.564778,8.09329789
441,1.564778,8.14421524
442,1.564778,8.19513259
443,1.564778,8.24604994
444,1.564778,8.25365724
445,1.564778,8.31741793
446,8.743833,8.4088176
447,12.854894,8.4429734
448,14.886785,8.43911606
449,15.159774,8.40734094
450,13.881922,8.35552263
451,11.370371,8.29078064
452,8.059836,8.21756868
453,4.497575,8.17746207
454,1.880989,8.17297807
455,3.297768,8.16806672
456,5.530978,8.17663897
457,7.065799,8.17299463
458,7.744759,8.15193526
459,7.598289,8.10922176
460,6.735483,8.06797296
461,5.305048,8.03535222
462,3.468718,8.01703583
463,1.348749,8.01708274
464,1.348749,8.03832934
465,2.452828,8.06278074
466,4.117492,8.09493494
467,5.28387,8.1241744
468,5.831199,8.15264969
469,5.683694,8.18408739
470,4.851362,8.22256094
471,3.491276,8.27146311
472,2.209107,8.33230044
473,2.729421,8.40062385
474,4.707835,8.45514661
475,6.811049,8.47851492
476,8.568411,8.46713332
477,9.749656,8.42259727
478,10.241283,8.35012498
479,10.037932,8.26302269
480,9.250379,8.18782914
481,8.122223,8.1372063
482,7.05604,8.1134926
483,6.575718,8.11273043
484,7.005417,8.12474043
485,8.12598,8.13601326
486,9.453352,8.13597932
487,10.584092,8.1202986
488,11.235211,8.09025274
489,11.204643,8.05110858
490,10.349684,8.01041072
491,8.56481,7.97662876
492,5.648539,7.95871363
493,5.648539,7.96767047
494,5.648539,7.97490575
495,5.648539,7.98225393
496,5.648539,7.99218905
497,5.648539,8.00648337
498,2.824246,8.02522744
499,5.195677,8.07499185
500,6.424685,8.10092425
501,7.217102,8.11110116
502,7.860168,8.1068798
503,8.449574,8.08783814
504,8.902464,8.05444832
505,9.011648,8.01058247
506,8.495315,7.96464986
507,6.93411,7.9282252
508,2.728507,7.91504902
509,2.728507,7.9525505
510,2.728507,7.99814837
511,2.728507,8.05049241
512,2.728507,8.10776785
513,2.728507,8.16778851
514,2.728507,8.22793516
515,57.476745,8.2850922
516,29.98786,7.78824475
517,23.702676,7.55610729
518,19.405786,7.37335043
519,14.411264,7.21782927
520,5.977156,7.09655044
521,5.977156,7.05168137
522,5.977156,7.01541969
523,5.977156,6.99172334
524,5.977156,6.97855973
525,5.977156,6.97268404
526,5.977156,6.97095601
527,12.264442,6.9711724
528,17.295202,6.90972031
529,19.604916,6.79980563
530,19.794946,6.66980415
531,18.219333,6.54147046
532,15.26817,6.43180727
533,11.350556,6.35289572
534,6.656513,6.31241474
535,6.656513,6.31668489
536,6.656513,6.31853616
537,6.656513,6.31912747
538,6.656513,6.32047455
539,6.656513,6.32445161
540,6.656513,6.33197745
541,6.656513,6.34277274
542,6.656513,6.35556917
543,2.325508,6.36853884
544,7.940847,6.42313908
545,10.704745,6.41860226
546,12.159413,6.38315528
547,12.46916,6.33071179
548,11.709273,6.27413233
549,9.977943,6.22517785
550,7.407723,6.19358095
551,4.049175,6.18670261
552,4.049175,6.21095968
553,4.049175,6.23173325
554,1.389854,6.24920598
555,4.154993,6.29164787
556,5.166544,6.30737771
557,4.959862,6.31617782
558,3.473409,6.33134501
559,3.473409,6.36567081
560,3.473409,6.4036038
561,3.473409,6.44418541
562,3.473409,6.48637985
563,3.473409,6.52908691
564,3.793889,6.57111521
565,5.668248,6.60805411
566,7.041438,6.62338319
567,8.131399,6.62169849
568,8.974969,6.60625379
569,9.531049,6.58072425
570,9.741579,6.54947141
571,9.575009,6.51694798
572,9.041448,6.48690882
573,8.181697,6.46199988
574,7.044666,6.44391651
575,5.672889,6.43405723
576,4.114806,6.43441507
577,2.502427,6.44814766
578,1.531054,6.4785897
579,2.518577,6.52233805
580,4.188095,6.56151127
581,5.750853,6.58911862
582,6.979823,6.60451933
583,7.776718,6.60855352
584,8.1327,6.60311867
585,8.122586,6.59110231
586,7.88528,6.57611955
587,7.579506,6.56184199
588,7.320795,6.55095563
589,7.134857,6.54440881
590,6.971488,6.5416621
591,6.773297,6.5415987
592,6.544223,6.5431638
593,6.372067,6.54533503
594,6.383357,6.54671075
595,6.642051,6.54537727
596,7.077971,6.53962897
597,7.522946,6.52918137
598,7.800687,6.51571258
599,7.788917,6.50230753
600,7.442376,6.49242175
601,6.794966,6.48899482
602,5.956002,6.4938814
603,5.110592,6.5074846
604,4.515879,6.52839886
605,4.418387,6.55302224
606,4.852849,6.57590353
607,5.616492,6.59199869
608,6.478655,6.599025
609,7.288294,6.59746272
610,7.962911,6.58923264
611,8.456051,6.57646584
612,8.730573,6.56086885
613,8.743172,6.54372988
614,8.444211,6.52638109
615,7.792,6.51084415
616,6.774114,6.50036972
617,5.42699,6.49954168
618,3.85367,6.51357966
619,2.283381,6.54672865
620,1.490249,6.59986946
621,2.350988,6.66449415
622,3.607521,6.72183277
623,4.660795,6.7648557
624,5.389587,6.79262195
625,5.804353,6.80660427
626,5.998795,6.81047448
627,6.119233,6.80975203
628,6.303734,6.80999131
629,6.604768,6.81422983
630,6.961577,6.82240041
631,7.253014,6.83282551
632,7.377015,6.84378424
633,7.302458,6.85416742
634,7.083528,6.86334763
635,6.84164,6.87066719
636,6.715644,6.87495078
637,6.791221,6.87445574
638,7.054219,6.86751422
639,7.409097,6.8535465
640,7.736042,6.83359819
641,7.936156,6.80995885
642,7.95348,6.78534735
643,7.785532,6.76235845
644,7.487165,6.74328182
645,7.160047,6.72995993
646,6.915064,6.72342683
647,6.811214,6.72348148
648,6.813825,6.72868207
649,6.818253,6.73694712
650,6.719889,6.74629593
651,6.474882,6.75522183
652,6.126532,6.76265676
653,5.796448,6.76774735
654,5.634043,6.76970417
655,5.727977,6.76801958
656,6.046555,6.76310813
657,6.476581,6.75661948
658,6.905989,6.75076015
659,7.266708,6.74733998
660,7.53157,6.74723911
661,7.692853,6.75023768
662,7.744115,6.75510269
663,7.676239,6.75991473
664,7.487779,6.76256613
665,7.201156,6.76131522
666,6.872968,6.75531175
667,6.586929,6.74504803
668,6.422015,6.73254493
669,6.405765,6.72070596
670,6.489236,6.71182066
671,6.571093,6.70681738
672,6.550554,6.70592324
673,6.37336,6.70952668
674,6.058738,6.71839771
675,5.708673,6.73319964
676,5.488065,6.75355365
677,5.546631,6.77718094
678,5.905889,6.79994466
679,6.435899,6.81726609
680,6.94883,6.8260034
681,7.290924,6.82550864
682,7.383242,6.8176757
683,7.233233,6.8062044
684,6.931064,6.79516875
685,6.62431,6.78729108
686,6.457524,6.7827943
687,6.49087,6.77956974
688,6.666113,6.77472929
689,6.860186,6.7667186
690,6.965148,6.75666596
691,6.929807,6.74809767
692,6.761346,6.74520184
693,6.509639,6.75091665
694,6.250009,6.76596056
695,6.067221,6.78879796
696,6.033211,6.81610826
697,6.176067,6.84354889
698,6.460182,6.86676914
699,6.800339,6.88248347
700,7.099683,6.88920873
701,7.283624,6.88740288
702,7.316322,6.87907084
703,7.202018,6.86708929
704,6.978217,6.85450173
705,6.706516,6.84393095
706,6.462365,6.83714219
707,6.319123,6.83476485
708,6.322427,6.83625024
709,6.465286,6.84017796
710,6.686231,6.84487163
711,6.896352,6.84902071
712,7.016676,6.85196187
713,7.008293,6.85353484
714,6.890517,6.85369252
715,6.744557,6.85212186
716,6.69131,6.84809271
717,6.830788,6.84070128
718,7.168569,6.82950995
719,7.597462,6.81507709
720,7.952718,6.79871373
721,8.08485,6.78181541
722,7.909814,6.76555165
723,7.43742,6.75096533
724,6.787819,6.7391834
725,6.191374,6.73148335
726,5.92655,6.72888656
727,6.143161,6.73114704
728,6.727586,6.73628832
729,7.421826,6.74174996
730,8.004087,6.74559131
731,8.348887,6.74669475
732,8.415333,6.74453686
733,8.220479,6.73895839
734,7.815484,6.73001297
735,7.269999,6.71790914
736,6.66614,6.70309144
737,6.097069,6.68654291
738,5.657447,6.67030918
739,5.414266,6.65764268
740,5.372108,6.6516644
741,5.475006,6.65365641
742,5.65459,6.66297489
743,5.877869,6.6776831
744,6.154976,6.6948545
745,6.506737,6.71072641
746,6.920529,6.72118048
747,7.331273,6.7227409
748,7.64033,6.71385545
749,7.753134,6.69596274
750,7.612479,6.67368896
751,7.218375,6.65345457
752,6.635591,6.64094865
753,5.99213,6.63938563
754,5.465584,6.6491938
755,5.236832,6.66833001
756,5.39769,6.69282717
757,5.890648,6.71783291
758,6.563972,6.73892112
759,7.256621,6.75278798
760,7.831427,6.75729435
761,8.179354,6.75148899
762,8.225319,6.73587836
763,7.941379,6.71284643
764,7.362688,6.68699979
765,6.600809,6.66487298
766,5.846596,6.65303178
767,5.336619,6.65507207
768,5.238118,6.66996687
769,5.517235,6.69295886
770,5.988908,6.71822196
771,6.481679,6.7410249
772,6.910898,6.7581991
773,7.260463,6.76781594
774,7.538931,6.7689248
775,7.744074,6.76151366
776,7.850794,6.74654323
777,7.823003,6.72587194
778,7.638032,6.70204625
779,7.30963,6.6780859
780,6.899354,6.65729458
781,6.50763,6.64285817
782,6.236112,6.63703921
783,6.129668,6.64037652
784,6.143297,6.65161633
785,6.174632,6.66840776
786,6.135068,6.68805259
787,6.006825,6.70779922
788,5.865044,6.72473447
789,5.854922,6.73556508
790,6.108319,6.73671463
791,6.640224,6.72537601
792,7.332827,6.70163815
793,8.01403,6.66964397
794,8.533749,6.63514065
795,8.798251,6.60246369
796,8.777274,6.5742911
797,8.498092,6.55235106
798,8.031615,6.53783126
799,7.472865,6.53148781
800,6.919098,6.53357575
801,6.45042,6.54367149
802,6.118167,6.5604757
803,5.943262,6.58170354
804,5.921139,6.60411959
805,6.02764,6.62370399
806,6.224631,6.63590473
807,6.467662,6.63590053
808,6.715199,6.6186676
809,6.934653,6.57763429
810,7.101139,6.53440644
811,7.190468,6.48951373
812,7.173973,6.44372773
813,7.024061,6.39197926
814,6.733451,6.36422156
815,6.341642,6.35343404
816,5.952167,6.3552132
817,5.711655,6.3650675
818,5.725283,6.37823962
819,5.961126,6.39052582
820,6.262886,6.39976108
821,6.458474,6.4066073
822,6.451182,6.41374893
823,6.259227,6.42422316
824,6.017814,6.43992038
825,5.931695,6.46061246
826,6.152598,6.483657
827,6.657289,6.50480832
828,7.27375,6.51996443
829,7.805961,6.52638861
830,8.114431,6.52259005
831,8.133098,6.50748773
832,7.857486,6.47946412
833,7.325937,6.43466562
834,6.605101,6.39518261
835,5.788229,6.36290796
836,5.011287,6.33880203
837,4.473696,6.32246552
838,4.390797,6.29617857
839,4.816438,6.29885528
840,5.571309,6.31456642
841,6.406854,6.33504486
842,7.125411,6.35601484
843,7.595009,6.37625941
844,7.742167,6.39667005
845,7.552144,6.41924646
846,7.076571,6.44610457
847,6.442728,6.47857851
848,5.851059,6.51644297
849,5.525756,6.55730917
850,5.58904,6.59656317
851,5.967783,6.628508
852,6.479289,6.64827252
853,6.972947,6.65256146
854,7.379205,6.63850916
855,7.686548,6.60062967
856,7.898264,6.55967675
857,7.999469,6.51660667
858,7.950658,6.47252454
859,7.707258,6.42893052
860,7.250891,6.3877705
861,6.618291,6.33922351
862,5.922126,6.32415543
863,5.356715,6.32541448
864,5.150007,6.33006337
865,5.416689,6.32689547
866,6.050625,6.3130868
867,6.826099,6.30054925
868,7.537317,6.30001647
869,8.043545,6.31254578
870,8.269202,6.33448991
871,8.199099,6.36167638
872,7.872582,6.3932984
873,7.371349,6.43494898
874,6.797817,6.49675178
875,6.247031,6.58513783
876,5.783665,6.69422904
877,5.440434,6.79635927
878,5.241997,6.90192181
879,5.230498,7.00946872
880,5.455713,7.11713062
881,5.925734,7.22254037
882,6.569843,7.93669969
883,7.253649,8.37353301
884,7.82244,8.62679603
885,8.139115,8.67708397
886,8.109731,8.72420516
887,7.70035,8.77162019
888,6.948105,8.82312903
889,5.969877,8.88216032
890,4.974457,8.95097389
891,4.266438,9.02974166
892,4.133409,9.07514799
893,4.563698,9.17000114
894,5.266053,9.2749687
895,5.980992,9.36921733
896,6.58327,9.44048006
897,7.046112,9.48065188
898,7.39727,9.48119389
899,7.681659,9.47822432
900,7.928672,9.47241086
901,8.130841,9.46412727
902,8.240951,9.45382199
903,8.184867,9.44241561
904,7.879579,9.43157007
905,7.247714,9.42377741
906,6.224211,9.39666544
907,4.744369,9.39736488
908,2.611868,9.41608913
909,2.611868,9.45155276
910,2.611868,9.48124392
911,2.611868,9.51169542
912,1.999126,9.55215723
913,4.248291,9.6132338
914,5.654699,9.66504006
915,6.519558,9.71097547
916,6.937597,9.74930863
917,7.028867,9.77632541
918,6.953903,9.78665117
919,6.884652,9.77220881
920,6.947508,9.75845896
921,7.172637,9.74408055
922,7.498605,9.72745085
923,7.828949,9.70756147
924,8.087022,9.68436865
925,8.236149,9.65322183
926,8.26773,9.64382916
927,8.1729,9.64829303
928,7.916168,9.66030053
929,7.426105,9.6743182
930,6.604199,9.6861745
931,5.330737,9.69401979
932,3.377636,9.69960933
933,3.377636,9.71115224
934,3.377636,9.71695066
935,3.377636,9.72807654
936,3.377636,9.7503729
937,1.845001,9.78436614
938,4.658468,9.84389966
939,6.387552,9.88389095
940,7.619153,9.91413529
941,8.503852,9.93906365
942,9.149868,9.96155099
943,9.636073,9.98267079
944,9.999808,10.00149078
945,10.237955,10.01521178
946,10.323965,10.01938772
947,10.229174,10.00780873
948,9.937679,9.97095994
949,9.451156,9.9370261
950,8.783523,9.90795749
951,7.944235,9.88556521
952,6.908183,9.87156581
953,5.567717,9.86792693
954,3.591256,9.87769271
955,3.591256,9.87868374
956,3.591256,9.90951433
957,3.591256,9.95281367
958,3.591256,9.9992233
959,3.591256,10.04277575
960,2.396192,10.08020283
961,5.111483,10.12254546
962,6.048031,10.13179298
963,5.821604,10.12824038
964,4.833217,10.12639757
965,4.035822,10.13595759
966,4.79687,10.15573466
967,6.772821,10.16984709
968,8.790248,10.16562043
969,10.237958,10.14263525
970,10.987849,10.10735838
971,11.361301,10.06784041
972,12.03764,10.02833121
973,13.551629,9.98504408
974,15.636422,9.92752666
975,17.156152,9.84707938
976,15.996688,9.7460922
977,15.996688,9.64859427
978,15.996688,9.54167607
979,15.996688,9.42680884
980,15.996688,9.30944208
981,77.341666,9.19705557
982,50.253175,8.48108416
983,32.579951,8.0468452
984,12.851234,7.79843171
985,12.851234,7.75304785
986,12.851234,7.70930473
987,12.851234,7.66307925
988,12.851234,7.61093331
989,12.851234,7.55082216
990,12.851234,7.48275898
991,8.807071,7.40915055
992,13.618724,7.37453266
993,15.060454,7.2941794
994,14.690916,7.20377803
995,13.107265,7.1215308
996,10.600452,7.05848027
997,7.100313,7.02222902
998,7.100313,7.0209778
999,7.100313,7.01817758
1000,7.100313,7.01272849
1001,7.100313,7.00425154
1002,7.100313,6.99328376
1003,7.100313,6.98120086
1004,7.100313,6.96973837
1005,4.536517,6.96030869
1006,6.294155,6.97918072
1007,6.616794,6.98296321
1008,6.158231,6.98529979
1009,5.580984,6.9931363
1010,5.657018,7.00695212
1011,6.658049,7.01986623
1012,8.106783,7.02269716
1013,9.428917,7.01136197
1014,10.24824,6.98762109
1015,10.352874,6.95679421
1016,9.639275,6.92584358
1017,8.061443,6.90217074
1018,5.509667,6.8931566
1019,5.509667,6.90715749
1020,5.509667,6.9176796
1021,5.509667,6.92467781
1022,5.509667,6.92925317
1023,5.509667,6.93325023
1024,4.97234,6.93835769
1025,7.296882,6.95077944
1026,8.714117,6.94187307
1027,9.37365,6.92037097
1028,9.317935,6.8937859
1029,8.611735,6.86972811
1030,7.388728,6.85542009
1031,5.889691,6.85643179
1032,4.531927,6.87512469
1033,3.957478,6.9087484
1034,4.490224,6.94738376
1035,5.607272,6.97751091
1036,6.77696,6.99097051
1037,7.798353,6.98565316
1038,8.657597,6.96295143
1039,9.411986,6.92667007
1040,10.111989,6.88223229
1041,10.752586,6.83474416
1042,11.261848,6.78719392
1043,11.518072,6.74064862
1044,11.371908,6.69561481
1045,10.655549,6.65347269
1046,9.166066,6.61776413
1047,6.544295,6.5953896
1048,6.544295,6.59839981
1049,6.544295,6.60216702
1050,6.544295,6.60787601
1051,6.544295,6.61544781
1052,6.544295,6.62362311
1053,6.544295,6.63071924
1054,3.690359,6.63555065
1055,6.674315,6.66660353
1056,7.92119,6.66656531
1057,8.232219,6.65427692
1058,7.946501,6.64007899
1059,7.333964,6.63005419
1060,6.630455,6.62697541
1061,6.036235,6.63115174
1062,5.692771,6.64111849
1063,5.637323,6.65418926
1064,5.789219,6.66717813
1065,6.013529,6.67726761
1066,6.208113,6.68252949
1067,6.350155,6.68197338
1068,6.49173,6.6754777
1069,6.710271,6.66390737
1070,7.036052,6.64927994
1071,7.410381,6.63432047
1072,7.708927,6.62144394
1073,7.799887,6.612288
1074,7.591694,6.60796276
1075,7.057434,6.60938717
1076,6.246895,6.61741521
1077,5.304868,6.63269145
1078,4.509965,6.65510825
1079,4.260012,6.68263106
1080,4.758037,6.71002442
1081,5.744525,6.73051217
1082,6.829279,6.74001646
1083,7.738602,6.73814494
1084,8.312848,6.72691267
1085,8.476922,6.70971989
1086,8.228686,6.69075589
1087,7.63664,6.67447663
1088,6.840119,6.66489853
1089,6.044916,6.6646388
1090,5.490391,6.67389251
1091,5.345282,6.68986786
1092,5.583398,6.70753605
1093,6.020317,6.72188387
1094,6.466193,6.72995316
1095,6.802212,6.73136301
1096,6.975327,6.72788873
1097,6.975191,6.72268508
1098,6.820291,6.71924088
1099,6.555404,6.72026576
1100,6.252618,6.72688494
1101,6.003535,6.7383325
1102,5.892023,6.75216052
1103,5.954064,6.76503274
1104,6.157345,6.77411909
1105,6.42372,6.7786386
1106,6.672404,6.78048601
1107,6.850452,6.78307017
1108,6.941882,6.78910966
1109,6.962566,6.79916417
1110,6.948429,6.81147147
1111,6.941142,6.82258227
1112,6.973264,6.82835055
1113,7.054829,6.82511913
1114,7.165552,6.81109233
1115,7.257811,6.78783505
1116,7.271991,6.76092266
1117,7.160029,6.7374932
1118,6.909756,6.72242528
1119,6.561878,6.71741415
1120,6.209488,6.72170389
1121,5.967203,6.73268949
1122,5.909373,6.7464611
1123,6.020413,6.7587549
1124,6.214515,6.76627144
1125,6.406245,6.76765674
1126,6.563907,6.76356385
1127,6.715143,6.75589302
1128,6.912156,6.74672723
1129,7.180933,6.737573
1130,7.489898,6.72926295
1131,7.758981,6.72232763
1132,7.894298,6.71734834
1133,7.821014,6.71503513
1134,7.502939,6.71611443
1135,6.953232,6.72119386
1136,6.245225,6.73065684
1137,5.52818,6.74449693
1138,5.029461,6.76193227
1139,4.968208,6.78082642
1140,5.363176,6.79771455
1141,5.997562,6.80948083
1142,6.607318,6.81523689
1143,7.014691,6.81637518
1144,7.157696,6.81548237
1145,7.084693,6.81514482
1146,6.928613,6.81692404
1147,6.845316,6.82065693
1148,6.921016,6.82442029
1149,7.115194,6.82545983
1150,7.301475,6.82172107
1151,7.361825,6.81298982
1152,7.253908,6.80106017
1153,7.027436,6.78905873
1154,6.795647,6.78023111
1155,6.670493,6.7766165
1156,6.692351,6.77832242
1157,6.812426,6.78385383
1158,6.944021,6.79105249
1159,7.026086,6.7978352
1160,7.048088,6.80248996
1161,7.03291,6.80383421
1162,6.999848,6.80153698
1163,6.93621,6.79655004
1164,6.798167,6.79116262
1165,6.539717,6.78825029
1166,6.152502,6.79009082
1167,5.700587,6.79749467
1168,5.334697,6.80941493
1169,5.247528,6.8228816
1170,5.540105,6.83356841
1171,6.122728,6.8376926
1172,6.793333,6.83448295
1173,7.367363,6.82666503
1174,7.734135,6.81843948
1175,7.860238,6.81324629
1176,7.774519,6.81278777
1177,7.546548,6.81696569
1178,7.262246,6.82418885
1179,6.999348,6.83185707
1180,6.806812,6.83699076
1181,6.694954,6.83700052
1182,6.642127,6.8305432
1183,6.615375,6.81827382
1184,6.59357,6.80300677
1185,6.580522,6.78861511
1186,6.60076,6.778053
1187,6.67883,6.77218636
1188,6.814146,6.77002786
1189,6.970287,6.76967346
1190,7.087926,6.76926693
1191,7.112101,6.76761357
1192,7.01818,6.76432849
1193,6.827246,6.75964949
1194,6.607178,6.75415927
1195,6.454784,6.74860177
1196,6.454962,6.74379771
1197,6.630771,6.74051419
1198,6.922779,6.73925057
1199,7.217322,6.74014531
1200,7.397374,6.74309231
1201,7.386337,6.74788545
1202,7.179245,6.75421257
1203,6.862699,6.761437
1204,6.609296,6.7682093
1205,6.608461,6.77215658
1206,6.93082,6.77027132
1207,7.454401,6.7605195
1208,7.947333,6.74361826
1209,8.193296,6.7230082
1210,8.059509,6.7031804
1211,7.51797,6.68813248
1212,6.650122,6.68064141
1213,5.652149,6.68199752
1214,4.839824,6.69179624
1215,4.566572,6.70755504
1216,4.929045,6.72471951
1217,5.653237,6.73883132
1218,6.408643,6.74814269
1219,6.990852,6.75318976
1220,7.308048,6.75528373
1221,7.344364,6.75576079
1222,7.138753,6.75580654
1223,6.772067,6.75642287
1224,6.353045,6.75835009
1225,5.996956,6.7619481
1226,5.796824,6.76713234
1227,5.798564,6.77343291
1228,5.996733,6.78010822
1229,6.349928,6.78615596
1230,6.796366,6.79021888
1231,7.261052,6.79060583
1232,7.662977,6.78561117
1233,7.928944,6.77409993
1234,8.010882,6.75618334
1235,7.89953,6.73374033
1236,7.629234,6.71038148
1237,7.271714,6.69036996
1238,6.918876,6.67678671
1239,6.657021,6.67029677
1240,6.539804,6.66929817
1241,6.573168,6.67103907
1242,6.721147,6.67298548
1243,6.92541,6.67382003
1244,7.123941,6.67364722
1245,7.262615,6.67340809
1246,7.301902,6.67402079
1247,7.221652,6.67584704
1248,7.02497,6.67865748
1249,6.741318,6.68188518
1250,6.42835,6.68487977
1251,6.16886,6.68696942
1252,6.053764,6.68731082
1253,6.144674,6.68474024
1254,6.434186,6.67797169
1255,6.841085,6.66620786
1256,7.245492,6.64967587
1257,7.532292,6.62959246
1258,7.622292,6.60772292
1259,7.491562,6.58606532
1260,7.182513,6.5668841
1261,6.803187,6.55281846
1262,6.501154,6.54648738
1263,6.397468,6.54935803
1264,6.506934,6.56076856
1265,6.72377,6.57822753
1266,6.892887,6.59867525
1267,6.892613,6.61961356
1268,6.681364,6.63970434
1269,6.316209,6.6589551
1270,5.952524,6.67838184
1271,5.801763,6.69865706
1272,6.011541,6.71765499
1273,6.544808,6.72816954
1274,7.214816,6.7157301
1275,7.814386,6.69659058
1276,8.192311,6.67145536
1277,8.268864,6.64254089
1278,8.029068,6.61286089
1279,7.512717,6.58557885
1280,6.807788,6.56346032
1281,6.049222,6.56326206
1282,5.415189,6.62342097
1283,5.08867,6.71524297
1284,5.154404,6.81566177
1285,5.524311,6.90374304
1286,6.014096,6.96322502
1287,6.46298,6.98474235
1288,6.778706,6.96728352
1289,6.929634,6.9259165
1290,6.92259,6.8965327
1291,6.783593,6.88750138
1292,6.55028,6.89339231
1293,6.278224,6.90622248
1294,6.051428,6.91744821
1295,5.974378,6.91829848
1296,6.12661,6.89900925
1297,6.504409,6.8781977
1298,7.012253,6.85360816
1299,7.512022,6.82394018
1300,7.876688,6.78226463
1301,8.019049,6.76580791
1302,7.901688,6.76926039
1303,7.539929,6.78856515
1304,7.004024,6.8189468
1305,6.419935,6.8545454
1306,5.955638,6.88832816
1307,5.764277,6.91216887
1308,5.886327,6.91734895
1309,6.210516,6.89524838
1310,6.554717,6.86990592
1311,6.768863,6.84112145
1312,6.785733,6.81019552
1313,6.632021,6.76636942
1314,6.415704,6.73306489
1315,6.283019,6.70031739
1316,6.340226,6.65698249
1317,6.584374,6.61307552
1318,6.91335,6.56672707
1319,7.200249,6.52486654
1320,7.355754,6.50497133
1321,7.348939,6.50356593
1322,7.200386,6.51669686
1323,6.964789,6.53912925
1324,6.712846,6.56451583
1325,6.51538,6.58578722
1326,6.426881,6.5955536
1327,6.466095,6.58638059
1328,6.601507,6.55016543
1329,6.75622,6.51259615
1330,6.835061,6.44998318
1331,6.761586,6.4274431
1332,6.511853,6.43321741
1333,6.137285,6.46175782
1334,5.766581,6.50408296
1335,5.563645,6.54658617
1336,5.628082,6.57000699
1337,5.913389,6.53482238
1338,6.269882,6.4967847
1339,6.557161,6.45518209
1340,6.713894,6.41070669
1341,6.767809,6.4138695
1342,6.804602,6.48185802
1343,6.908129,6.59294591
1344,7.100028,6.72338022
1345,7.323885,6.83416376
1346,7.484527,6.94270873
1347,7.502696,7.04964728
1348,7.34774,7.66794041
1349,7.040777,7.92517747
1350,6.637315,8.01376898
1351,6.203,8.10639511
1352,5.796706,8.20336439
1353,5.467819,8.30439661
1354,5.257803,8.4087177
1355,5.187886,8.51513895
1356,5.237151,8.62225937
1357,5.345338,8.68192087
1358,5.456532,8.78236936
1359,5.57344,8.89595975
1360,5.775949,9.00578614
1361,6.170079,9.09895927
1362,6.788219,9.16399698
1363,7.538521,9.18950368
1364,8.252831,9.15941935
1365,8.768542,9.12219192
1366,8.986718,9.07980738
1367,8.901691,9.03524108
1368,8.60644,8.99152505
1369,8.258883,8.96809893
1370,7.980046,8.97966413
1371,7.701556,9.01167948
1372,7.062996,9.05259785
1373,5.300864,9.09536942
1374,5.300864,9.14146011
1375,5.300864,9.16386845
1376,5.300864,9.14892267
1377,5.300864,9.13397689
1378,5.300864,9.11903111
1379,5.300864,9.10408533
1380,6.787962,9.08913955
1381,12.065113,9.05932279
1382,14.597389,8.95350357
1383,15.13055,8.86485348
1384,13.962531,8.79015956
1385,11.472509,8.73674331
1386,8.165829,8.71034321
1387,4.717097,8.71361206
1388,2.642004,8.74499605
1389,3.991254,8.79074241
1390,6.019458,8.81915173
1391,7.372686,8.82694053
1392,7.833297,8.82343346
1393,7.400797,8.81852835
1394,6.136455,8.82111129
1395,4.045455,8.83928355
1396,4.045455,8.88130689
1397,4.045455,8.92623215
1398,4.045455,8.97338418
1399,3.344467,9.0209663
1400,6.231016,9.07300626
1401,8.364297,9.1017132323
1402,9.832164,9.1092378878
1403,10.578094,9.1017850412
1404,10.563884,9.0864068229
1405,9.798211,9.0708544316
1406,8.339709,9.0631165957
1407,6.282285,9.070895172
1408,3.67627,9.1012061522
1409,3.67627,9.1608208352
1410,3.67627,9.2217602889
1411,3.67627,9.2840691685
1412,2.403123,9.3477941591
1413,3.301568,9.4276179655
1414,3.140954,9.4988511047
1415,1.949529,9.5736498941
1416,1.949529,9.6644132381
1417,1.949529,9.7573636506
1418,2.727297,9.8525811463
1419,5.210728,9.9405476173
1420,7.215214,9.9996703625
1421,8.662032,10.0349166456
1422,9.443625,10.0525177308
1423,9.503447,10.0604254286
1424,8.839985,10.0677540921
1425,7.492018,10.0841243467
1426,5.50958,10.1191528108
1427,2.844579,10.1822976438
1428,2.844579,10.2842104028
1429,0.494923,10.3889939437
1430,4.581053,10.5303378143
1431,7.339017,10.6165593333
1432,9.365894,10.6647584853
1433,10.369799,10.6841445224
1434,10.016902,10.6889073333
1435,7.905727,10.6992458769
1436,2.109621,10.7428946094
1437,2.109621,10.8799306984
1438,2.109621,11.0213873065
1439,2.109621,11.1674818361
1440,7.030175,11.3184461833
1441,13.566661,11.3911287458
1442,17.913391,11.353619569
1443,19.95156,11.2385358596
1444,18.178382,11.0829461429
1445,18.178382,10.9539382182
1446,18.178382,10.8201522222
1447,69.332009,10.6813176981
1448,33.071446,9.5534197885
1449,15.899928,9.0922820196
1450,15.899928,8.9561291
1451,15.899928,8.8144189184
1452,15.899928,8.6668041458
1453,15.899928,8.5129078936
1454,15.899928,8.3523205
1455,15.899928,8.1845958889
1456,11.203301,8.0092474318
1457,15.390187,7.9349671163
1458,16.815571,7.757461881
1459,16.556079,7.5365323902
1460,15.093262,7.311043725
1461,12.67385,7.1114996667
1462,9.338889,6.9651220263
1463,4.530088,6.9009661622
1464,4.530088,6.9668238889
1465,4.530088,7.0364449143
1466,4.530088,7.1101612941
1467,4.530088,7.1883453333
1468,6.263828,7.271415875
1469,9.415403,7.3039187097
1470,11.181581,7.2335359
1471,11.793393,7.0973964138
1472,11.340153,6.92968225
1473,9.909933,6.7663314815
1474,7.541698,6.6454237308
1475,3.806286,6.60957276
1476,3.806286,6.726376375
1477,3.806286,6.8533368261
1478,3.806286,6.9918391364
1479,3.806286,7.1435321429
1480,3.806286,7.31039445
1481,1.483191,7.4948212105
1482,5.73238,7.8288006667
1483,7.661158,7.9521195294
1484,8.620906,7.970304625
1485,8.832499,7.9269312
1486,8.492714,7.8622477857
1487,7.855496,7.8137503846
1488,7.21664,7.8102715833
1489,6.832186,7.8642380909
1490,6.798338,7.9674433
1491,7.021979,8.0973438889
1492,7.342786,8.2317645
1493,7.659091,8.3587614286
1494,7.953681,8.4753731667
1495,8.247789,8.5797116
1496,8.537981,8.66269225
1497,8.760658,8.7042626667
1498,8.803667,8.676065
1499,8.548463,8.548463
