0,0,0
1,0,0
2,0,0
3,0,0
4,0,0
5,0,0
6,0,0
7,0,0
8,0,0
9,0,0
10,0,0
11,0,0
12,0,0
13,0,0
14,0,0
15,0,0
16,0,0
17,0,0
18,0,0
19,0,0
20,0,0
21,0,0
22,0,0
23,0,0
24,0,0
25,0,0
26,0,0
27,0,0
28,0,0
29,0,0
30,0,0
31,0,0
32,0,0
33,0,0
34,0,0
35,0,0
36,0,0
37,0,0
38,0,0
39,0,0
40,0,0
41,0,0
42,0,0
43,0,0
44,0,0
45,0,0
46,0,0
47,0,0
48,0,0
49,0,0
50,0,0
51,0,0
52,0,0
53,0,0
54,0,0
55,0,0
56,0,0
57,0,0
58,0,0
59,0,0
60,0,0
61,0,0
62,0,0
63,0,0
64,0,0
65,0,0
66,0,0
67,0,0
68,0,0
69,0,0
70,0,0
71,0,0
72,0,0
73,0,0
74,0,0
75,0,0
76,0,0
77,0,0
78,0,0
79,0,0
80,10.841446,8.6179672375
81,12.46878,8.5993231625
82,11.292956,8.547711975
83,7.170639,8.4772983125
84,7.170639,8.4584136125
85,7.170639,8.4395289125
86,7.170639,8.4206442125
87,7.170639,8.4017595125
88,7.170639,8.3205702625
89,9.010999,8.316337075
90,12.083814,8.3139086375
91,13.018284,8.2806991125
92,12.20272,8.2326447625
93,9.758788,8.1837813625
94,5.150121,8.1462574625
95,5.150121,8.136102025
96,5.150121,8.1259465875
97,5.150121,8.11579115
98,5.150121,8.0904908125
99,5.150121,8.1093460625
100,5.150121,8.1577713625
101,5.150121,8.2218518
102,5.150121,8.287530275
103,10.780135,8.3419901
104,16.658409,8.3044436875
105,20.342732,8.1646479125
106,21.266282,7.9467412125
107,18.941861,7.7172901375
108,12.915548,7.484488625
109,12.915548,7.3351066625
110,12.915548,7.1857247
111,12.915548,7.0363427375
112,12.915548,6.886960775
113,12.915548,6.7375788125
114,6.479362,6.58819685
115,8.103673,6.5276529625
116,7.791937,6.526143475
117,6.991373,6.5709668
118,6.270554,6.6517515
119,5.122903,6.752281325
120,1.067804,6.8639271625
121,1.067804,7.01121405
122,1.067804,7.134388475
123,1.067804,7.2275015
124,1.067804,7.288547225
125,6.848786,7.32300325
126,11.22852,7.280337525
127,13.664534,7.2001143
128,14.523502,7.10899535
129,14.013754,7.0204175875
130,12.390493,6.942936025
131,9.894214,6.8824984875
132,6.593288,6.84452575
133,6.593288,6.837102075
134,6.593288,6.82046315
135,6.593288,6.7986169625
136,6.593288,6.776901825
137,6.593288,6.7607652125
138,6.593288,6.754081925
139,3.816359,6.7577567625
140,6.610909,6.804373625
141,8.666762,6.8203218125
142,10.203067,6.81073825
143,11.139224,6.7792279625
144,11.331996,6.7318995
145,10.643363,6.6775343875
146,8.954227,6.6271302375
147,6.029458,6.5943999
148,6.029458,6.5981963
149,6.029458,6.606469775
150,6.029458,6.6216347875
151,6.029458,6.6420301
152,6.029458,6.662645875
153,5.602642,6.6774783125
154,8.223718,6.687728125
155,9.444123,6.655475575
156,9.733956,6.602891
157,9.578239,6.5467326
158,9.456183,6.4936295375
159,9.504805,6.4401374
160,9.34992,6.3797494125
161,8.339885,6.3122365
162,5.659863,6.250188175
163,5.659863,6.2231983375
164,5.659863,6.2083391
165,5.659863,6.2114906875
166,5.659863,6.2339801875
167,0.675499,6.2739113625
168,6.831984,6.3891419
169,8.816724,6.4340059875
170,9.427052,6.4530553
171,9.173936,6.4555477
172,8.293648,6.4448006625
173,6.756876,6.4222186875
174,4.337686,6.3912030625
175,4.337686,6.36166105
176,4.337686,6.328805475
177,3.126094,6.3237358375
178,6.658541,6.3605496125
179,9.024145,6.373246875
180,10.276556,6.3674868
181,10.404399,6.3480050125
182,9.506907,6.3215478
183,7.776422,6.2973509375
184,5.474747,6.2867318625
185,2.910196,6.3008262375
186,2.910196,6.34682305
187,0.31774,6.3943396125
188,0.964991,6.4756764125
189,0.964991,6.5499744625
190,0.964991,6.6256151875
191,0.964991,6.703346975
192,0.964991,6.7835802375
193,0.964991,6.8658594375
194,1.635851,6.94897635
195,7.982914,7.0230235375
196,11.377803,7.0154579375
197,13.454149,6.961380425
198,14.31294,6.8751039625
199,14.05457,6.769838225
200,12.850755,6.659404475
201,10.921758,6.5597061875
202,8.516846,6.48782255
203,5.951462,6.4563281
204,3.824286,6.4686946
205,3.435528,6.516627
206,4.810662,6.5735110125
207,6.375018,6.6122575625
208,7.437281,6.6266368125
209,7.815229,6.6209579875
210,7.55549,6.6038893375
211,6.856395,6.5853985
212,5.999394,6.5743647
213,5.262174,6.576681325
214,4.845593,6.5941499375
215,4.856077,6.6244719625
216,5.302359,6.6620348
217,6.058625,6.6992334375
218,6.887275,6.7284516
219,7.545708,6.7437369
220,7.886764,6.74108415
221,7.900077,6.717531025
222,7.682244,6.6698895
223,7.352947,6.5925562125
224,6.982787,6.5193391375
225,6.611031,6.4708819125
226,6.3358,6.457811775
227,6.33317,6.4703533875
228,6.691336,6.494212975
229,7.242659,6.5130766
230,7.661083,6.5141821
231,7.67872,6.4932464375
232,7.216053,6.45758585
233,6.422627,6.4259005
234,5.643514,6.415480875
235,5.237357,6.429662575
236,5.241284,6.460510125
237,5.329994,6.4971046125
238,5.176812,6.53243735
239,4.673766,6.564697075
240,3.948887,6.5952863
241,3.376019,6.6265341125
242,3.500676,6.6593286375
243,4.471124,6.690694075
244,5.91199,6.7160044625
245,7.459023,6.7321131875
246,8.854357,6.7362521875
247,9.893942,6.725919125
248,10.421111,6.7002110625
249,10.340669,6.661278875
250,9.626444,6.6151339
251,8.314173,6.5713024375
252,6.48709,6.541024175
253,4.275626,6.534600025
254,1.974325,6.55934095
255,1.70924,6.61730645
256,3.932115,6.6827595
257,6.071196,6.7236069125
258,7.674322,6.739920675
259,8.563339,6.7381418875
260,8.718013,6.7276991625
261,8.287822,6.7181844
262,7.571158,6.716242425
263,6.926896,6.7235751125
264,6.602297,6.7370084375
265,6.589941,6.75092775
266,6.711521,6.760881425
267,6.824684,6.7652757
268,6.908835,6.764247925
269,7.016249,6.7580889625
270,7.183534,6.74700945
271,7.383652,6.732006475
272,7.547327,6.7154675375
273,7.614344,6.70062335
274,7.559626,6.6904197125
275,7.377666,6.686735975
276,7.051602,6.6901456625
277,6.552032,6.6999682875
278,5.891681,6.7142294625
279,5.21987,6.7290890375
280,4.874892,6.7373890875
281,5.171067,6.726382925
282,5.99729,6.711674575
283,6.940782,6.6866384375
284,7.658878,6.64980865
285,7.986249,6.591174325
286,7.910386,6.554773275
287,7.525358,6.536039525
288,6.982975,6.532585675
289,6.449737,6.5430869
290,6.076223,6.5661844375
291,5.973691,6.598249275
292,6.184724,6.6317245125
293,6.659663,6.6557749125
294,7.271355,6.659250375
295,7.861104,6.6352378375
296,8.27825,6.5881515
297,8.396078,6.539414725
298,8.110099,6.5084689125
299,7.333488,6.5007898375
300,6.002514,6.515161875
301,4.088755,6.5488810375
302,1.495581,6.6006998375
303,1.495581,6.673906275
304,3.106209,6.7350385125
305,5.56542,6.7661852375
306,7.339129,6.7601699375
307,8.241937,6.7287614
308,8.200426,6.6858621
309,7.331099,6.646118925
310,5.98623,6.6215854625
311,4.825873,6.618276725
312,4.681225,6.633419625
313,5.589057,6.655214575
314,6.77805,6.6735096375
315,7.705161,6.68810635
316,8.168843,6.7029826125
317,8.156613,6.7204322875
318,7.75759,6.738913925
319,7.120904,6.7530158875
320,6.448712,6.754112075
321,5.999581,6.729653125
322,6.009911,6.7108083125
323,6.495955,6.691834375
324,7.200688,6.6667848875
325,7.790143,6.618288475
326,8.027712,6.597853525
327,7.837297,6.596793375
328,7.306536,6.6112759125
329,6.649071,6.6377378875
330,6.119927,6.671073525
331,5.891912,6.7041089
332,5.973158,6.7288311
333,6.2549,6.7390892
334,6.611565,6.7333409875
335,6.945484,6.716257075
336,7.199908,6.697055675
337,7.376297,6.6837633
338,7.532019,6.679480175
339,7.727921,6.6825994
340,7.956832,6.6882153625
341,8.132464,6.6898791875
342,8.157773,6.68149355
343,8.001562,6.6591919875
344,7.715842,6.6240264
345,7.386235,6.58611205
346,7.063063,6.561520975
347,6.742462,6.55833305
348,6.416118,6.57394295
349,6.129888,6.5979903625
350,5.983296,6.610480975
351,6.060537,6.6248039875
352,6.359792,6.6381614875
353,6.798053,6.6477783
354,7.264927,6.65191685
355,7.650441,6.650219475
356,7.837412,6.643703175
357,7.692926,6.665513925
358,7.080447,6.7832705125
359,5.883874,6.9466602625
360,3.994399,7.11883215
361,3.994399,7.269448875
362,3.994399,7.3392406875
363,3.994399,7.4090325
364,2.968132,7.4788243125
365,5.074165,7.5614444625
366,6.411686,7.6177392
367,7.24905,7.629296175
368,7.823073,7.6590822875
369,8.29754,7.687376075
370,8.64141,7.698764175
371,8.65171,7.6816646375
372,8.108756,7.62699515
373,6.9377,7.5791125875
374,5.350352,7.545868225
375,4.094197,7.5324657125
376,4.379308,7.5347651375
377,5.920413,7.5317271875
378,7.495773,7.5426585
379,8.483251,7.5494874625
380,8.700047,7.5415666
381,8.234259,7.5073167375
382,7.352096,7.478889225
383,6.38616,7.46148875
384,5.597947,7.456162475
385,5.084196,7.4606888625
386,4.826446,7.4770812125
387,4.809993,7.5399966
388,5.020972,7.627569175
389,5.368422,7.71958535
390,5.721531,7.7974347
391,6.037305,7.84606845
392,6.424821,7.8550661125
393,7.052662,7.819684025
394,7.945787,7.7574596375
395,8.895262,7.7132412625
396,9.564817,7.692075925
397,9.635144,7.6937434875
398,8.885747,7.720033075
399,7.208599,7.7727107375
400,4.491996,7.8506826
401,4.491996,7.949409225
402,4.491996,8.0118795625
403,4.491996,7.990662775
404,3.320975,7.9694459875
405,6.155347,7.9628669625
406,7.9429,7.9208582875
407,8.9959,7.8565052
408,9.423494,7.7621023875
409,9.315922,7.7217666125
410,8.762757,7.6957611125
411,7.869688,7.6750201375
412,6.793806,7.6621544
413,5.795043,7.66847405
414,5.244852,7.7027951125
415,5.409372,7.761239275
416,6.136518,7.8280371
417,7.033647,7.88278415
418,7.781557,7.9033899
419,8.177198,7.845558475
420,8.089938,7.7827815375
421,7.461613,7.72109535
422,6.373648,7.667263225
423,5.188315,7.6270306625
424,4.682694,7.6016147625
425,5.418949,7.582519125
426,6.808029,8.0742991
427,7.991254,8.338664825
428,8.339911,8.5722730375
429,7.129137,8.78448475
430,7.129137,8.969342525
431,7.129137,9.073427525
432,7.129137,9.177512525
433,7.129137,9.281597525
434,7.129137,9.385682525
435,7.129137,9.489767525
436,9.582272,9.593852525
437,17.113453,9.6672733375
438,20.151627,9.5958785
439,19.657625,9.607923725
440,16.043737,9.676014125
441,9.577744,9.790314025
442,9.577744,9.9454062875
443,9.577744,10.02645185
444,9.577744,9.9981168375
445,9.577744,9.969781825
446,7.336244,9.9414468125
447,9.631939,9.94113055
448,10.086576,9.9121181
449,9.208588,9.8774226875
450,7.273447,9.853702125
451,4.278151,9.854170825
452,4.278151,9.892080725
453,4.278151,9.929990625
454,4.278151,9.967900525
455,4.278151,10.0172027
456,4.136272,10.1211404625
457,6.794918,10.254574075
458,8.04209,10.36176495
459,7.849582,10.440010975
460,5.960058,10.4856692125
461,5.960058,10.4917423125
462,5.960058,10.4978154125
463,5.960058,10.5038885125
464,5.960058,10.5099616125
465,6.395584,10.5160347125
466,9.859677,10.5196810875
467,11.815799,10.50743945
468,12.382266,10.4651611875
469,11.59637,10.377476075
470,9.612231,10.2996146625
471,6.757118,10.2465549875
472,3.594254,10.229184225
473,2.074711,10.2513492625
474,4.408317,10.2925085875
475,7.202035,10.29296295
476,9.698222,10.275191825
477,11.738311,10.23763225
478,13.09996,10.1896128875
479,13.446348,10.1420869125
480,12.390126,10.104220325
481,9.489623,10.0852539
482,2.794653,10.0987143375
483,2.794653,10.184551175
484,2.794653,10.255165375
485,2.794653,10.3090170375
486,2.794653,10.3433593375
487,1.443675,10.3488132375
488,6.196632,10.3711543625
489,7.235482,10.334083525
490,7.103479,10.2840270625
491,6.840429,10.201370725
492,7.299378,10.1857077625
493,8.540728,10.1935242125
494,9.920385,10.20079715
495,10.753198,10.1931086375
496,10.516282,10.16748325
497,8.682107,10.1327592625
498,3.155043,10.111379825
499,3.155043,10.15702185
500,3.155043,10.20639135
501,3.155043,10.2591022375
502,3.155043,10.3100755375
503,3.155043,10.3533269875
504,3.155043,10.3860159375
505,44.761347,10.4123559625
506,27.957287,9.9232441875
507,26.679911,9.6578546875
508,25.316848,9.423428825
509,21.917759,9.2161215875
510,15.455937,9.0531207
511,15.455937,8.9636708
512,15.455937,8.859337375
513,15.455937,8.7353469125
514,15.455937,8.5907003875
515,15.455937,8.4299683375
516,15.455937,8.267859175
517,11.401866,8.119478275
518,21.115245,8.03984125
519,25.104857,7.85577075
520,25.187729,7.635479525
521,21.985125,7.42396
522,16.061389,7.2592851875
523,7.310943,7.173602475
524,7.310943,7.2002783875
525,7.310943,7.226008875
526,7.310943,7.2439337125
527,7.310943,7.2446385875
528,7.310943,7.2166388125
529,7.310943,7.1886390375
530,7.310943,7.1606392625
531,7.310943,7.1326394875
532,7.310943,7.1046397125
533,7.310943,7.0552501375
534,8.222325,7.0312080875
535,12.593172,7.0082561
536,14.810961,6.9334002375
537,15.370188,6.826169725
538,14.301772,6.7046396625
539,11.502241,6.594018275
540,6.445906,6.5255848
541,6.445906,6.5330556125
542,6.445906,6.551195125
543,6.445906,6.573120225
544,6.445906,6.590891325
545,6.687294,6.598989325
546,8.880346,6.5939850875
547,8.433538,6.55674585
548,5.367457,6.5277431125
549,5.367457,6.5446159875
550,5.367457,6.570361225
551,5.367457,6.604006375
552,5.367457,6.64297375
553,5.367457,6.683130175
554,4.444666,6.7192515
555,5.780345,6.758105875
556,6.693456,6.7697245375
557,7.896762,6.763099275
558,9.297882,6.7425152625
559,10.417021,6.71129095
560,10.872812,6.6725365875
561,10.566458,6.6292669
562,9.6616,6.584028025
563,8.443789,6.5387694
564,7.102786,6.4964495125
565,5.542037,6.4647346375
566,3.230965,6.4567030375
567,3.230965,6.487925725
568,3.230965,6.5295234
569,3.230965,6.5784968
570,0.490972,6.631729425
571,5.587392,6.7217422375
572,7.924694,6.7501871125
573,9.122563,6.7512399625
574,9.305304,6.7376489
575,8.703167,6.7192342875
576,7.738363,6.7025009125
577,6.971752,6.6897578
578,6.806405,6.6789383
579,7.104603,6.666357425
580,7.371914,6.6520011
581,7.232907,6.640414325
582,6.615159,6.636868525
583,5.770159,6.6438394375
584,5.262245,6.658543275
585,5.632405,6.6710131875
586,6.726127,6.66664785
587,7.925842,6.63778695
588,8.732269,6.591972475
589,8.877688,6.5457630625
590,8.299945,6.513129475
591,7.109263,6.5021208375
592,5.5367,6.5150952625
593,3.884215,6.5492141125
594,2.597373,6.5976189875
595,2.487204,6.6502295
596,3.585465,6.692325925
597,5.030904,6.7161626625
598,6.389605,6.7273331375
599,7.481559,6.731202175
600,8.266167,6.7289001125
601,8.81114,6.7192286
602,9.206772,6.7005266625
603,9.445016,6.6720218375
604,9.369382,6.6349590625
605,8.74493,6.5934025375
606,7.367333,6.5548605375
607,5.070961,6.530980825
608,5.070961,6.5378147375
609,5.070961,6.5515265
610,5.070961,6.5741560625
611,5.070961,6.604163075
612,3.359777,6.6378376875
613,5.387579,6.6925580125
614,6.386166,6.718565675
615,6.604703,6.7270399375
616,6.23252,6.727067775
617,5.647783,6.7262356
618,5.452061,6.728794575
619,6.027563,6.733369
620,7.043571,6.7346473875
621,7.897067,6.7299213875
622,8.199914,6.7210879375
623,7.867594,6.71230525
624,7.093746,6.707356375
625,6.286955,6.7074913625
626,5.901207,6.710282925
627,6.113319,6.7111462
628,6.717287,6.7085046125
629,7.427076,6.7062016375
630,8.059069,6.7083752625
631,8.484847,6.71525225
632,8.579971,6.7234661375
633,8.257163,6.7281657
634,7.553016,6.7249044625
635,6.709838,6.7106772375
636,6.163435,6.685045175
637,6.250041,6.654871
638,6.799937,6.634162375
639,7.316672,6.6273486875
640,7.411237,6.6329039625
641,6.947348,6.6496633875
642,6.04091,6.6773338625
643,5.058198,6.715261075
644,4.565596,6.7601398
645,4.899509,6.803343525
646,5.72878,6.8330042625
647,6.558779,6.8418172625
648,7.148837,6.8296405125
649,7.489575,6.8019153
650,7.691997,6.76749115
651,7.862982,6.7340908375
652,8.008922,6.7042628125
653,8.035278,6.67652815
654,7.832135,6.6493559875
655,7.364497,6.6244814125
656,6.718914,6.6078138625
657,6.106192,6.606430725
658,5.799935,6.6230431625
659,5.956097,6.6528621375
660,6.444972,6.685461225
661,6.949243,6.709983125
662,7.172832,6.7193845125
663,6.946466,6.712027375
664,6.259838,6.6918504875
665,5.283178,6.6679566375
666,4.417255,6.652327075
667,4.260684,6.65247215
668,5.035516,6.66470655
669,6.267001,6.6796993
670,7.419254,6.6925356875
671,8.147217,6.7032577625
672,8.266208,6.713775425
673,7.756605,6.7257209875
674,6.806214,6.73910805
675,5.854918,6.7512131125
676,5.492404,6.7555283
677,5.924542,6.74300405
678,6.699128,6.7123319625
679,7.297394,6.6775982375
680,7.492446,6.6502270375
681,7.314985,6.6335210875
682,6.926386,6.627097125
683,6.479994,6.6293833
684,6.04486,6.6395111375
685,5.66157,6.6581083
686,5.456956,6.6857537875
687,5.617674,6.7199539
688,6.167902,6.753720725
689,6.881326,6.7781333
690,7.471522,6.786660925
691,7.76493,6.7775530625
692,7.737403,6.754466775
693,7.468192,6.7261319125
694,7.064107,6.7030848
695,6.60693,6.691707925
696,6.165946,6.6918238625
697,5.852501,6.6984104375
698,5.818015,6.7038613
699,6.129834,6.7004481375
700,6.665491,6.6847550625
701,7.190391,6.662374475
702,7.497299,6.6444802
703,7.471684,6.639458575
704,7.104545,6.65081655
705,6.51028,6.6781343375
706,5.970269,6.717583325
707,5.901992,6.7616162375
708,6.533049,6.798846325
709,7.600966,6.817576625
710,8.609228,6.8122761125
711,9.141958,6.785783825
712,8.955936,6.7468257875
713,7.996264,6.7066917375
714,6.414838,6.6768111625
715,4.659273,6.6667506
716,3.749501,6.680751825
717,4.593351,6.7100493375
718,6.254842,6.7334996625
719,7.761094,6.7403995625
720,8.751991,6.7315049125
721,9.160986,6.71230265
722,9.075087,6.6898120625
723,8.648496,6.6699859125
724,8.021894,6.655425125
725,7.272368,6.644736275
726,6.43382,6.6342035125
727,5.584639,6.6211194125
728,4.93082,6.6079416375
729,4.735643,6.6037644125
730,5.019972,6.6143334875
731,5.47674,6.63542895
732,5.790149,6.6591408875
733,5.861505,6.6782113625
734,5.842169,6.686781075
735,6.031093,6.6808857625
736,6.608263,6.661601425
737,7.435187,6.6385800375
738,8.185453,6.6211810875
739,8.564024,6.6122469
740,8.406724,6.61172095
741,7.701354,6.6191503875
742,6.584261,6.6343248875
743,5.332315,6.6568553625
744,4.34833,6.684793525
745,4.032813,6.7124996125
746,4.428861,6.7297782375
747,5.239436,6.7261617375
748,6.234936,6.6971405625
749,7.293912,6.6499126625
750,8.27702,6.6010269
751,8.98863,6.55911305
752,9.221853,6.5273063125
753,8.82757,6.5080103625
754,7.774619,6.5036889625
755,6.200133,6.5158741375
756,4.490464,6.5434244625
757,3.470775,6.580294625
758,3.92043,6.6119295125
759,5.107698,6.619337875
760,6.15597,6.603394325
761,6.801068,6.5826294
762,7.10928,6.5690649
763,7.290221,6.56450975
764,7.532633,6.5652362125
765,7.873209,6.5661170125
766,8.192965,6.5644430375
767,8.31902,6.5615551125
768,8.120908,6.561077
769,7.563536,6.5658379125
770,6.742893,6.5760238875
771,5.918027,6.5887322125
772,5.470614,6.5979635
773,5.624423,6.5952924875
774,6.153957,6.5744423375
775,6.616205,6.540321125
776,6.692872,6.508438175
777,6.28857,6.4918667875
778,5.544962,6.4980406625
779,4.874388,6.5288960375
780,4.875044,6.5786545875
781,5.758849,6.632286
782,7.095569,6.6716254125
783,8.380322,6.6851699125
784,9.289968,6.6707351875
785,9.666199,6.633995525
786,9.492902,6.58530105
787,8.880399,6.5349863
788,8.031473,6.48966375
789,7.176925,6.4516171
790,6.489845,6.4207098
791,6.025315,6.3975658
792,5.745212,6.3856627625
793,5.605818,6.389373175
794,5.609993,6.41028
795,5.779371,6.4454571125
796,6.093302,6.4877301875
797,6.469377,6.5272973375
798,6.806834,6.5539766625
799,7.049522,6.5591328125
800,7.21581,6.536732275
801,7.361739,6.4836615375
802,7.488995,6.4020486375
803,7.483633,6.332057425
804,7.166786,6.2855579625
805,6.429747,6.261931225
806,5.387092,6.261066325
807,4.530417,6.2815514625
808,4.596642,6.31676785
809,5.581169,6.35275655
810,6.707609,6.37801445
811,7.373695,6.3924266125
812,7.315787,6.4032478875
813,6.547082,6.4193265625
814,5.370544,6.4473051125
815,4.488346,6.48832025
816,4.766552,6.533122225
817,6.043271,6.559541725
818,7.470718,6.5434752
819,8.521948,6.5095655875
820,9.001079,6.4625156
821,8.915314,6.409476475
822,8.386699,6.3575094125
823,7.567368,6.3121500375
824,6.564817,6.2772744625
825,5.415103,6.281387125
826,4.139541,6.3114810625
827,2.917742,6.358332375
828,2.456704,6.4140673
829,3.383051,6.4666411125
830,4.923912,6.5016562
831,6.444091,6.5183681125
832,7.678177,6.5232968375
833,8.481858,6.52207935
834,8.749433,6.518233275
835,8.404159,6.514729925
836,7.440077,6.515837725
837,6.001566,6.5278128125
838,4.513099,6.5570568875
839,3.832214,6.60470715
840,4.494776,6.658656375
841,5.715908,6.6961477
842,6.744868,6.6998119625
843,7.348338,6.6517430125
844,7.603097,6.5961306875
845,7.739291,6.537333875
846,7.961931,6.4768346375
847,8.280771,6.4135524
848,8.501781,6.3462846625
849,8.378414,6.30554505
850,7.759559,6.2925516125
851,6.65653,6.30065355
852,5.256933,6.3291422
853,3.956411,6.3797666875
854,3.42426,6.4521134875
855,4.065569,6.5372419
856,5.367161,6.6192895375
857,6.78248,6.6872108
858,8.013392,6.7361977875
859,8.855072,6.765151725
860,9.165557,6.7756013625
861,8.906002,6.7711969375
862,8.179129,6.7572685125
863,7.225544,6.7396564
864,6.350795,6.7213062625
865,5.770641,6.6954434
866,5.467722,6.6768324625
867,5.254595,6.6620080125
868,4.987741,6.64984765
869,4.704341,6.6410229625
870,4.638325,6.635740775
871,5.073072,6.6276089875
872,6.042045,6.6773264125
873,7.278364,6.7311650875
874,8.424162,6.74534765
875,9.161217,6.7452077375
876,9.258674,6.7358546375
877,8.603723,6.725283325
878,7.219326,6.684910325
879,5.257479,6.741975025
880,2.970151,6.8551956
881,0.832707,6.98709595
882,1.889698,7.09714865
883,3.763676,7.12567615
884,5.276647,7.172079175
885,6.360555,7.3070935625
886,7.025903,7.52656205
887,7.347728,7.7967536
888,7.475738,8.0362714125
889,7.601801,8.2741891
890,7.860582,8.510531
891,8.239397,8.7436381375
892,8.602081,9.8848410625
893,8.785366,10.6060750375
894,8.651755,11.0349745625
895,8.072504,11.1099796
896,6.880112,11.192225275
897,4.757949,11.28937585
898,4.757949,11.4130534625
899,4.757949,11.536731075
900,4.757949,11.6604086875
901,4.757949,11.7840863
902,4.757949,11.9160218375
903,4.777322,12.0922299125
904,6.89383,12.2699317375
905,7.822618,12.3996591625
906,7.887646,12.483050225
907,7.376536,12.5230620875
908,6.662609,12.5178805125
909,6.184258,12.521623025
910,6.260865,12.531344925
911,6.838389,12.5401092375
912,7.580778,12.5416545
913,8.174172,12.5339199
914,8.469165,12.518767875
915,8.492783,12.4999284375
916,8.398084,12.49495115
917,8.341092,12.5157028625
918,8.32512,12.5285104375
919,8.148152,12.5060783125
920,7.494082,12.4858582875
921,6.009049,12.4738141375
922,2.899352,12.4198956125
923,2.899352,12.472868475
924,2.899352,12.5653037375
925,2.899352,12.68077025
926,2.899352,12.8029374
927,2.899352,12.91497595
928,5.242612,12.9988537625
929,7.338939,13.0007272375
930,8.407714,12.976396625
931,8.935622,12.938706325
932,9.306892,12.894417175
933,9.744155,12.84548715
934,10.234533,12.7910913375
935,10.62938,12.7183702375
936,10.800862,12.685634475
937,10.701439,12.6774003625
938,10.329707,12.6842032625
939,9.691043,12.6954941
940,8.813203,12.699394225
941,7.791728,12.6837609125
942,6.77016,12.63404405
943,5.757533,12.5970967875
944,4.281766,12.5728073625
945,4.281766,12.53589135
946,4.281766,12.5477797875
947,4.281766,12.5837701125
948,4.281766,12.6329083875
949,4.281766,12.688647775
950,3.987782,12.7494240375
951,9.050466,12.8216389625
952,10.349139,12.8419511625
953,8.412969,12.858189475
954,8.412969,12.907694125
955,8.412969,12.960535925
956,8.412969,13.009395225
957,5.373883,13.0441008125
958,11.784502,13.084882325
959,14.315125,13.0455311
960,13.522179,12.9745470875
961,9.636923,12.9134749
962,4.171898,12.9009684125
963,7.475918,12.9567747375
964,16.077798,12.9712808125
965,23.918034,12.855962975
966,28.641227,12.677220425
967,26.509153,12.4455627125
968,26.509153,12.23207935
969,26.509153,12.0042771875
970,26.509153,11.761610925
971,99.535631,11.5055198875
972,66.300799,10.3256774125
973,43.097328,9.5557084875
974,14.652158,9.0785072875
975,14.652158,8.9656167
976,14.652158,8.861563775
977,14.652158,8.7618491125
978,14.652158,8.6606433625
979,14.652158,8.55464525
980,14.652158,8.446512275
981,15.312792,8.3439688625
982,18.854595,8.2447382125
983,18.993468,8.1125518875
984,17.272024,7.9845159625
985,14.493903,7.875994625
986,11.088595,7.7920509125
987,6.96201,7.7332982
988,6.96201,7.7025883
989,6.96201,7.6418614125
990,6.96201,7.581134525
991,6.96201,7.51751155
992,6.96201,7.487933125
993,6.96201,7.486016125
994,6.96201,7.5048797
995,8.0946,7.53607085
996,10.058221,7.556107
997,9.365698,7.5453290875
998,6.53055,7.528762875
999,6.53055,7.527500425
1000,6.53055,7.505265325
1001,1.695567,7.470308875
1002,7.137181,7.4995108875
1003,10.294173,7.4737766875
1004,12.136673,7.4212400875
1005,12.672724,7.3545565375
1006,11.862436,7.2863392375
1007,9.609577,7.2305715125
1008,5.39249,7.2027723875
1009,5.39249,7.2247025375
1010,5.39249,7.2407997
1011,5.39249,7.2492676
1012,5.39249,7.2507992375
1013,5.39249,7.249252275
1014,4.416845,7.2500638125
1015,8.010519,7.2692842125
1016,10.142133,7.2505349625
1017,11.245671,7.2104110625
1018,11.232974,7.159083425
1019,10.003053,7.108060175
1020,7.562538,7.0710726
1021,3.814379,7.0628608625
1022,3.814379,7.1002073875
1023,3.814379,7.1372734
1024,1.328485,7.1755561625
1025,5.232841,7.2478053125
1026,7.160992,7.275120525
1027,8.212828,7.281414125
1028,8.740917,7.2746341375
1029,9.143867,7.2567299
1030,9.764976,7.2247608625
1031,10.675442,7.1741664625
1032,11.648204,7.1048939125
1033,12.373341,7.0244928125
1034,12.640313,6.942546175
1035,12.321713,6.86511695
1036,11.189416,6.79560035
1037,8.636404,6.7396146375
1038,8.636404,6.7129087375
1039,8.636404,6.6857220875
1040,8.636404,6.66286675
1041,8.636404,6.6479732125
1042,8.636404,6.6411739875
1043,8.636404,6.6394791
1044,6.852371,6.638155225
1045,9.61863,6.65420475
1046,10.10861,6.6255722625
1047,9.430484,6.5760516
1048,8.28498,6.516847175
1049,7.095852,6.4544665625
1050,6.02187,6.402203225
1051,5.148233,6.378462725
1052,4.703285,6.3870269875
1053,4.921232,6.4189860125
1054,5.620911,6.4579102375
1055,6.327924,6.487993675
1056,6.674985,6.5007574
1057,6.555698,6.497364375
1058,6.172309,6.48872255
1059,6.00152,6.4891988625
1060,6.448685,6.503147075
1061,7.37434,6.5214225875
1062,8.279689,6.531208125
1063,8.750594,6.5246701875
1064,8.590317,6.501776925
1065,7.778406,6.4710020375
1066,6.388378,6.4477436625
1067,4.505218,6.4472294875
1068,2.103859,6.4778479625
1069,2.103859,6.54300145
1070,1.872172,6.6080740625
1071,4.595736,6.6731168125
1072,6.80865,6.7016135875
1073,8.471096,6.70262545
1074,9.457302,6.6851279625
1075,9.697492,6.6569677625
1076,9.195988,6.6240268375
1077,8.040401,6.5903886
1078,6.429554,6.559006375
1079,4.751742,6.533126025
1080,3.734034,6.51923075
1081,4.031728,6.52460315
1082,5.078445,6.5437049875
1083,6.091245,6.5676666625
1084,6.801989,6.5918258
1085,7.21534,6.613009
1086,7.401018,6.628560225
1087,7.385647,6.6370249
1088,7.146902,6.6391495875
1089,6.680263,6.6380738375
1090,6.069922,6.6383362625
1091,5.515021,6.644061825
1092,5.268733,6.6567816625
1093,5.457413,6.6738728375
1094,5.954477,6.6896137
1095,6.510579,6.698706475
1096,6.932221,6.6989814125
1097,7.13946,6.6920707125
1098,7.151114,6.6826194375
1099,7.044047,6.6760804625
1100,6.905599,6.6759151625
1101,6.802101,6.68207525
1102,6.77966,6.6914030625
1103,6.877,6.6990350125
1104,7.108417,6.6999921125
1105,7.418058,6.6909378875
1106,7.66448,6.6721564
1107,7.670429,6.6487395
1108,7.308578,6.6293146
1109,6.586344,6.622621725
1110,5.717424,6.6341125375
1111,5.133638,6.6631614625
1112,5.216116,6.700924675
1113,5.81761,6.732165625
1114,6.445975,6.7439469625
1115,6.760385,6.7335923125
1116,6.710559,6.7122289625
1117,6.499932,6.700174825
1118,6.461472,6.709523875
1119,6.807977,6.7372702625
1120,7.444921,6.77074085
1121,8.092466,6.7951333125
1122,8.500813,6.7986055375
1123,8.530494,6.7740913875
1124,8.136333,6.7195432875
1125,7.328031,6.6384334875
1126,6.146957,6.5647254875
1127,4.69413,6.5327906875
1128,3.294531,6.5422688125
1129,2.914785,6.5865905375
1130,4.12263,6.646765075
1131,5.833374,6.696703
1132,7.260007,6.7240973625
1133,8.03517,6.727296275
1134,8.027586,6.7111372875
1135,7.349022,6.6851924
1136,6.403543,6.661024125
1137,5.864352,6.6467100125
1138,6.210414,6.6406613
1139,7.117377,6.6334580625
1140,7.910726,6.619505475
1141,8.157183,6.6024551625
1142,7.756654,6.591195475
1143,6.919133,6.593887925
1144,6.128326,6.6133844
1145,5.917736,6.6445393125
1146,6.347244,6.67509125
1147,6.954696,6.69318
1148,7.316138,6.695077025
1149,7.309668,6.685094125
1150,7.075592,6.6710242625
1151,6.875478,6.6592296375
1152,6.889599,6.6518959375
1153,7.071297,6.6479173375
1154,7.204486,6.646008375
1155,7.062218,6.646782925
1156,6.504929,6.6526662375
1157,5.529823,6.6668574875
1158,4.359126,6.6920726625
1159,3.64012,6.7283169
1160,4.163826,6.768010075
1161,5.559875,6.7945001625
1162,6.995379,6.7970583875
1163,8.023976,6.7774328875
1164,8.496645,6.7453213
1165,8.459438,6.7131575125
1166,8.078192,6.6910690375
1167,7.555622,6.6839657375
1168,7.060842,6.6911427
1169,6.701257,6.7074110625
1170,6.527967,6.72496075
1171,6.532608,6.735658325
1172,6.636027,6.7340367
1173,6.716682,6.7209279375
1174,6.681899,6.70496765
1175,6.532574,6.6968534625
1176,6.379365,6.7014490125
1177,6.383358,6.7161471125
1178,6.627996,6.7328163875
1179,7.030823,6.7410856125
1180,7.398406,6.7324566
1181,7.548326,6.70425595
1182,7.390216,6.6636801875
1183,6.953568,6.6285243875
1184,6.384079,6.61444195
1185,5.915539,6.6257004125
1186,5.791128,6.6573599625
1187,6.116437,6.69863265
1188,6.773148,6.7367170125
1189,7.505609,6.7609064875
1190,8.041338,6.7650029625
1191,8.154695,6.7478160375
1192,7.715392,6.7129471125
1193,6.760117,6.6689640375
1194,5.617603,6.6301558625
1195,5.051317,6.6112984125
1196,5.746228,6.6125465125
1197,7.247856,6.6181358375
1198,8.681183,6.6140667375
1199,9.485624,6.5963134875
1200,9.396318,6.5689237125
1201,8.370244,6.5411254125
1202,6.539681,6.5238134375
1203,4.166646,6.52587215
1204,1.647549,6.5520107625
1205,1.431391,6.602407275
1206,3.592173,6.6497041125
1207,5.45238,6.6703270875
1208,6.840269,6.6758101375
1209,7.728748,6.6763300625
1210,8.117664,6.677743175
1211,8.024923,6.6827416625
1212,7.51592,6.6921872875
1213,6.742451,6.70561515
1214,5.951995,6.7209449375
1215,5.41556,6.7340410875
1216,5.258414,6.7395238125
1217,5.380455,6.7345829125
1218,5.634155,6.7239603
1219,6.00117,6.717188725
1220,6.546701,6.7187529125
1221,7.256408,6.725313175
1222,7.97205,6.7292319125
1223,8.478851,6.7230036875
1224,8.620719,6.7025518125
1225,8.361891,6.6693954375
1226,7.794344,6.6319870375
1227,7.106458,6.6034050625
1228,6.517506,6.5928713375
1229,6.184079,6.600473175
1230,6.132022,6.6196052125
1231,6.288782,6.64169065
1232,6.571311,6.6596882125
1233,6.91858,6.6694106
1234,7.26645,6.6693291875
1235,7.532883,6.6599223375
1236,7.640229,6.643260475
1237,7.547037,6.623059625
1238,7.258665,6.6047032125
1239,6.815574,6.594136725
1240,6.283033,6.5954730375
1241,5.764533,6.6088814
1242,5.425339,6.62987155
1243,5.455049,6.649788925
1244,5.923542,6.6578446625
1245,6.69236,6.646008575
1246,7.509928,6.616046325
1247,8.129779,6.5803411125
1248,8.362311,6.5499196375
1249,8.105232,6.52900135
1250,7.383773,6.5179433375
1251,6.402878,6.5156075
1252,5.587326,6.5203175125
1253,5.439859,6.5298146375
1254,6.032764,6.540904375
1255,6.900218,6.550862675
1256,7.555213,6.5588183375
1257,7.7169,6.5649172125
1258,7.289534,6.56989545
1259,6.340502,6.5755654875
1260,5.142354,6.5851144125
1261,4.302265,6.6015794875
1262,4.577752,6.6225085625
1263,5.826973,6.6353844125
1264,7.284756,6.62766155
1265,8.448303,6.59660745
1266,9.092943,6.5492309125
1267,9.163186,6.497992825
1268,8.708306,6.4529104
1269,7.833327,6.41752445
1270,6.666384,6.3908157625
1271,5.365181,6.3721808
1272,4.196746,6.3673347625
1273,3.655463,6.386887
1274,4.109007,6.431925575
1275,5.151165,6.49006375
1276,6.193374,6.5478588625
1277,6.922328,6.59638125
1278,7.260923,6.6302241625
1279,7.294442,6.6468033
1280,7.172454,6.64766505
1281,6.985286,6.642572825
1282,6.704378,6.6484836375
1283,6.257735,6.6753017375
1284,5.67927,6.7163163875
1285,5.215138,6.7428822
1286,5.242011,6.7752496625
1287,5.891024,6.8072812125
1288,6.881863,6.8312001
1289,7.841797,6.8427335
1290,8.517543,6.842267725
1291,8.780573,6.8222395125
1292,8.590149,6.9232904875
1293,7.968834,7.0721100125
1294,6.999687,7.2236978375
1295,5.854178,7.3400194875
1296,4.863142,7.3851018
1297,4.530646,7.4425720625
1298,5.092429,7.504198525
1299,6.126305,7.5588027
1300,7.071522,7.5070859875
1301,7.569907,7.520847425
1302,7.473792,7.5527241
1303,6.842701,7.5874909
1304,5.968209,7.6150491125
1305,5.369219,7.6233669875
1306,5.507786,7.5783255
1307,6.26376,7.531551925
1308,7.125653,7.475328675
1309,7.714642,7.4083317625
1310,7.898857,7.3339724875
1311,7.728587,7.3040815125
1312,7.349102,7.3239974875
1313,6.912067,7.3775926125
1314,6.513902,7.44979405
1315,6.199934,7.52469255
1316,6.024161,7.58641225
1317,6.078524,7.6184612375
1318,6.413346,7.59730025
1319,6.922479,7.5719539875
1320,7.355702,7.5402435625
1321,7.443745,7.50311785
1322,7.018729,7.4648916
1323,6.099508,7.4415108625
1324,4.976655,7.4479792
1325,4.29538,7.4588400875
1326,4.653511,7.4297333625
1327,5.696061,7.39615
1328,6.688848,7.3495347625
1329,7.220591,7.2905096875
1330,7.196906,7.24823655
1331,6.779679,7.260212625
1332,6.347096,7.3070620875
1333,6.327038,7.372042225
1334,6.829428,7.4344756875
1335,7.536671,7.4736956625
1336,8.043123,7.4739564375
1337,8.115159,7.4183823375
1338,7.743137,7.3619077875
1339,7.104416,7.3100835125
1340,6.45956,7.26624325
1341,5.976591,7.2304636875
1342,5.60782,7.24457925
1343,5.209144,7.323341175
1344,4.800428,7.4406514875
1345,4.65818,7.5635854
1346,4.993896,7.6426238625
1347,5.556592,7.717465875
1348,5.87743,7.7852741875
1349,5.696632,7.849072025
1350,5.175587,7.9151298375
1351,4.977498,7.89394525
1352,5.760925,8.0600895125
1353,7.258549,8.3126766375
1354,8.760061,8.60003065
1355,9.774774,8.8599495625
1356,10.075165,8.898595
1357,9.629761,8.93348555
1358,8.587254,10.1746514125
1359,7.363382,10.77052165
1360,6.765076,11.0875542375
1361,7.458151,11.41206565
1362,8.849826,11.727913625
1363,9.538907,12.0263656625
1364,7.804535,12.3162041875
1365,7.804535,12.6277223625
1366,7.804535,12.9392405375
1367,7.804535,13.0465148875
1368,7.804535,13.200365025
1369,7.804535,13.3579279125
1370,6.915286,13.4991252125
1371,16.864651,13.6252720625
1372,20.495711,13.5921308875
1373,20.09586,13.4632910375
1374,16.305419,13.2281722
1375,9.460763,13.040433875
1376,9.460763,12.93825375
1377,9.460763,12.836073625
1378,9.460763,12.7338935
1379,1.988968,12.66935065
1380,8.172437,12.7796251375
1381,10.120041,12.8499842375
1382,10.255136,12.907807925
1383,9.047358,12.9534366625
1384,6.633639,12.9841501375
1385,1.7659,12.9972960125
1386,1.7659,13.071288625
1387,1.7659,13.1452812375
1388,1.7659,13.21927385
1389,1.7659,13.2932664625
1390,5.507579,13.367259075
1391,9.321865,13.3944807
1392,11.636712,13.37402375
1393,12.688182,13.309308275
1394,12.505782,13.269740075
1395,11.13751,13.2477677125
1396,8.58808,13.2400701875
1397,4.385645,13.247662125
1398,4.385645,13.284302025
1399,4.385645,13.300914025
1400,4.385645,13.312502
1401,4.385645,13.3334939125
1402,5.14827,13.3667039375
1403,6.616975,13.398248425
1404,5.845526,13.4138118375
1405,1.966842,13.43846795
1406,1.966842,13.5124321125
1407,1.966842,13.5916758875
1408,1.966842,13.679656625
1409,3.83874,13.7753190125
1410,8.154992,13.8490839
1411,10.527636,13.8605641125
1412,11.545507,13.8226867375
1413,11.321715,13.7406306625
1414,9.967026,13.6613719875
1415,7.557533,13.599046925
1416,3.597195,13.566840525
1417,3.597195,13.58413835
1418,3.597195,13.601436175
1419,3.597195,13.5773634375
1420,3.597195,13.5559723625
1421,7.105836,13.6820328354
1422,11.908774,13.7663430513
1423,14.593969,13.7904673247
1424,14.635141,13.7798949342
1425,10.981257,13.7684916533
1426,10.981257,13.8061569865
1427,10.981257,13.8448542466
1428,10.981257,13.8846264306
1429,10.981257,13.9255189577
1430,3.48082,13.9675798429
1431,18.269039,14.1195618696
1432,25.967895,14.0585401471
1433,30.24687,13.8807885821
1434,29.553574,13.6328176515
1435,12.866409,13.3878829385
1436,12.866409,13.3960309688
1437,108.92303,13.4044376667
1438,56.256873,11.8638152097
1439,32.725989,11.1360601639
1440,32.725989,10.7762280167
1441,32.725989,10.4041981695
1442,32.725989,10.0193397069
1443,32.725989,9.6209774386
1444,32.725989,9.2083879464
1445,32.725989,8.7807952
1446,16.386483,8.3373656852
1447,20.112546,8.1854955472
1448,20.409566,7.9561291923
1449,19.100319,7.7119441569
1450,17.007034,7.48417666
1451,14.213357,7.2898326327
1452,10.188523,7.1455925417
1453,1.286353,7.0808493404
1454,1.286353,7.2068166522
1455,1.286353,7.3383825111
1456,1.286353,7.4759286364
1457,1.286353,7.6198722558
1458,4.297335,7.7706703333
1459,10.810927,7.8553858293
1460,13.801165,7.7814973
1461,14.745936,7.6271468462
1462,13.905435,7.4398102895
1463,11.504436,7.2650636757
1464,7.685309,7.1473033333
1465,7.685309,7.1319317429
1466,7.685309,7.1156559412
1467,7.685309,7.0983937273
1468,7.685309,7.080052625
1469,7.685309,7.0605282258
1470,7.685309,7.0397022
1471,7.685309,7.0174398966
1472,6.459474,6.9935874286
1473,9.522726,7.0133694074
1474,10.747993,6.9168556923
1475,10.521708,6.7636102
1476,9.195435,6.6070227917
1477,7.316837,6.4944831304
1478,5.714605,6.4571034091
1479,5.312683,6.4924604762
1480,6.064998,6.55144935
1481,7.042447,6.5770520526
1482,7.671829,6.5511967778
1483,7.862048,6.4852772353
1484,7.818015,6.3992290625
1485,7.883975,6.3046433333
1486,8.306344,6.1918339286
1487,9.005301,6.0291793077
1488,9.619833,5.7811691667
1489,9.739931,5.4321997273
1490,9.073409,5.0014266
1491,7.497446,4.5489841111
1492,4.981021,4.180426375
1493,4.981021,4.0660557143
1494,4.981021,3.9135615
1495,4.981021,3.7000696
1496,4.981021,3.37983175
1497,4.981021,2.846102
1498,1.671376,1.7786425
1499,1.885909,1.885909
