0,0,0
1,0,0
2,0,0
3,0,0
4,0,0
5,0,0
6,0,0
7,0,0
8,0,0
9,0,0
10,0,0
11,0,0
12,0,0
13,0,0
14,0,0
15,0,0
16,0,0
17,0,0
18,0,0
19,0,0
20,0,0
21,0,0
22,0,0
23,0,0
24,0,0
25,0,0
26,0,0
27,0,0
28,0,0
29,0,0
30,0,0
31,0,0
32,0,0
33,0,0
34,0,0
35,0,0
36,0,0
37,0,0
38,0,0
39,0,0
40,0,0
41,0,0
42,0,0
43,0,0
44,0,0
45,0,0
46,0,0
47,0,0
48,0,0
49,0,0
50,0,0
51,0,0
52,0,0
53,0,0
54,0,0
55,0,0
56,0,0
57,0,0
58,0,0
59,0,0
60,0,0
61,0,0
62,0,0
63,0,0
64,0,0
65,0,0
66,0,0
67,0,0
68,0,0
69,0,0
70,0,0
71,0,0
72,0,0
73,0,0
74,0,0
75,0,0
76,0,0
77,0,0
78,0,0
79,0,0
80,0,0
81,0,0
82,0,0
83,0,0
84,0,0
85,0,0
86,0,0
87,0,0
88,0,0
89,0,0
90,0,0
91,0,0
92,0,0
93,0,0
94,0,0
95,0,0
96,0,0
97,0,0
98,0,0
99,0,0
100,0,0
101,0,0
102,0,0
103,0,0
104,0,0
105,0,0
106,0,0
107,0,0
108,0,0
109,0,0
110,0,0
111,0,0
112,0,0
113,0,0
114,0,0
115,0,0
116,0,0
117,0,0
118,0,0
119,0,0
120,0,0
121,0,0
122,0,0
123,0,0
124,0,0
125,0,0
126,0,0
127,0,0
128,0,0
129,0,0
130,0,0
131,0,0
132,0,0
133,0,0
134,0,0
135,0,0
136,0,0
137,0,0
138,0,0
139,0,0
140,0,0
141,0,0
142,0,0
143,0,0
144,0,0
145,0,0
146,0,0
147,0,0
148,0,0
149,0,0
150,6.786656,6.6921748267
151,6.773558,6.6908625733
152,6.758527,6.6895326867
153,6.741816,6.68820054
154,6.723703,6.6868749133
155,6.704485,6.6855526867
156,6.684479,6.6842042467
157,6.66402,6.6827172267
158,6.643479,6.6804611533
159,6.623276,6.6843598267
160,6.603913,6.6848214267
161,6.586021,6.68502294
162,6.570438,6.68521672
163,6.558381,6.6854748267
164,6.551854,6.6858195867
165,6.554877,6.68624476
166,6.57827,6.6867100133
167,6.671558,6.68709834
168,10.270265,6.6869589467
169,6.222353,6.6629341067
170,6.350672,6.66600946
171,6.401266,6.6683479133
172,6.437661,6.67046828
173,6.471666,6.6724621733
174,6.50661,6.6743390533
175,6.543179,6.6760832267
176,6.580896,6.6776720267
177,6.618704,6.6790842
178,6.655302,6.6803043667
179,6.689408,6.6813252
180,6.719957,6.6821477133
181,6.746233,6.68278012
182,6.767932,6.6832357
183,6.78514,6.6835301867
184,6.798253,6.68367926
185,6.807852,6.6836965867
186,6.814572,6.68359276
187,6.818982,6.68337514
188,6.821501,6.68304854
189,6.822367,6.68261646
190,6.821639,6.6820824733
191,6.81924,6.68145152
192,6.815013,6.6807307733
193,6.808788,6.6799300133
194,6.800437,6.6790614533
195,6.789917,6.6781391067
196,6.777292,6.6771778733
197,6.762738,6.6761925133
198,6.746533,6.67519662
199,6.729031,6.6742017067
200,6.710627,6.6732164
201,6.691725,6.6722453533
202,6.672697,6.6712866867
203,6.653849,6.6703231333
204,6.635391,6.6692758267
205,6.617424,6.6671173933
206,6.599931,6.66715184
207,6.582778,6.66694612
208,6.565713,6.6667718
209,6.54832,6.66669964
210,6.529847,6.6667720867
211,6.508677,6.6670261133
212,6.480465,6.6675035067
213,6.429176,6.6682702067
214,6.224602,6.6694945733
215,6.962987,6.6722086933
216,6.665465,6.67013226
217,6.616869,6.6701736067
218,6.601561,6.6706720533
219,6.598641,6.67140142
220,6.60238,6.6722721267
221,6.610387,6.6732304467
222,6.621366,6.6742366667
223,6.634492,6.6752581933
224,6.649179,6.6762668667
225,6.664983,6.6772377133
226,6.681536,6.6781483067
227,6.698508,6.67897838
228,6.715579,6.6797096133
229,6.732418,6.6803254933
230,6.748682,6.6808113133
231,6.764015,6.6811543067
232,6.77806,6.68134394
233,6.790471,6.6813723733
234,6.800929,6.6812350333
235,6.809157,6.68093122
236,6.81493,6.6804645533
237,6.818093,6.6798432267
238,6.818564,6.6790798333
239,6.816347,6.67819074
240,6.811528,6.6771950333
241,6.804269,6.6761131333
242,6.794796,6.6749652533
243,6.783377,6.6737698733
244,6.770298,6.6725424467
245,6.755838,6.67129426
246,6.740251,6.6700313467
247,6.723757,6.6687526
248,6.706541,6.6674451933
249,6.688761,6.6660708067
250,6.670553,6.6645129533
251,6.652045,6.6622241733
252,6.633354,6.67441172
253,6.61458,6.6750924267
254,6.595795,6.6753160133
255,6.57702,6.6754774933
256,6.558168,6.6756977133
257,6.538922,6.6760384267
258,6.518308,6.6765418533
259,6.493049,6.6772456867
260,6.446952,6.6782020133
261,5.81275,6.6795648067
262,6.606188,6.6852644333
263,6.553393,6.6857881333
264,6.540106,6.6867781667
265,6.538898,6.6879684733
266,6.544739,6.6892733333
267,6.555741,6.6906388067
268,6.570724,6.6920224533
269,6.588693,6.6933890133
270,6.608718,6.69470936
271,6.629941,6.6959600333
272,6.651611,6.6971225667
273,6.6731,6.69818254
274,6.693915,6.69912856
275,6.713676,6.6999512667
276,6.732095,6.7006426467
277,6.748943,6.70119566
278,6.764025,6.7016042333
279,6.77717,6.7018635133
280,6.788225,6.7019702133
281,6.797058,6.701923
282,6.803564,6.7017228
283,6.807661,6.70137298
284,6.809296,6.7008794667
285,6.808439,6.7002507667
286,6.80508,6.69949794
287,6.799233,6.6986345867
288,6.790942,6.6976767267
289,6.780295,6.6966426267
290,6.767438,6.6955525333
291,6.752586,6.6944282467
292,6.736032,6.69329258
293,6.718144,6.6921687667
294,6.699343,6.69107978
295,6.680083,6.6900479
296,6.660805,6.6890946133
297,6.641902,6.6882425267
298,6.623675,6.6875429667
299,6.606304,6.6868619867
300,6.589818,6.6863477533
301,6.574075,6.6859904667
302,6.558705,6.6857992333
303,6.542972,6.6857867133
304,6.525369,6.68596944
305,6.502219,6.68637216
306,6.461426,6.6870417867
307,6.325609,6.6881031933
308,7.22828,6.6901942867
309,6.692516,6.6863933667
310,6.63414,6.6862888933
311,6.615088,6.6866948133
312,6.609154,6.6873435467
313,6.610095,6.6881407067
314,6.61563,6.6890323667
315,6.624665,6.6899789467
316,6.636519,6.6909474267
317,6.650649,6.69190862
318,6.666539,6.69283616
319,6.683656,6.6937062133
320,6.70144,6.6944974933
321,6.719321,6.6951914467
322,6.736745,6.69577246
323,6.753198,6.6962280467
324,6.768236,6.6965490733
325,6.781499,6.6967298933
326,6.792722,6.6967685467
327,6.801729,6.6966669467
328,6.808427,6.69643112
329,6.812785,6.6960714067
330,6.814818,6.6956026133
331,6.81457,6.6950439
332,6.812105,6.69441818
333,6.807501,6.6937509
334,6.800852,6.6930679933
335,6.792278,6.6923929933
336,6.781929,6.6917434933
337,6.769992,6.6911271533
338,6.756689,6.6905375733
339,6.742269,6.6899498
340,6.726996,6.6893142333
341,6.711128,6.6885442533
342,6.694899,6.6874810867
343,6.678504,6.68575986
344,6.662085,6.68193088
345,6.645732,6.7622849267
346,6.629488,6.7659358267
347,6.613354,6.7678458733
348,6.597296,6.7691481267
349,6.581235,6.7701621733
350,6.56497,6.7710411533
351,6.547925,6.7718828733
352,6.528164,6.7727622467
353,6.496753,6.77375044
354,6.311626,6.7749656
355,6.622591,6.7774626133
356,6.569073,6.77795564
357,6.55663,6.7788888133
358,6.554889,6.7799967
359,6.559187,6.7812116267
360,6.567951,6.7824931333
361,6.580286,6.78380796
362,6.59547,6.78512598
363,6.612831,6.78641936
364,6.63172,6.7876625733
365,6.651522,6.7888326267
366,6.671667,6.7899093067
367,6.691636,6.7908753667
368,6.710966,6.79171666
369,6.729247,6.7924221733
370,6.746128,6.7929839733
371,6.76132,6.79339696
372,6.774595,6.7936585267
373,6.785793,6.7937681867
374,6.794806,6.7937271667
375,6.801572,6.79353818
376,6.806047,6.7932053533
377,6.808193,6.7927345
378,6.807961,6.79213354
379,6.805291,6.7914130667
380,6.800131,6.7905869333
381,6.79246,6.78967252
382,6.782325,6.7886907067
383,6.76987,6.7876653333
384,6.755357,6.78662226
385,6.739157,6.78558816
386,6.721731,6.7845894067
387,6.703584,6.7836514467
388,6.6852,6.7827995
389,6.666991,6.7820630133
390,6.649243,6.7814964467
391,6.632087,6.78142446
392,6.615489,6.78043854
393,6.599263,6.77988826
394,6.58307,6.77954462
395,6.566401,6.77938434
396,6.548439,6.7794114067
397,6.527646,6.7796412
398,6.500383,6.78010084
399,6.455083,6.7808415133
400,6.327236,6.7819905
401,8.480177,6.7841037067
402,6.73546,6.7719797733
403,6.648118,6.7716051
404,6.620017,6.7719305067
405,6.610053,6.7725589133
406,6.609275,6.77336504
407,6.614436,6.77428102
408,6.623883,6.7752584067
409,6.636498,6.7762576733
410,6.651371,6.7772449133
411,6.667694,6.7781908
412,6.684743,6.7790703667
413,6.701898,6.7798629467
414,6.718652,6.78055196
415,6.734627,6.7811246
416,6.74956,6.7815713
417,6.763288,6.7818851733
418,6.775708,6.78206142
419,6.786745,6.7820969333
420,6.796319,6.7819900333
421,6.804321,6.78174044
422,6.810607,6.7813494
423,6.815003,6.7808198933
424,6.817321,6.7801568133
425,6.817383,6.77936704
426,6.815047,6.7784593467
427,6.810229,6.77744406
428,6.802917,6.7763326
429,6.793175,6.7751368867
430,6.781143,6.7738686933
431,6.767028,6.7725388867
432,6.751091,6.7711563067
433,6.733634,6.7697256333
434,6.714991,6.76824246
435,6.695515,6.7666799467
436,6.675577,6.7649425733
437,6.655554,6.7625989733
438,6.635827,6.76038886
439,6.616781,6.76121728
440,6.598795,6.76140182
441,6.582236,6.76148774
442,6.56746,6.7616134867
443,6.554796,6.7618353867
444,6.544561,6.76217972
445,6.53709,6.7626574133
446,6.532992,6.76326942
447,6.536968,6.7640074067
448,6.521528,6.7648277533
449,6.529169,6.76586682
450,6.536225,6.7669747333
451,6.54539,6.7681565867
452,6.556827,6.7693967667
453,6.570381,6.7706758733
454,6.585777,6.77197292
455,6.602663,6.7732662867
456,6.620637,6.7745344933
457,6.639273,6.7757568467
458,6.658142,6.7769139667
459,6.676845,6.7779882
460,6.695028,6.7789638133
461,6.712398,6.77982704
462,6.728728,6.7805660067
463,6.743844,6.7811706
464,6.757617,6.78163238
465,6.769937,6.7819445533
466,6.780698,6.78210214
467,6.78978,6.7821022533
468,6.797047,6.7819445067
469,6.802348,6.78163142
470,6.805533,6.7811687733
471,6.806473,6.7805657733
472,6.805083,6.77983494
473,6.801352,6.7789917267
474,6.795359,6.7780537867
475,6.787297,6.7770401
476,6.777482,6.7759698733
477,6.766355,6.7748614667
478,6.75447,6.7737313467
479,6.742466,6.7725933133
480,6.731011,6.77145798
481,6.720712,6.7703327867
482,6.712013,6.76922276
483,6.705065,6.7681327533
484,6.699602,6.7670796467
485,6.694853,6.76598784
486,6.689478,6.7649584333
487,6.681555,6.76399274
488,6.668523,6.7631231533
489,6.646934,6.76240068
490,6.611499,6.7618989733
491,6.551653,6.7617256933
492,6.436715,6.7620569867
493,6.104157,6.7632710133
494,18.715192,6.7668265267
495,7.193367,6.68643768
496,6.915995,6.6829917267
497,6.808692,6.6815240267
498,6.749403,6.68089626
499,6.713082,6.6807812333
500,6.691228,6.6810165467
501,6.679831,6.6814947067
502,6.676393,6.6821335933
503,6.679027,6.6828667867
504,6.686178,6.6836398333
505,6.696545,6.6844083667
506,6.709049,6.68513662
507,6.722813,6.68579614
508,6.737128,6.6863644867
509,6.751413,6.68682412
510,6.765175,6.68716146
511,6.777989,6.6873662133
512,6.789477,6.68743082
513,6.799313,6.6873501667
514,6.807228,6.6871213267
515,6.813024,6.6867434933
516,6.816576,6.68621794
517,6.81783,6.6855481867
518,6.816793,6.6847402533
519,6.813517,6.68380306
520,6.808076,6.6827487733
521,6.800555,6.6815931
522,6.791044,6.68035526
523,6.77964,6.6790574867
524,6.766458,6.67772398
525,6.751648,6.67637914
526,6.735419,6.67504502
527,6.718049,6.67373726
528,6.69989,6.67245744
529,6.681371,6.6711713133
530,6.662969,6.6696978067
531,6.645188,6.6639282067
532,6.628519,6.6642970267
533,6.613409,6.6643194733
534,6.600242,6.66433846
535,6.589344,6.6644273467
536,6.581037,6.6646107933
537,6.575792,6.6648963867
538,6.574727,6.6652816267
539,6.582006,6.6657521
540,6.638445,6.6662619667
541,6.484199,6.6664899933
542,6.532947,6.66784432
543,6.547717,6.6689727533
544,6.559028,6.6701009867
545,6.570461,6.6712498467
546,6.582908,6.6724152867
547,6.596592,6.6735864867
548,6.611484,6.6747503067
549,6.627431,6.6758927333
550,6.644217,6.67699938
551,6.661587,6.6780555933
552,6.679259,6.6790464667
553,6.696929,6.6799569667
554,6.714278,6.6807722267
555,6.730972,6.6814780067
556,6.746672,6.68206134
557,6.761044,6.6825112
558,6.773773,6.68281914
559,6.784584,6.6829798333
560,6.793254,6.6829913267
561,6.799629,6.6828550733
562,6.80363,6.68257568
563,6.80525,6.6821604533
564,6.804548,6.68161884
565,6.801632,6.6809618267
566,6.796641,6.6802014733
567,6.789725,6.67935064
568,6.781035,6.6784229133
569,6.77071,6.6774327333
570,6.75888,6.6763957067
571,6.745665,6.6753289533
572,6.731181,6.67425144
573,6.715541,6.67318434
574,6.698855,6.67215142
575,6.681229,6.6711801267
576,6.662754,6.6703059667
577,6.64351,6.6696110467
578,6.62356,6.66869914
579,6.602946,6.6681314867
580,6.581672,6.66779906
581,6.559641,6.6677367467
582,6.53649,6.66800736
583,6.511158,6.66870496
584,6.480614,6.6699705933
585,6.434909,6.6720204933
586,6.324037,6.6752086
587,6.324037,6.6803071467
588,6.76009,6.6870043267
589,6.644462,6.6928991333
590,6.611683,6.7022231467
591,6.601098,6.7149746533
592,6.600745,6.7314885467
593,6.606446,6.75204246
594,6.616215,6.7767398133
595,6.628891,6.8054397267
596,6.64369,6.8377062533
597,6.66002,6.87276712
598,6.677388,6.90947166
599,6.695356,6.9462322667
600,6.713503,6.9809202267
601,6.731417,7.01064972
602,6.748693,7.0312524733
603,6.764938,7.0355467733
604,6.779782,7.0397327733
605,6.792894,7.0438198133
606,6.80399,7.04781944
607,6.812841,7.0517450933
608,6.819277,7.05561174
609,6.823187,7.05943548
610,6.824512,7.0632331533
611,6.823243,7.0670219933
612,6.819417,7.0708192933
613,6.813111,7.0746421
614,6.804443,7.0785069467
615,6.793575,7.08242958
616,6.780715,7.0864246667
617,6.766118,7.0905054867
618,6.750084,7.09468362
619,6.732951,7.0989686467
620,6.715083,7.1033678933
621,6.696848,7.10788626
622,6.678601,7.1125261933
623,6.660661,7.1172877733
624,6.643306,7.1221689533
625,6.626763,7.1271658333
626,6.611221,7.132273
627,6.596837,7.13748378
628,6.583765,7.1427904533
629,6.572166,7.1481842733
630,6.562232,7.15365542
631,6.554208,7.1591927933
632,6.548512,7.16478366
633,6.547099,7.1704125
634,6.535831,7.17605076
635,6.540442,7.18176414
636,6.544624,7.18744678
637,6.551117,7.19310154
638,6.560152,7.1987130133
639,6.571678,7.2042642533
640,6.585507,7.2097386533
641,6.601347,7.21512086
642,6.618819,7.2203974667
643,6.637484,7.2255575933
644,6.656865,7.2305932867
645,6.676474,7.2354997733
646,6.69584,7.2402755333
647,6.714527,7.2449221867
648,6.732149,7.24944426
649,6.748379,7.2538488533
650,6.762952,7.2581452467
651,6.775664,7.2623444867
652,6.786372,7.26645898
653,6.794984,7.2705020867
654,6.801458,7.27448778
655,6.805783,7.2784303133
656,6.807977,7.2823440133
657,6.808065,7.2862430867
658,6.806073,7.2901415733
659,6.802014,7.29405334
660,6.795888,7.2979921667
661,6.78768,7.3019718333
662,6.777379,7.30600622
663,6.764987,7.31010928
664,6.750553,7.3142949533
665,6.734191,7.3185768533
666,6.716113,7.3229678333
667,6.69664,7.3274793333
668,6.676214,7.3321206533
669,6.655374,7.3368981467
670,6.634725,7.3418145733
671,6.614879,7.34686866
672,6.596378,7.3520550533
673,6.579614,7.3573647867
674,6.564732,7.36278628
675,6.55153,7.3683069867
676,6.539255,7.3739157067
677,6.526076,7.37960626
678,6.506971,7.3853846733
679,6.460345,7.3912904533
680,5.797529,7.3975070733
681,6.700511,7.4081424667
682,6.631886,7.41275798
683,6.616257,7.4178309933
684,6.613575,7.4230082
685,6.616861,7.4282032867
686,6.623876,7.4333764667
687,6.633578,7.43850288
688,6.645298,7.4435646133
689,6.658486,7.4485482133
690,6.672649,7.4534438933
691,6.687348,7.4582451533
692,6.702212,7.46294842
693,6.716952,7.4675525933
694,6.731357,7.4720585
695,6.745277,7.4764683733
696,6.758588,7.4807854467
697,6.771165,7.48501378
698,6.782848,7.4891582667
699,6.793428,7.4932248667
700,6.802649,7.4972209333
701,6.810218,7.5011555267
702,6.815834,7.50503966
703,6.819218,7.5088863533
704,6.820145,7.5127104867
705,6.818472,7.51652844
706,6.814151,7.5203575467
707,6.807235,7.52421546
708,6.797877,7.52811948
709,6.786308,7.5320858867
710,6.772816,7.53612942
711,6.75772,7.5402629
712,6.741346,7.54449702
713,6.724008,7.5488403
714,6.705996,7.5532991667
715,6.687579,7.5578781133
716,6.669016,7.56257984
717,6.650566,7.56740532
718,6.632508,7.5723538
719,6.615156,7.5774226667
720,6.598867,7.5826072133
721,6.584038,7.5879003533
722,6.571116,7.5932923533
723,6.560603,7.5987705
724,6.553161,7.6043187333
725,6.550105,7.60991658
726,6.558516,7.6155348
727,6.506724,7.6210969467
728,6.538412,7.6270043733
729,6.553082,7.6327005467
730,6.572325,7.63829892
731,6.600233,7.6437690067
732,6.64113,7.64905304
733,6.701003,7.6540644267
734,6.788099,7.65867666
735,6.913125,7.6627082533
736,7.088819,7.66590634
737,7.328614,7.6679331333
738,7.644311,7.6683612933
739,8.043064,7.6666848067
740,8.524409,7.6623499667
741,9.078182,7.65480616
742,9.683832,7.6435705333
743,10.311049,7.62829724
744,10.921202,7.6088425
745,11.46887,7.5853200733
746,11.90282,7.5581465267
747,12.165701,7.52807998
748,12.191479,7.4962608933
749,11.89855,7.4642699533
750,11.172927,7.4342318733
751,9.82183,7.40903128
752,7.392838,7.392838
753,7.392838,7.392838
754,7.392838,7.392838
755,7.392838,7.392838
756,7.392838,7.392838
757,7.392838,7.392838
758,7.392838,7.392838
759,7.392838,7.392838
760,7.392838,7.392838
761,7.392838,7.392838
762,7.392838,7.392838
763,7.392838,7.392838
764,7.392838,7.392838
765,7.392838,7.392838
766,7.392838,7.392838
767,7.392838,7.392838
768,7.392838,7.392838
769,7.392838,7.392838
770,7.392838,7.392838
771,7.392838,7.392838
772,7.392838,7.392838
773,7.392838,7.392838
774,7.392838,7.392838
775,7.392838,7.392838
776,7.392838,7.392838
777,7.392838,7.392838
778,7.392838,7.392838
779,7.392838,7.392838
780,7.392838,7.392838
781,7.392838,7.392838
782,7.392838,7.392838
783,7.392838,7.392838
784,7.392838,7.392838
785,7.392838,7.392838
786,7.392838,7.392838
787,7.392838,7.392838
788,7.392838,7.392838
789,7.392838,7.392838
790,7.392838,7.392838
791,7.392838,7.392838
792,7.392838,7.392838
793,7.392838,7.392838
794,7.392838,7.392838
795,7.392838,7.392838
796,7.392838,7.392838
797,7.392838,7.392838
798,7.392838,7.392838
799,7.392838,7.392838
800,7.392838,7.392838
801,7.392838,7.392838
802,7.392838,7.392838
803,7.392838,7.392838
804,7.392838,7.392838
805,7.392838,7.392838
806,7.392838,7.392838
807,7.392838,7.392838
808,7.392838,7.392838
809,7.392838,7.392838
810,7.392838,7.392838
811,7.392838,7.392838
812,7.392838,7.392838
813,7.392838,7.392838
814,7.392838,7.392838
815,7.392838,7.392838
816,7.392838,7.392838
817,7.392838,7.392838
818,7.392838,7.392838
819,7.392838,7.392838
820,7.392838,7.392838
821,7.392838,7.392838
822,7.392838,7.392838
823,7.392838,7.392838
824,7.392838,7.392838
825,7.392838,7.392838
826,7.392838,7.392838
827,7.392838,7.392838
828,7.392838,7.392838
829,7.392838,7.392838
830,7.392838,7.392838
831,7.392838,7.392838
832,7.392838,7.392838
833,7.392838,7.392838
834,7.392838,7.392838
835,7.392838,7.392838
836,7.392838,7.392838
837,7.392838,7.392838
838,7.392838,7.392838
839,7.392838,7.392838
840,7.392838,7.392838
841,7.392838,7.392838
842,7.392838,7.392838
843,7.392838,7.392838
844,7.392838,7.392838
845,7.392838,7.392838
846,7.392838,7.392838
847,7.392838,7.392838
848,7.392838,
849,7.392838,
850,7.392838,
851,7.392838,
852,7.392838,
853,7.392838,
854,7.392838,
855,7.392838,
856,7.392838,
857,7.392838,
858,7.392838,
859,7.392838,
860,7.392838,
861,7.392838,
862,7.392838,
863,7.392838,
864,7.392838,
865,7.392838,
866,7.392838,
867,7.392838,
868,7.392838,
869,7.392838,
870,7.392838,
871,7.392838,
872,7.392838,
873,7.392838,
874,7.392838,
875,7.392838,
876,7.392838,
877,7.392838,
878,7.392838,
879,7.392838,
880,7.392838,
881,7.392838,
882,7.392838,
883,7.392838,
884,7.392838,
885,7.392838,
886,7.392838,
887,7.392838,
888,7.392838,
889,7.392838,
890,7.392838,
891,7.392838,
892,7.392838,
893,7.392838,
894,7.392838,
895,7.392838,
896,7.392838,
897,7.392838,
898,7.392838,
899,7.392838,
900,7.392838,
901,7.392838,
902,7.392838,
903,7.392838,
904,7.392838,
905,7.392838,
906,7.392838,
907,7.392838,
908,7.392838,
909,7.392838,
910,7.392838,
911,7.392838,
912,7.392838,
913,7.392838,
914,7.392838,
915,7.392838,
916,7.392838,
917,7.392838,
918,7.392838,
919,7.392838,
920,7.392838,
921,7.392838,
922,7.392838,
923,7.392838,
924,7.392838,
925,7.392838,
926,7.392838,
927,7.392838,
928,7.392838,
929,7.392838,
930,7.392838,
931,7.392838,
932,7.392838,
933,7.392838,
934,7.392838,
935,7.392838,
936,7.392838,
937,7.392838,
938,7.392838,
939,7.392838,
940,7.392838,
941,7.392838,
942,7.392838,
943,7.392838,
944,7.392838,
945,7.392838,
946,7.392838,
947,7.392838,
948,7.392838,
949,7.392838,
950,7.392838,
951,7.392838,
952,7.392838,
953,7.392838,
954,7.392838,
955,7.392838,
956,7.392838,
957,7.392838,
958,7.392838,
959,7.392838,
960,7.392838,
961,7.392838,
962,7.392838,
963,7.392838,
964,7.392838,
965,7.392838,
966,7.392838,
967,7.392838,
968,7.392838,
969,7.392838,
970,7.392838,
971,7.392838,
972,7.392838,
973,7.392838,
974,7.392838,
975,7.392838,
976,7.392838,
977,7.392838,
978,7.392838,
979,7.392838,
980,7.392838,
981,7.392838,
982,7.392838,
983,7.392838,
984,7.392838,
985,7.392838,
986,7.392838,
987,7.392838,
988,7.392838,
989,7.392838,
990,7.392838,
991,7.392838,
992,7.392838,
993,7.392838,
994,7.392838,
995,7.392838,
996,7.392838,
997,7.392838,
998,7.392838,
999,7.392838,
