0,0,0
1,0,0
2,0,0
3,0,0
4,0,0
5,0,0
6,0,0
7,0,0
8,0,0
9,0,0
10,0,0
11,0,0
12,0,0
13,0,0
14,0,0
15,0,0
16,0,0
17,0,0
18,0,0
19,0,0
20,0,0
21,6.368387,0
22,6.557247,0
23,6.646399,0
24,6.645879,0
25,6.720974,0
26,6.81516,0
27,6.831202,0
28,6.823238,0
29,6.799896,0
30,6.745288,6.733131
31,6.735268,6.740278
32,6.845705,6.772592
33,6.92354,6.807528
34,6.918352,6.819199
35,6.889935,6.82722
36,6.800728,6.82722
37,6.762291,6.811983
38,6.821937,6.8113325
39,6.751525,6.8113325
40,6.685935,6.8113325
41,6.901105,6.833821
42,6.945371,6.855936
43,6.628387,6.8113325
44,6.400758,6.7815095
45,6.46349,6.756908
46,6.749498,6.7505115
47,6.757657,6.7505115
48,6.129617,6.7177165
49,5.952309,6.657161
50,6.951432,6.6889425
51,7.253569,6.6889425
52,6.36745,6.5459385
53,5.991711,6.432124
54,6.478053,6.4707715
55,6.550074,6.5140635
56,6.515944,6.4969985
57,6.515944,6.4969985
58,8.113612,6.515944
59,8.323003,6.533009
60,6.880833,6.533009
61,5.932734,6.515944
62,6.247061,6.515944
63,6.439937,6.515944
64,6.357088,6.515944
65,6.378007,6.4779405
66,6.4078,6.4238685
67,6.634148,6.4238685
68,6.845489,6.4238685
69,6.680934,6.4238685
70,6.602647,6.4238685
71,6.801272,6.521292
72,6.878013,6.6183975
73,6.771571,6.657541
74,6.687955,6.6844445
75,6.681777,6.684866
76,6.70351,6.6957325
77,6.810086,6.7375405
78,6.988025,6.7375405
79,6.988636,6.7864215
80,6.822523,6.805679
81,6.766199,6.7908285
82,6.85227,6.7908285
83,6.893345,6.8163045
84,6.782436,6.8163045
85,6.731085,6.8163045
86,6.901066,6.8373965
87,6.938064,6.8728075
88,6.740188,6.8373965
89,6.593353,6.8024795
90,6.625417,6.7743175
91,6.649681,6.761312
92,6.581723,6.7356365
93,6.698426,6.7147555
94,6.773714,6.7147555
95,6.552643,6.6740535
96,6.302196,6.637549
97,6.355526,6.609385
98,6.449975,6.587538
99,6.368589,6.567183
100,6.335659,6.501309
101,6.290267,6.409282
102,6.730912,6.409282
103,7.62651,6.409282
104,6.450168,6.409282
105,7.227944,6.409282
106,6.877965,6.4500715
107,5.866991,6.4500715
108,5.538177,6.4093785
109,6.299548,6.3929135
110,7.142991,6.59054
111,6.663273,6.6970925
112,5.328032,6.5567205
113,5.176139,6.374858
114,6.63022,6.464884
115,7.567122,6.464884
116,7.274559,6.464884
117,6.853463,6.6467465
118,6.812602,6.7379375
119,6.759372,6.785987
120,6.693061,6.7262165
121,6.741686,6.750529
122,6.783178,6.771275
123,6.82874,6.79789
124,6.925783,6.820671
125,6.934798,6.820671
126,6.760233,6.79789
127,6.690899,6.7717055
128,6.89174,6.7717055
129,6.984729,6.805959
130,6.836145,6.8324425
131,6.808794,6.8324425
132,6.899352,6.8639425
133,6.754691,6.8639425
134,6.539051,6.8224695
135,6.564111,6.7845135
136,6.751325,6.7817425
137,6.852003,6.8224695
138,6.739291,6.7817425
139,6.542404,6.753008
140,6.328,6.745308
141,6.087631,6.651701
142,6.319718,6.5532575
143,7.25504,6.5532575
144,7.360925,6.651701
145,6.15314,6.6408475
146,5.494537,6.435202
147,5.801794,6.323859
148,6.314117,6.3169175
149,6.989597,6.3169175
150,6.989597,6.3169175
151,8.144448,6.6546575
152,6.379329,6.684463
153,5.526883,6.346723
154,6.126718,6.2336285
155,6.627059,6.346723
156,6.705005,6.503194
157,6.698932,6.6629955
158,6.579328,6.6629955
159,6.40285,6.6031935
160,6.504091,6.5417095
161,6.748019,6.5417095
162,6.732629,6.6031935
163,6.640292,6.6336755
164,6.614327,6.6336755
165,6.651996,6.646144
166,6.810817,6.646144
167,6.840603,6.646144
168,6.753807,6.6923125
169,6.805626,6.740324
170,6.903831,6.750913
171,6.881961,6.7797165
172,6.80932,6.807473
173,6.796932,6.807473
174,6.852316,6.8100685
175,6.952979,6.82571
176,6.933558,6.8464595
177,6.812331,6.8323235
178,6.769826,6.8323235
179,6.747692,6.8323235
180,6.723791,6.8108255
181,6.705033,6.803126
182,6.691738,6.783379
183,6.701168,6.758759
184,6.7324,6.740046
185,6.775283,6.740046
186,6.70415,6.7280955
187,6.517747,6.714412
188,6.340665,6.7045915
189,6.340774,6.702659
190,6.59714,6.696453
191,6.723829,6.696453
192,6.611855,6.6565115
193,6.528484,6.6044975
194,6.11993,6.562812
195,5.512251,6.5231155
196,6.224735,6.4292605
197,7.07578,6.434629
198,7.468674,6.562812
199,6.680272,6.6044975
200,6.130547,6.5701695
201,6.686433,6.5701695
202,6.832413,6.604378
203,5.596153,6.4525035
204,5.570989,6.4525035
205,6.807825,6.6833525
206,7.002672,6.747129
207,6.67095,6.6833525
208,6.534252,6.675611
209,6.66094,6.665945
210,6.72193,6.6786915
211,6.650983,6.665945
212,6.686769,6.665945
213,6.739287,6.6788595
214,6.812102,6.7043495
215,6.844603,6.7043495
216,6.831233,6.7043495
217,6.883832,6.7306085
218,6.903735,6.7756945
219,6.794096,6.803099
220,6.723629,6.803099
221,6.856127,6.8216675
222,6.934031,6.837918
223,6.807289,6.837918
224,6.747833,6.837918
225,6.882203,6.84368
226,6.887848,6.869165
227,6.671833,6.831708
228,6.624265,6.8006925
229,6.744622,6.777561
230,6.716385,6.777561
231,6.639383,6.7462275
232,6.573696,6.7305035
233,6.436993,6.694109
234,6.363617,6.655608
235,6.412468,6.631824
236,6.807351,6.631824
237,6.862998,6.631824
238,6.328385,6.6065395
239,6.451478,6.512587
240,6.544498,6.497988
241,5.748191,6.4442355
242,4.97382,6.4247305
243,7.326581,6.431973
244,4.809761,6.431973
245,6.326886,6.3899315
246,6.443956,6.3861705
247,6.591565,6.3861705
248,6.736266,6.447717
249,6.627497,6.494227
250,6.531843,6.4878995
251,6.478435,6.505139
252,6.486845,6.509344
253,6.60279,6.509344
254,6.577175,6.554509
255,6.539769,6.558472
256,6.678923,6.58437
257,6.779557,6.5899825
258,6.80069,6.5899825
259,6.770166,6.5899825
260,6.709955,6.6408565
261,6.7961,6.694439
262,6.912249,6.7400605
263,6.882635,6.7748615
264,6.870049,6.7878285
265,6.850099,6.798395
266,6.737656,6.798395
267,6.791503,6.798395
268,6.910549,6.8230995
269,6.880425,6.860074
270,6.815663,6.860074
271,6.807204,6.860074
272,6.803654,6.832881
273,6.781437,6.8114335
274,6.760051,6.805429
275,6.676914,6.7975785
276,6.621012,6.7975785
277,6.707854,6.7925455
278,6.763032,6.7722345
279,6.541636,6.7615415
280,6.464618,6.7339525
281,6.714562,6.711208
282,6.642789,6.692384
283,6.441237,6.6598515
284,6.583576,6.6319005
285,6.704924,6.6319005
286,6.302378,6.6131825
287,5.903799,6.562606
288,6.395601,6.503127
289,7.109958,6.524097
290,7.073328,6.6131825
291,7.6021,6.6131825
292,7.097566,6.64425
293,6.238721,6.64425
294,6.344939,6.5502625
295,6.547613,6.471607
296,6.043115,6.471607
297,6.204408,6.471607
298,6.708468,6.6280405
299,6.726494,6.6280405
300,6.597864,6.5727385
301,6.558191,6.552902
302,6.629807,6.552902
303,6.676777,6.5780275
304,6.724838,6.6138355
305,6.708349,6.653292
306,6.66388,6.6703285
307,6.785656,6.692563
308,6.945532,6.692563
309,6.921785,6.692563
310,6.816265,6.7165935
311,6.820273,6.755247
312,6.798038,6.791847
313,6.695148,6.791847
314,6.75752,6.791847
315,6.969008,6.8071515
316,7.007138,6.818269
317,6.775597,6.818269
318,6.669617,6.8071515
319,6.856148,6.8071515
320,6.941816,6.8091555
321,6.74934,6.7868175
322,6.523276,6.7665585
323,6.473316,6.7665585
324,6.585381,6.7624685
325,6.753397,6.7513685
326,6.652217,6.7094785
327,6.268815,6.660917
328,6.323801,6.618799
329,7.097524,6.618799
330,7.084056,6.618799
331,6.140156,6.5543285
332,6.003203,6.5293485
333,6.055613,6.454591
334,5.758497,6.296308
335,7.029389,6.296308
336,10.802894,6.296308
337,7.378069,6.676595
338,8.003234,7.0567225
339,6.728286,6.8788375
340,6.148187,6.4382365
341,6.602011,6.6651485
342,6.688349,6.7083175
343,6.310893,6.7083175
344,6.299384,6.7083175
345,6.595431,6.64518
346,6.70416,6.64518
347,6.518947,6.598721
348,6.49995,6.557189
349,6.802905,6.557189
350,6.944899,6.598721
351,6.787614,6.64189
352,6.653306,6.6243685
353,6.717762,6.678733
354,6.808937,6.710961
355,6.769212,6.743487
356,6.776429,6.7728205
357,6.913625,6.7820215
358,6.921988,6.7952595
359,6.732339,6.7820215
360,6.707404,6.7728205
361,6.919982,6.7728205
362,7.025645,6.792683
363,6.972948,6.861281
364,6.78471,6.8491675
365,6.590508,6.8491675
366,6.705149,6.8491675
367,6.912652,6.848681
368,6.824691,6.8047005
369,6.680378,6.8047005
370,6.722672,6.8047005
371,6.666722,6.753691
372,6.404034,6.7139105
373,6.396085,6.6927635
374,6.754778,6.6927635
375,6.86598,6.7139105
376,6.445771,6.701525
377,6.121841,6.67355
378,6.297443,6.5562465
379,6.399915,6.4249025
380,6.350535,6.4019745
381,6.796337,6.4019745
382,7.532343,6.422843
383,5.532636,6.422843
384,7.167611,6.422843
385,6.770776,6.422843
386,6.422763,6.411339
387,6.198484,6.411339
388,6.290635,6.411339
389,6.619144,6.5209535
390,6.664063,6.6416035
391,6.36551,6.5209535
392,6.325819,6.3941365
393,6.655543,6.5209535
394,6.782304,6.5209535
395,6.655528,6.5209535
396,6.629699,6.6244215
397,6.744061,6.6426135
398,6.790098,6.6555355
399,6.744685,6.659803
400,6.750538,6.699802
401,6.8246,6.744373
402,6.7809,6.7476115
403,6.747614,6.749076
404,6.830911,6.749076
405,6.854401,6.765719
406,6.833132,6.785499
407,6.895945,6.807349
408,6.919131,6.8277555
409,6.800299,6.8277555
410,6.754615,6.8277555
411,6.832829,6.83187
412,6.838646,6.8329805
413,6.720678,6.8329805
414,6.714552,6.8329805
415,6.738706,6.816564
416,6.669666,6.777457
417,6.704396,6.7466605
418,6.683495,6.729692
419,6.518582,6.717615
420,6.312277,6.709474
421,6.237459,6.6939455
422,6.870805,6.6939455
423,7.217386,6.6939455
424,6.72214,6.6939455
425,7.834657,6.6939455
426,9.339768,6.713268
427,5.850097,6.7028175
428,5.850097,6.620361
429,5.850097,6.5172085
430,9.150589,6.7964725
431,7.120673,6.995739
432,6.272807,6.9214065
433,5.88328,6.4974735
434,6.422842,6.3478245
435,6.756229,6.3478245
436,6.485369,6.3478245
437,6.453421,6.4381315
438,6.623374,6.469395
439,6.611902,6.5486355
440,6.670158,6.5486355
441,6.710556,6.5486355
442,6.642618,6.617638
443,6.67678,6.632996
444,6.809041,6.656388
445,6.776172,6.656388
446,6.628589,6.656388
447,6.747224,6.673469
448,6.887293,6.693668
449,6.809987,6.72889
450,6.848426,6.761698
451,7.007061,6.7926065
452,6.914512,6.809514
453,6.767048,6.809514
454,6.781874,6.7959305
455,6.746905,6.7959305
456,6.815495,6.812741
457,6.929728,6.8319605
458,6.880031,6.8319605
459,6.782234,6.8319605
460,6.706504,6.7988645
461,6.706275,6.782054
462,6.715574,6.774461
463,6.705293,6.7643895
464,6.738283,6.742594
465,6.683229,6.7269285
466,6.604303,6.711039
467,6.484215,6.7063895
468,6.234656,6.705784
469,6.253816,6.694261
470,6.639503,6.661366
471,6.823569,6.661366
472,6.784018,6.661366
473,6.825646,6.661366
474,6.460269,6.621903
475,5.039042,6.544259
476,20.638543,6.561859
477,7.267858,6.7117605
478,6.1644,6.7117605
479,5.964072,6.7117605
480,6.21835,6.6221435
481,6.390884,6.4255765
482,6.609189,6.4255765
483,6.750394,6.4255765
484,6.645681,6.5000365
485,6.459338,6.5342635
486,6.375177,6.425111
487,6.563075,6.425111
488,6.850826,6.5112065
489,6.778746,6.586132
490,6.613083,6.611136
491,6.701945,6.629382
492,6.717291,6.673813
493,6.716234,6.673813
494,6.869496,6.7090895
495,6.875255,6.7167625
496,6.808016,6.7480185
497,6.913682,6.793381
498,6.893878,6.793381
499,6.715344,6.7626535
500,6.798026,6.803021
501,6.922461,6.838756
502,6.812773,6.8411345
503,6.801931,6.8411345
504,6.811048,6.8119105
505,6.670444,6.809532
506,6.676845,6.8064895
507,6.847763,6.8064895
508,6.819375,6.8064895
509,6.778104,6.8064895
510,6.733879,6.778104
511,6.408357,6.778104
512,6.333981,6.733879
513,6.495011,6.495011
514,6.732319,6.495011
515,7.212899,6.495011
516,6.825989,6.732319
517,5.629604,6.732319
518,5.538324,6.732319
519,6.190315,6.190315
520,6.733598,6.190315
521,7.450855,6.190315
522,6.038691,6.190315
523,10.705363,6.733598
524,6.755412,6.755412
525,5.718939,6.755412
526,6.130064,6.130064
527,6.665733,6.665733
528,6.735372,6.665733
529,6.314543,6.314543
530,6.311332,6.314543
531,6.746091,6.665733
532,6.804068,6.735372
533,6.600401,6.600401
534,6.495762,6.600401
535,6.51648,6.600401
536,6.645349,6.600401
537,6.845823,6.600401
538,6.904597,6.645349
539,6.734075,6.734075
540,6.67671,6.734075
541,6.81475,6.81475
542,6.902132,6.81475
543,6.896897,6.81475
544,6.877349,6.877349
545,6.834038,6.877349
546,6.859182,6.877349
547,6.892214,6.877349
548,6.801275,6.859182
549,6.811174,6.834038
550,6.897818,6.859182
551,6.849999,6.849999
552,6.731183,6.811174
553,6.720522,6.811174
554,6.78668,6.78668
555,6.763453,6.763453
556,6.677772,6.731183
557,6.551355,6.720522
558,6.457139,6.677772
559,6.621531,6.621531
560,6.704954,6.621531
561,6.558193,6.558193
562,6.534885,6.558193
563,6.435632,6.558193
564,6.539229,6.539229
565,6.899319,6.539229
566,6.315998,6.534885
567,4.491529,6.435632
568,5.295522,6.315998
569,23.902763,6.315998
570,3.69404,5.295522
571,6.817736,5.295522
572,6.911071,6.817736
573,6.657825,6.817736
574,6.571033,6.657825
575,6.485549,6.657825
576,6.189299,6.571033
577,6.261295,6.485549
578,6.60359,6.485549
579,6.753835,6.485549
580,6.714445,6.60359
581,6.573688,6.60359
582,6.607322,6.607322
583,6.710144,6.710144
584,6.772882,6.710144
585,6.834437,6.710144
586,6.821293,6.772882
587,6.68759,6.772882
588,6.757195,6.772882
589,6.976152,6.821293
590,6.909564,6.821293
591,6.7602,6.7602
592,6.801487,6.801487
593,6.845456,6.845456
594,6.812493,6.812493
595,6.796035,6.801487
596,6.856263,6.812493
597,6.886202,6.845456
598,6.749396,6.812493
599,6.695951,6.796035
600,6.816012,6.816012
601,6.801111,6.801111
602,6.632756,6.749396
603,6.634517,6.695951
604,6.782392,6.782392
605,6.665972,6.665972
606,6.446793,6.634517
607,6.326873,6.634517
608,6.114324,6.446793
609,6.398944,6.398944
610,6.767261,6.398944
611,6.592632,6.398944
612,6.67467,6.592632
613,6.810712,6.67467
614,6.287253,6.67467
615,5.970219,6.592632
616,3.997173,6.287253
617,6.297137,6.287253
618,6.78863,6.287253
619,7.163281,6.297137
620,7.049559,6.78863
621,6.17322,6.78863
622,5.916603,6.78863
623,6.494799,6.494799
624,6.724101,6.494799
625,6.648981,6.494799
626,6.687682,6.648981
627,6.674565,6.674565
628,6.62393,6.674565
629,6.758395,6.674565
630,6.852777,6.687682
631,6.800653,6.758395
632,6.672793,6.758395
633,6.587487,6.758395
634,6.712156,6.712156
635,6.93277,6.712156
636,6.986998,6.712156
637,6.823243,6.823243
638,6.71746,6.823243
639,6.800267,6.823243
640,6.983229,6.823243
641,6.984892,6.823243
642,6.787198,6.800267
643,6.777149,6.800267
644,6.903811,6.903811
645,6.798979,6.798979
646,6.627741,6.787198
647,6.740987,6.777149
648,6.822424,6.798979
649,6.653261,6.740987
650,6.554128,6.653261
651,6.657904,6.657904
652,6.734916,6.657904
653,6.655402,6.655402
654,6.46147,6.655402
655,6.3306,6.655402
656,6.612627,6.612627
657,6.733552,6.612627
658,6.194755,6.46147
659,5.875971,6.3306
660,6.315343,6.315343
661,7.089202,6.315343
662,8.686445,6.315343
663,7.149967,7.089202
664,6.092246,7.089202
665,5.412735,7.089202
666,6.405967,6.405967
667,7.233019,6.405967
668,6.91118,6.405967
669,6.056977,6.405967
670,6.038719,6.405967
671,6.598328,6.598328
672,6.722193,6.598328
673,6.543191,
674,6.615415,
675,6.803899,
676,6.858332,
677,6.836171,
678,6.716367,
679,6.648452,
680,6.671707,
681,6.751294,
682,6.917514,
683,7.190163,
684,9.339504,
685,18.917416,
686,35.00912,
687,44.555238,
688,44.555238,
689,44.555238,
690,44.555238,
691,44.555238,
692,44.555238,
693,44.555238,
694,44.555238,
695,44.555238,
696,44.555238,
697,44.555238,
698,44.555238,
699,44.555238,
700,44.555238,
701,44.555238,
702,44.555238,
703,44.555238,
704,44.555238,
705,44.555238,
706,44.555238,
707,44.555238,
708,44.555238,
709,44.555238,
710,44.555238,
711,44.555238,
712,44.555238,
713,44.555238,
714,44.555238,
715,44.555238,
716,44.555238,
717,44.555238,
718,44.555238,
719,44.555238,
720,44.555238,
721,44.555238,
722,44.555238,
723,44.555238,
724,44.555238,
725,44.555238,
726,44.555238,
727,44.555238,
728,44.555238,
729,44.555238,
730,44.555238,
731,44.555238,
732,44.555238,
733,44.555238,
734,44.555238,
735,44.555238,
736,44.555238,
737,44.555238,
738,44.555238,
739,44.555238,
740,44.555238,
741,44.555238,
742,44.555238,
743,44.555238,
744,44.555238,
745,44.555238,
746,44.555238,
747,44.555238,
748,44.555238,
749,44.555238,
750,44.555238,
751,44.555238,
752,44.555238,
753,44.555238,
754,44.555238,
755,44.555238,
756,44.555238,
757,44.555238,
758,44.555238,
759,44.555238,
760,44.555238,
761,44.555238,
762,44.555238,
763,44.555238,
764,44.555238,
765,44.555238,
766,44.555238,
767,44.555238,
768,44.555238,
769,44.555238,
770,44.555238,
771,44.555238,
772,44.555238,
773,44.555238,
774,44.555238,
775,44.555238,
776,44.555238,
777,44.555238,
778,44.555238,
779,44.555238,
780,44.555238,
781,44.555238,
782,44.555238,
783,44.555238,
784,44.555238,
785,44.555238,
786,44.555238,
787,44.555238,
788,44.555238,
789,44.555238,
790,44.555238,
791,44.555238,
792,44.555238,
793,44.555238,
794,44.555238,
795,44.555238,
796,44.555238,
797,44.555238,
798,44.555238,
799,44.555238,
800,44.555238,
801,44.555238,
802,44.555238,
803,44.555238,
804,44.555238,
805,44.555238,
806,44.555238,
807,44.555238,
808,44.555238,
809,44.555238,
810,44.555238,
811,44.555238,
812,44.555238,
813,44.555238,
814,44.555238,
815,44.555238,
816,44.555238,
817,44.555238,
818,44.555238,
819,44.555238,
820,44.555238,
821,44.555238,
822,44.555238,
823,44.555238,
824,44.555238,
825,44.555238,
826,44.555238,
827,44.555238,
828,44.555238,
829,44.555238,
830,44.555238,
831,44.555238,
832,44.555238,
833,44.555238,
834,44.555238,
835,44.555238,
836,44.555238,
837,44.555238,
838,44.555238,
839,44.555238,
840,44.555238,
841,44.555238,
842,44.555238,
843,44.555238,
844,44.555238,
845,44.555238,
846,44.555238,
847,44.555238,
848,44.555238,
849,44.555238,
850,44.555238,
851,44.555238,
852,44.555238,
853,44.555238,
854,44.555238,
855,44.555238,
856,44.555238,
857,44.555238,
858,44.555238,
859,44.555238,
860,44.555238,
861,44.555238,
862,44.555238,
863,44.555238,
864,44.555238,
865,44.555238,
866,44.555238,
867,44.555238,
868,44.555238,
869,44.555238,
870,44.555238,
871,44.555238,
872,44.555238,
873,44.555238,
874,44.555238,
875,44.555238,
876,44.555238,
877,44.555238,
878,44.555238,
879,44.555238,
880,44.555238,
881,44.555238,
882,44.555238,
883,44.555238,
884,44.555238,
885,44.555238,
886,44.555238,
887,44.555238,
888,44.555238,
889,44.555238,
890,44.555238,
891,44.555238,
892,44.555238,
893,44.555238,
894,44.555238,
895,44.555238,
896,44.555238,
897,44.555238,
898,44.555238,
899,44.555238,
900,44.555238,
901,44.555238,
902,44.555238,
903,44.555238,
904,44.555238,
905,44.555238,
906,44.555238,
907,44.555238,
908,44.555238,
909,44.555238,
910,44.555238,
911,44.555238,
912,44.555238,
913,44.555238,
914,44.555238,
915,44.555238,
916,44.555238,
917,44.555238,
918,44.555238,
919,44.555238,
920,44.555238,
921,44.555238,
922,44.555238,
923,44.555238,
924,44.555238,
925,44.555238,
926,44.555238,
927,44.555238,
928,44.555238,
929,44.555238,
930,44.555238,
931,44.555238,
932,44.555238,
933,44.555238,
934,44.555238,
935,44.555238,
936,44.555238,
937,44.555238,
938,44.555238,
939,44.555238,
940,44.555238,
941,44.555238,
942,44.555238,
943,44.555238,
944,44.555238,
945,44.555238,
946,44.555238,
947,44.555238,
948,44.555238,
949,44.555238,
950,44.555238,
951,44.555238,
952,44.555238,
953,44.555238,
954,44.555238,
955,44.555238,
956,44.555238,
957,44.555238,
958,44.555238,
959,44.555238,
960,44.555238,
961,44.555238,
962,44.555238,
963,44.555238,
964,44.555238,
965,44.555238,
966,44.555238,
967,44.555238,
968,44.555238,
969,44.555238,
970,44.555238,
971,44.555238,
972,44.555238,
973,44.555238,
974,44.555238,
975,44.555238,
976,44.555238,
977,44.555238,
978,44.555238,
979,44.555238,
980,44.555238,
981,44.555238,
982,44.555238,
983,44.555238,
984,44.555238,
985,44.555238,
986,44.555238,
987,44.555238,
988,44.555238,
989,44.555238,
990,44.555238,
991,44.555238,
992,44.555238,
993,44.555238,
994,44.555238,
995,44.555238,
996,44.555238,
997,44.555238,
998,44.555238,
999,44.555238,
