0,0,0
1,0,0
2,0,0
3,0,0
4,0,0
5,0,0
6,0,0
7,0,0
8,0,0
9,0,0
10,0,0
11,0,0
12,0,0
13,0,0
14,0,0
15,0,0
16,0,0
17,0,0
18,0,0
19,0,0
20,0,0
21,0,0
22,0,0
23,0,0
24,0,0
25,0,0
26,0,0
27,0,0
28,0,0
29,0,0
30,0,0
31,0,0
32,0,0
33,0,0
34,0,0
35,0,0
36,0,0
37,0,0
38,0,0
39,0,0
40,0,0
41,0,0
42,0,0
43,0,0
44,0,0
45,0,0
46,0,0
47,0,0
48,0,0
49,0,0
50,0,0
51,0,0
52,0,0
53,0,0
54,0,0
55,0,0
56,0,0
57,0,0
58,0,0
59,0,0
60,0,0
61,0,0
62,0,0
63,0,0
64,0,0
65,0,0
66,0,0
67,0,0
68,0,0
69,0,0
70,0,0
71,0,0
72,0,0
73,0,0
74,0,0
75,0,0
76,0,0
77,0,0
78,0,0
79,0,0
80,0,0
81,0,0
82,0,0
83,0,0
84,0,0
85,0,0
86,0,0
87,0,0
88,0,0
89,0,0
90,0,0
91,0,0
92,0,0
93,0,0
94,0,0
95,0,0
96,0,0
97,0,0
98,0,0
99,0,0
100,6.820387,6.86680989
101,6.806134,6.86677907
102,6.800869,6.86685001
103,6.803025,6.86689204
104,6.807951,6.86676935
105,6.809951,6.86638761
106,6.804806,6.86572751
107,6.791667,6.86485242
108,6.77361,6.86388694
109,6.756737,6.86297219
110,6.748322,6.86221134
111,6.754683,6.86162177
112,6.779459,6.86110885
113,6.822588,6.86046964
114,6.879946,6.85942652
115,6.943352,6.8576839
116,7.000805,6.85499855
117,7.037205,6.85125342
118,7.036154,6.8465236
119,6.983294,6.84111982
120,6.870928,6.83559118
121,6.702817,6.83066948
122,6.497281,6.82714467
123,6.286496,6.82568038
124,6.110267,6.82660874
125,6.004363,6.8297776
126,5.98731,6.83453391
127,6.052997,6.83988452
128,6.174204,6.84478369
129,6.314458,6.84842355
130,6.440698,6.85041579
131,6.531269,6.85082758
132,6.578043,6.85010322
133,6.583979,6.84894117
134,6.558104,6.84822332
135,6.510031,6.84918657
136,6.44581,6.85485529
137,6.365928,6.93683481
138,6.264636,6.92433912
139,6.127662,6.92009748
140,5.920604,6.92004749
141,5.532872,6.92395264
142,4.280538,6.93318551
143,30.216886,6.95603622
144,7.860712,6.72024559
145,7.092901,6.70834822
146,6.780512,6.70408803
147,6.598672,6.70260696
148,6.481129,6.70241002
149,6.408348,6.70280367
150,6.372248,6.70342219
151,6.366318,6.7040769
152,6.382832,6.70468701
153,6.412998,6.70523855
154,6.448291,6.70575615
155,6.481953,6.70628217
156,6.50999,6.70686055
157,6.531298,6.70752535
158,6.546863,6.70829463
159,6.558444,6.70916985
160,6.567483,6.7101384
161,6.574864,6.71117545
162,6.581551,6.71224293
163,6.589436,6.71328705
164,6.601437,6.71423919
165,6.620418,6.7150252
166,6.647351,6.71558358
167,6.679889,6.71588794
168,6.712447,6.71596467
169,6.737998,6.71589756
170,6.750829,6.7158158
171,6.74895,6.71586752
172,6.735099,6.71618553
173,6.715962,6.7168536
174,6.699948,6.71788217
175,6.694413,6.71920056
176,6.703405,6.72066921
177,6.726717,6.7221092
178,6.760422,6.72334092
179,6.798429,6.7242213
180,6.834333,6.72467102
181,6.86292,6.72468675
182,6.881042,6.72433762
183,6.887864,6.72374746
184,6.884607,6.72306689
185,6.874001,6.72244179
186,6.859578,6.72198561
187,6.844957,6.72176184
188,6.833187,6.72177867
189,6.826205,6.72199372
190,6.824471,6.72232515
191,6.826939,6.72266667
192,6.831439,6.72290521
193,6.835467,6.72294047
194,6.837098,6.72270315
195,6.835652,6.72216729
196,6.831796,6.72135243
197,6.827038,6.72031428
198,6.822856,6.71912656
199,6.819856,6.71786003
200,6.817305,6.7165662
201,6.813228,6.71527178
202,6.805072,6.71398611
203,6.790756,6.71271842
204,6.769777,6.71149702
205,6.743941,6.71038044
206,6.717297,6.70945183
207,6.695119,6.70879333
208,6.682135,6.70844467
209,6.680652,6.70835983
210,6.689365,6.70838127
211,6.703391,6.7082499
212,6.715538,6.70765845
213,6.718276,6.70634
214,6.705684,6.70416758
215,6.674817,6.70122981
216,6.626292,6.69784526
217,6.564223,6.69449313
218,6.495776,6.69167144
219,6.43043,6.68973264
220,6.378758,6.68876178
221,6.350336,6.68854152
222,6.350852,6.68861149
223,6.379332,6.68840141
224,6.427153,6.68740349
225,6.479994,6.68534316
226,6.522371,6.68230906
227,6.542914,6.67882352
228,6.53819,6.67590416
229,6.513682,6.67552272
230,6.481877,6.68882233
231,6.458833,6.67396901
232,6.461838,6.66827682
233,6.512194,6.66546307
234,6.654429,6.66381284
235,7.076903,6.66171414
236,14.643762,6.65587423
237,5.116359,6.57453216
238,5.840472,6.58847851
239,6.122663,6.59517086
240,6.311119,6.59906135
241,6.456159,6.60112187
242,6.565609,6.60179598
243,6.637823,6.60143173
244,6.670975,6.60040033
245,6.666882,6.59911377
246,6.632405,6.5979832
247,6.578978,6.59734729
248,6.520494,6.59740545
249,6.4702,6.59818664
250,6.437719,6.59956644
251,6.427329,6.60132286
252,6.437986,6.60320651
253,6.464758,6.60500032
254,6.500893,6.6065549
255,6.539791,6.60779908
256,6.57647,6.60873258
257,6.608226,6.60940843
258,6.634385,6.60991181
259,6.655299,6.61034091
260,6.671188,6.6107942
261,6.681612,6.61136459
262,6.685963,6.61213519
263,6.68465,6.61317004
264,6.680038,6.61449738
265,6.676256,6.6160917
266,6.677787,6.6178667
267,6.687562,6.61968839
268,6.705736,6.62140757
269,6.729822,6.62289901
270,6.756001,6.6240907
271,6.780751,6.62497197
272,6.801906,6.62558113
273,6.818819,6.6259824
274,6.831787,6.6262433
275,6.841278,6.62641953
276,6.847404,6.62654851
277,6.849889,6.62664936
278,6.84846,6.62672653
279,6.843401,6.62677499
280,6.835906,6.62678565
281,6.828007,6.62675007
282,6.822026,6.62666373
283,6.819807,6.62652762
284,6.822097,6.62634764
285,6.828383,6.62613127
286,6.837201,6.62588149
287,6.84664,6.62559025
288,6.854692,6.62523568
289,6.859348,6.62478759
290,6.858623,6.62422175
291,6.850793,6.62353735
292,6.834965,6.6227685
293,6.811735,6.62198157
294,6.783512,6.62125728
295,6.754166,6.62066399
296,6.727981,6.62023262
297,6.708266,6.61994269
298,6.696203,6.61972433
299,6.690473,6.61947595
300,6.687863,6.61909249
301,6.684661,6.61849584
302,6.678303,6.61765697
303,6.668616,6.61660054
304,6.658119,6.61538843
305,6.65108,6.61408758
306,6.651447,6.61273627
307,6.660253,6.61132554
308,6.673651,6.60980763
309,6.682796,6.60813031
310,6.676228,6.60628327
311,6.644246,6.60433527
312,6.583693,6.60244356
313,6.501034,6.60082778
314,6.411907,6.59971543
315,6.336362,6.59927895
316,6.291079,6.5995917
317,6.282054,6.60062286
318,6.301896,6.60226931
319,6.333344,6.60439702
320,6.356732,6.60685726
321,6.357333,6.60945393
322,6.329844,6.61179849
323,6.27954,6.61165118
324,6.22112,6.61736945
325,6.176584,6.62115181
326,6.173817,6.62405196
327,6.250978,6.62605849
328,6.500046,6.62680807
329,7.843643,6.62500933
330,4.996545,6.61003033
331,5.889614,6.62391413
332,6.180463,6.62922983
333,6.347171,6.63187565
334,6.444559,6.63296385
335,6.492912,6.63312193
336,6.509555,6.63286168
337,6.510994,6.63258647
338,6.509707,6.63255018
339,6.511712,6.63284916
340,6.517171,6.63346055
341,6.52357,6.63430251
342,6.529184,6.63528242
343,6.534683,6.63631627
344,6.542319,6.63732605
345,6.553825,6.63823428
346,6.568814,6.63897058
347,6.584794,6.6394909
348,6.598613,6.63979857
349,6.60818,6.63995387
350,6.613361,6.64006539
351,6.615694,6.64026516
352,6.617367,6.64067549
353,6.620216,6.6413777
354,6.625311,6.64239184
355,6.633141,6.64367279
356,6.644055,6.64512375
357,6.658564,6.64662286
358,6.677295,6.64805411
359,6.700628,6.64933185
360,6.728227,6.65041047
361,6.758672,6.65127788
362,6.789448,6.6519398
363,6.817384,6.65240543
364,6.83947,6.65268192
365,6.853756,6.65277748
366,6.859956,6.65270745
367,6.85948,6.65249775
368,6.85488,6.65218417
369,6.848991,6.6518096
370,6.844128,6.65142133
371,6.841667,6.6510683
372,6.842033,6.65079609
373,6.844909,6.65063879
374,6.84941,6.65060975
375,6.854176,6.65069547
376,6.857489,6.65085558
377,6.857606,6.65102928
378,6.853306,6.65114567
379,6.844467,6.65113497
380,6.832348,6.65093834
381,6.819373,6.6505156
382,6.808415,6.64985094
383,6.801809,6.64895671
384,6.80046,6.64787472
385,6.803405,6.64667304
386,6.808077,6.6454362
387,6.811183,6.64424793
388,6.809883,6.64316974
389,6.802764,6.64222204
390,6.790183,6.64137529
391,6.773908,6.64055555
392,6.756272,6.63966213
393,6.739306,6.63859048
394,6.724183,6.6372525
395,6.711029,6.6355922
396,6.698988,6.63360181
397,6.68643,6.63134415
398,6.671365,6.62897651
399,6.652127,6.62675545
400,6.628198,6.62499671
401,6.600774,6.62398329
402,6.57266,6.62385085
403,6.547405,6.62450522
404,6.528034,6.62561861
405,6.515949,6.62671432
406,6.510374,6.62731007
407,6.508462,6.62706769
408,6.505919,6.62589587
409,6.498092,6.62397019
410,6.481428,6.6216634
411,6.455075,6.61941042
412,6.422115,6.61755017
413,6.389799,6.61617655
414,6.368259,6.61498007
415,6.367637,6.61285458
416,6.394195,6.60445732
417,6.446699,6.625649
418,6.514667,6.63176485
419,6.579368,6.6347372
420,6.616399,6.63584914
421,6.591789,6.6358278
422,6.315113,6.63555168
423,6.851367,6.63771366
424,6.599356,6.63428751
425,6.466599,6.63320804
426,6.37447,6.63331206
427,6.325936,6.63423008
428,6.320172,6.63558978
429,6.345743,6.63705379
430,6.384925,6.63840653
431,6.421184,6.63958894
432,6.445045,6.64066393
433,6.455991,6.64173998
434,6.460367,6.64289516
435,6.466887,6.64413474
436,6.482034,6.64539434
437,6.507365,6.64657781
438,6.539605,6.64760525
439,6.572851,6.64844594
440,6.601367,6.649125
441,6.621561,6.64970877
442,6.632569,6.65028306
443,6.635661,6.65093589
444,6.633142,6.65174792
445,6.627455,6.65278632
446,6.620846,6.65409574
447,6.615561,6.6556837
448,6.614143,6.65750442
449,6.619332,6.65945033
450,6.633338,6.66136159
451,6.656727,6.66305781
452,6.687588,6.664386
453,6.72163,6.66526803
454,6.753406,6.66572733
455,6.778237,6.66588159
456,6.793966,6.66590304
457,6.801689,6.66596235
458,6.805069,6.66617811
459,6.80849,6.66658944
460,6.814968,6.66715874
461,6.824864,6.6677994
462,6.836011,6.66841498
463,6.845033,6.66893371
464,6.849026,6.66932666
465,6.846753,6.66960603
466,6.838986,6.66980816
467,6.828122,6.66997029
468,6.817423,6.67011073
469,6.810164,6.67021951
470,6.808825,6.67026217
471,6.814446,6.67019451
472,6.826303,6.66998165
473,6.842005,6.6696128
474,6.857982,6.66910527
475,6.870187,6.66849684
476,6.874859,6.66783153
477,6.869245,6.66714655
478,6.852236,6.66646636
479,6.824804,6.66580489
480,6.790074,6.66517231
481,6.752907,6.66458048
482,6.718992,6.66404184
483,6.69361,6.66355996
484,6.680292,6.66311558
485,6.679721,6.6626569
486,6.68925,6.66210346
487,6.703364,6.66136745
488,6.715113,6.66038651
489,6.718089,6.65915439
490,6.708209,6.65773499
491,6.684566,6.6562527
492,6.649107,6.65486325
493,6.605508,6.65371809
494,6.558153,6.65293582
495,6.51199,6.65258538
496,6.473222,6.65267349
497,6.449666,6.65312506
498,6.449259,6.65375707
499,6.476253,6.65426686
500,6.526856,6.65426753
501,6.58753,6.65338786
502,6.638097,6.65141651
503,6.658744,6.64843607
504,6.637605,6.64488794
505,6.575524,6.64153659
506,6.486136,6.63935039
507,6.39128,6.63939429
508,6.313351,6.64304819
509,6.267413,6.65488222
510,6.25613,6.66717563
511,6.26905,6.66158354
512,6.284753,6.66028373
513,6.270151,6.6606509
514,6.15571,6.66217973
515,5.527911,6.66551674
516,8.513363,6.67561752
517,7.058284,6.65622566
518,6.811902,6.65161512
519,6.690562,6.64954081
520,6.614265,6.64858082
521,6.564177,6.64813216
522,6.531311,6.64783373
523,6.508752,6.64749002
524,6.491409,6.64705193
525,6.477001,6.64658064
526,6.466272,6.64619174
527,6.461906,6.64599848
528,6.466573,6.64607254
529,6.481017,6.64642924
530,6.503166,6.64703339
531,6.528683,6.64781747
532,6.55265,6.6487047
533,6.571509,6.6496313
534,6.584325,6.65056234
535,6.592847,6.65149557
536,6.600381,6.65245075
537,6.610109,6.6534488
538,6.623674,6.65449123
539,6.640757,6.65555093
540,6.659744,6.65657837
541,6.67899,6.65751819
542,6.697852,6.65832632
543,6.716864,6.65897983
544,6.736982,6.65947796
545,6.758397,6.65983784
546,6.779642,6.66008974
547,6.797633,6.66027499
548,6.808734,6.66044569
549,6.810458,6.66066272
550,6.80296,6.66098771
551,6.789546,6.661468
552,6.775791,6.66211846
553,6.76756,6.66290854
554,6.768832,6.6637628
555,6.780382,6.66457734
556,6.799897,6.66524606
557,6.823265,6.66568549
558,6.846202,6.66584948
559,6.86542,6.66573221
560,6.879034,6.66536397
561,6.886422,6.66480431
562,6.887884,6.66413267
563,6.884328,6.66343389
564,6.876963,6.66277856
565,6.866966,6.66220436
566,6.855199,6.66170776
567,6.842166,6.66125179
568,6.828301,6.66078584
569,6.81443,6.660266
570,6.802059,6.65966428
571,6.79316,6.65896349
572,6.789418,6.65814524
573,6.791252,6.65718406
574,6.797139,6.65605625
575,6.803656,6.65476095
576,6.806361,6.65334055
577,6.801226,6.65188489
578,6.786089,6.65051067
579,6.761546,6.64932041
580,6.730891,6.64835702
581,6.699043,6.64757499
582,6.670804,6.64684511
583,6.649172,6.64599695
584,6.634424,6.64488598
585,6.624377,6.64345841
586,6.615649,6.64178398
587,6.60527,6.64004062
588,6.591901,6.63845857
589,6.576149,6.63725051
590,6.55998,6.63655577
591,6.545621,6.63641124
592,6.534591,6.63674517
593,6.527281,6.63738445
594,6.523109,6.63807589
595,6.520801,6.63853898
596,6.518379,6.63858264
597,6.512867,6.63832395
598,6.500238,6.63853952
599,6.47632,6.64116449
600,6.438889,6.65000124
601,6.390395,6.6723188
602,6.340053,6.72739581
603,6.303931,6.78297624
604,6.30247,6.83891789
605,6.356904,6.89487415
606,6.490526,6.86981527
607,6.75667,6.86448057
608,7.496754,6.86724177
609,7.496754,6.86832706
610,5.696921,6.87170948
611,6.139069,6.89295434
612,6.32147,6.90807617
613,6.423034,6.91889964
614,6.489411,6.92611555
615,6.537989,6.93040243
616,6.574177,6.9324729
617,6.59723,6.93300032
618,6.604471,6.93257396
619,6.594563,6.93169472
620,6.569399,6.93078375
621,6.534334,6.93017874
622,6.49694,6.9301139
623,6.464943,6.93069833
624,6.44428,6.93191189
625,6.438111,6.9336283
626,6.446946,6.93565993
627,6.469312,6.93780899
628,6.502243,6.93990992
629,6.541432,6.94185452
630,6.581574,6.94359834
631,6.617406,6.94515046
632,6.64531,6.94655157
633,6.664613,6.94784764
634,6.677648,6.94906845
635,6.688365,6.95021923
636,6.700186,6.95128794
637,6.714352,6.95226334
638,6.729644,6.95315253
639,6.743501,6.95398713
640,6.753726,6.95481387
641,6.759803,6.95567468
642,6.763203,6.95658671
643,6.766677,6.95753201
644,6.77297,6.95846102
645,6.783587,6.95930761
646,6.798167,6.96000896
647,6.814703,6.96052258
648,6.830437,6.96083529
649,6.842957,6.96096354
650,6.850989,6.96094762
651,6.854592,6.9608428
652,6.854799,6.96070839
653,6.852986,6.96059429
654,6.850286,6.96052599
655,6.847254,6.96049286
656,6.84384,6.96044743
657,6.839664,6.96032088
658,6.834475,6.96005195
659,6.828596,6.95961761
660,6.823068,6.95904966
661,6.819258,6.95842606
662,6.818006,6.9578388
663,6.818795,6.95735361
664,6.819543,6.9569817
665,6.817306,6.95667638
666,6.809602,6.95635299
667,6.795571,6.9559196
668,6.776317,6.95530489
669,6.754258,6.95447529
670,6.73198,6.95344058
671,6.711335,6.95224989
672,6.6933,6.95098007
673,6.678471,6.94971835
674,6.667609,6.94854353
675,6.661616,6.94751152
676,6.660795,6.94664975
677,6.663804,6.94595921
678,6.667063,6.94541924
679,6.665207,6.9449913
680,6.652688,6.9446237
681,6.626055,6.94426282
682,6.585988,6.94387208
683,6.538075,6.9434513
684,6.491667,6.94304243
685,6.456934,6.94271028
686,6.441313,6.94249874
687,6.447065,6.94237812
688,6.471095,6.94220679
689,6.506675,6.94172543
690,6.545527,6.94059033
691,6.579014,6.93844161
692,6.598519,6.93499156
693,6.596425,6.93009667
694,6.569418,6.9237107
695,6.525167,6.91508094
696,6.49251,6.92390108
697,6.534424,6.92062511
698,6.762735,6.91614536
699,7.359995,6.90942546
700,8.670645,6.89704554
701,11.898096,6.87197395
702,11.898096,6.81510159
703,11.898096,6.75877712
704,11.898096,6.70309915
705,3.851016,6.64816112
706,5.957056,6.67447553
707,7.03279,6.68046468
708,7.605283,6.67629047
709,7.834996,6.66677707
710,7.821407,6.65512652
711,7.651252,6.64357914
712,7.403817,6.63357337
713,7.144625,6.62582593
714,6.918099,6.62045385
715,6.745036,6.61716279
716,6.626919,6.61546641
717,6.554594,6.61487193
718,6.516547,6.61498337
719,6.503466,6.61552025
720,6.508898,6.61628798
721,6.52785,6.61714388
722,6.555383,6.61798427
723,6.586299,6.61875186
724,6.615921,6.61944549
725,6.641274,6.62011384
726,6.661852,6.62082761
727,6.679405,6.62164052
728,6.696703,6.62255857
729,6.715814,6.62353322
730,6.736786,6.62448113
731,6.757517,6.62531872
732,6.774917,6.62599278
733,6.786694,6.62649274
734,6.792726,6.62684258
735,6.795236,6.62708159
736,6.797726,6.62724705
737,6.803271,6.62736675
738,6.813104,6.62746135
739,6.826175,6.62755025
740,6.839807,6.62765375
741,6.851006,6.62778839
742,6.857733,6.62795738
743,6.859578,6.62814223
744,6.857629,6.62830192
745,6.853722,6.62838304
746,6.849529,6.62833859
747,6.845974,6.62814763
748,6.843262,6.62782566
749,6.841365,6.62741888
750,6.840507,6.6269837
751,6.841151,6.62656141
752,6.843389,6.62616116
753,6.846156,6.62576032
754,6.846973,6.6253214
755,6.842711,6.62481524
756,6.831185,6.62423623
757,6.812771,6.62360029
758,6.791041,6.62292665
759,6.771801,6.62221439
760,6.760708,6.62142831
761,6.760532,6.62050423
762,6.769487,6.61937278
763,6.781604,6.61798999
764,6.789011,6.61635922
765,6.784967,6.61453475
766,6.766263,6.61260907
767,6.7341,6.61069434
768,6.693357,6.60890846
769,6.650787,6.60736841
770,6.612911,6.60618403
771,6.584353,6.6054421
772,6.567128,6.60517789
773,6.560989,6.60534361
774,6.564408,6.60579209
775,6.575439,6.60629103
776,6.591741,6.60657075
777,6.609807,6.60639378
778,6.624269,6.60562235
779,6.628447,6.60425505
780,6.6166,6.60241187
781,6.586981,6.60026871
782,6.54391,6.59796945
783,6.497188,6.59555724
784,6.458452,6.59295689
785,6.43578,6.59000832
786,6.429251,6.58649982
787,6.429932,6.58204245
788,6.422959,6.57490288
789,6.393165,6.56783304
790,6.330655,6.57498534
791,6.234009,6.57996638
792,6.10903,6.58506335
793,5.957828,6.59074025
794,5.706442,6.597176
795,7.407181,6.60534861
796,6.164913,6.59587404
797,6.086449,6.59846364
798,6.090745,6.60181159
799,6.122003,6.60535895
800,6.163486,6.6089619
801,6.21086,6.61248845
802,6.265649,6.6157437
803,6.330299,6.61849189
804,6.404293,6.62052231
805,6.482457,6.62172067
806,6.555971,6.62211405
807,6.615369,6.62187119
808,6.653943,6.62125918
809,6.669941,6.62057436
810,6.666669,6.62007245
811,6.650675,6.61992041
812,6.629073,6.62018284
813,6.607417,6.62084175
814,6.588993,6.62183476
815,6.575398,6.62309038
816,6.567471,6.62454481
817,6.565738,6.62613993
818,6.570235,6.62781511
819,6.580239,6.62950718
820,6.594488,6.63116212
821,6.611889,6.63274873
822,6.632142,6.63426051
823,6.655662,6.63570048
824,6.682756,6.63705836
825,6.712651,6.63829729
826,6.743143,6.63936186
827,6.77121,6.64020443
828,6.794168,6.64081337
829,6.810605,6.64122594
830,6.820545,6.64151903
831,6.824923,6.64178455
832,6.824913,6.64210352
833,6.821678,6.64252958
834,6.816627,6.6430831
835,6.811782,6.64375067
836,6.809696,6.64448525
837,6.812731,6.64520839
838,6.821994,6.64581971
839,6.836525,6.64621702
840,6.853271,6.64632384
841,6.867905,6.64611513
842,6.876218,6.64563102
843,6.875547,6.64497188
844,6.865741,6.64427397
845,6.849277,6.64367116
846,6.830433,6.64325312
847,6.813777,6.64303365
848,6.802584,6.6429416
849,6.797847,6.64284019
850,6.798278,6.64257008
851,6.801126,6.64200156
852,6.803305,6.64107756
853,6.802264,6.63983246
854,6.796357,6.63838086
855,6.78481,6.63688139
856,6.767591,6.63548942
857,6.745407,6.63431548
858,6.719815,6.63340251
859,6.693193,6.63272666
860,6.6683,6.63221851
861,6.647387,6.63179599
862,6.631208,6.63139865
863,6.618527,6.63101251
864,6.606564,6.6306762
865,6.592399,6.63046319
866,6.57479,6.63044221
867,6.555512,6.63062759
868,6.539352,6.63093994
869,6.532349,6.63119977
870,6.538718,6.63116928
871,6.557932,6.6306381
872,6.5837,6.62952187
873,6.605837,6.62792321
874,6.614302,6.62611122
875,6.603411,6.624414
876,6.574044,6.62306601
877,6.532664,6.62207432
878,6.487539,6.62114889
879,6.444129,6.61968444
880,6.402284,6.61663795
881,6.357055,6.60920917
882,6.302689,6.60223268
883,6.237153,6.60948995
884,6.163595,6.6121767
885,6.08493,6.61355607
886,5.983514,6.6147132
887,5.715975,6.61648597
888,5.715975,6.62097901
889,7.108395,6.62586723
890,6.828759,6.61751221
891,6.743706,6.61285286
892,6.67672,6.6100627
893,6.601403,6.60893914
894,6.523703,6.60937987
895,6.459724,6.6110821
896,6.423873,6.61351291
897,6.421244,6.61602732
898,6.445481,6.61805678
899,6.482298,6.61927818
900,6.516141,6.6196868
901,6.536385,6.6207327172
902,6.540468,6.6215934082
903,6.533341,6.6224297526
904,6.524129,6.6233577604
905,6.521795,6.6244022737
906,6.531685,6.6254938404
907,6.554168,6.6265025376
908,6.585461,6.6272887826
909,6.61975,6.6277484286
910,6.651465,6.6278373
911,6.676918,6.6275718202
912,6.694964,6.6270110682
913,6.706718,6.62623
914,6.714555,6.625294093
915,6.720841,6.6242439647
916,6.726983,6.623094
917,6.733256,6.6218423253
918,6.739442,6.620483622
919,6.745733,6.619015
920,6.753149,6.617431025
921,6.763067,6.6157130759
922,6.776139,6.6138239231
923,6.79145,6.6117159351
924,6.806649,6.6093510132
925,6.819108,6.6067203733
926,6.8274,6.6038502703
927,6.832104,6.6007879452
928,6.835425,6.5975752222
929,6.839914,6.5942252254
930,6.847097,6.5907153857
931,6.85682,6.5869997101
932,6.867519,6.5830317647
933,6.87703,6.5787856866
934,6.883384,6.5742668333
935,6.88524,6.5695111846
936,6.88201,6.5645779219
937,6.873863,6.5595393175
938,6.861725,6.5544695806
939,6.847207,6.5494326066
940,6.8324,6.5444697
941,6.819494,6.5395895254
942,6.810304,6.5347635862
943,6.805756,6.5299295439
944,6.80546,6.5250040714
945,6.807473,6.5199048727
946,6.808486,6.514579537
947,6.804572,6.5090341321
948,6.792443,6.5033507115
949,6.770836,6.4976822353
950,6.741426,6.49221916
951,6.708726,6.4871333061
952,6.678795,6.4825167917
953,6.657104,6.4783406596
954,6.64641,6.4744545
955,6.645613,6.4706332667
956,6.650197,6.4666564545
957,6.65411,6.4623880698
958,6.65223,6.4578232619
959,6.642378,6.4530816341
960,6.626048,6.448349225
961,6.607653,6.4437928462
962,6.592594,6.4394807368
963,6.584896,6.4353425405
964,6.585263,6.4311882778
965,6.590301,6.4267861429
966,6.593328,6.4219768824
967,6.586747,6.4167844242
968,6.565335,6.4114730938
969,6.5293,6.4065098065
970,6.4856,6.4024168
971,6.446309,6.3995484138
972,6.423834,6.3978783929
973,6.424638,6.3969170741
974,6.44458,6.3958508846
975,6.468612,6.39390172
976,6.474875,6.3907887917
977,6.440121,6.3871328696
978,6.341094,6.3847243182
979,6.13948,6.3868019524
980,5.659406,6.39916805
981,5.659406,6.4381028947
982,7.028416,6.4813638333
983,6.505828,6.4491842941
984,6.301532,6.4456440625
985,6.200643,6.4552515333
986,6.160791,6.4734378571
987,6.165279,6.4974876154
988,6.204797,6.5251716667
989,6.272893,6.5542966364
990,6.362824,6.582437
991,6.46469,6.6068384444
992,6.564364,6.624607
993,6.645476,6.6332131429
994,6.693926,6.6311693333
995,6.702805,6.618618
996,6.675314,6.59757125
997,6.62419,6.571657
998,6.567621,6.5453905
999,6.52316,6.52316
