0,0,0
1,0,0
2,0,0
3,0,0
4,0,0
5,0,0
6,0,0
7,0,0
8,0,0
9,0,0
10,0,0
11,0,0
12,0,0
13,0,0
14,0,0
15,0,0
16,0,0
17,0,0
18,0,0
19,0,0
20,0,0
21,0,0
22,0,0
23,0,0
24,0,0
25,0,0
26,0,0
27,0,0
28,0,0
29,0,0
30,0,0
31,0,0
32,0,0
33,0,0
34,0,0
35,0,0
36,0,0
37,0,0
38,0,0
39,0,0
40,0,0
41,0,0
42,0,0
43,0,0
44,0,0
45,0,0
46,0,0
47,0,0
48,0,0
49,0,0
50,0,0
51,0,0
52,0,0
53,0,0
54,0,0
55,0,0
56,0,0
57,0,0
58,0,0
59,0,0
60,0,0
61,0,0
62,0,0
63,0,0
64,0,0
65,0,0
66,0,0
67,0,0
68,0,0
69,0,0
70,0,0
71,0,0
72,0,0
73,0,0
74,0,0
75,0,0
76,0,0
77,0,0
78,0,0
79,0,0
80,0,0
81,0,0
82,0,0
83,0,0
84,0,0
85,0,0
86,0,0
87,0,0
88,0,0
89,0,0
90,0,0
91,0,0
92,0,0
93,0,0
94,0,0
95,0,0
96,0,0
97,0,0
98,0,0
99,0,0
100,6.673587,6.63042639
101,6.64335,6.62985669
102,6.629889,6.62961218
103,6.622723,6.62955255
104,6.620561,6.62978458
105,6.62328,6.62953436
106,6.631394,6.6293629
107,6.650502,6.62911138
108,6.781403,6.62865703
109,6.53222,6.62688864
110,6.57369,6.62761817
111,6.58051,6.62794003
112,6.581538,6.62816787
113,6.581987,6.62818737
114,6.5832,6.63352022
115,6.584159,6.63438678
116,6.580707,6.63504003
117,6.554559,6.63563655
118,6.930609,6.63644169
119,6.652552,6.63346399
120,6.629599,6.6332737
121,6.618294,6.63334777
122,6.611629,6.63361322
123,6.609053,6.63437206
124,6.610476,6.63418575
125,6.61565,6.63418148
126,6.626254,6.63414093
127,6.681719,6.6339843
128,6.568635,6.6332665
129,6.590207,6.63368501
130,6.592562,6.63389986
131,6.592059,6.63408765
132,6.59196,6.63417834
133,6.593133,6.63644158
134,6.594636,6.63696806
135,6.593072,6.63735941
136,6.574978,6.63769981
137,6.91723,6.63817728
138,6.648269,6.63521132
139,6.628957,6.63493693
140,6.61857,6.63487588
141,6.611766,6.63495404
142,6.608396,6.63523311
143,6.608537,6.63526643
144,6.611917,6.6353397
145,6.619384,6.6353658
146,6.655603,6.63529896
147,6.576687,6.63486117
148,6.593062,6.63521761
149,6.59452,6.63542292
150,6.594063,6.63561299
151,6.594311,6.63571771
152,6.595862,6.63755784
153,6.59758,6.63804156
154,6.595692,6.63840407
155,6.574918,6.6387272
156,7.095267,6.63921995
157,6.667065,6.63449162
158,6.645006,6.63404755
159,6.634466,6.63384022
160,6.62791,6.63376015
161,6.624716,6.63379152
162,6.62489,6.63376803
163,6.628405,6.63373959
164,6.637101,6.63365278
165,6.685766,6.63345685
166,6.574483,6.63276336
167,6.597563,6.63318604
168,6.599922,6.63338877
169,6.599489,6.63356482
170,6.599555,6.63364495
171,6.601011,6.63535471
172,6.603103,6.63586095
173,6.603054,6.63625066
174,6.590633,6.63659422
175,6.908001,6.63703608
176,6.647632,6.63429722
177,6.631922,6.63417131
178,6.623088,6.63422059
179,6.616991,6.63437459
180,6.613695,6.63459705
181,6.61336,6.63483191
182,6.61574,6.63504228
183,6.621281,6.63519238
184,6.647268,6.63525393
185,6.588127,6.63503569
186,6.600509,6.63540664
187,6.601062,6.63566652
188,6.600224,6.6359394
189,6.600184,6.63622879
190,6.601496,6.63661479
191,6.603287,6.63692009
192,6.602681,6.63718286
193,6.588916,6.63742733
194,6.977022,6.63779167
195,6.651556,6.63426833
196,6.634784,6.63400236
197,6.6259,6.63390539
198,6.61998,6.63386807
199,6.616868,6.63352138
200,6.616617,6.6338613
201,6.618899,6.63407139
202,6.623926,6.63419981
203,6.645926,6.63423833
204,6.595539,6.63403502
205,6.606134,6.63433156
206,6.606242,6.6345301
207,6.605067,6.63473304
208,6.604564,6.63490463
209,6.605173,6.63554286
210,6.605876,6.63588815
211,6.603294,6.63617774
212,6.583488,6.63645961
213,7.115272,6.63691665
214,6.669856,6.63204585
215,6.649484,6.63163007
216,6.640359,6.63142043
217,6.635073,6.63128232
218,6.632839,6.63088126
219,6.633523,6.6310146
220,6.637006,6.63105028
221,6.644839,6.63100576
222,6.687513,6.63085132
223,6.590422,6.63025288
224,6.610049,6.630622
225,6.611595,6.63079804
226,6.610591,6.63094836
227,6.609939,6.63099718
228,6.610486,6.63185473
229,6.611692,6.63226111
230,6.611341,6.63258672
231,6.601128,6.63287906
232,6.818284,6.63325356
233,6.645781,6.63145279
234,6.633771,6.63138696
235,6.627112,6.63145701
236,6.622725,6.63160071
237,6.620634,6.63165082
238,6.62083,6.63192787
239,6.622852,6.63216492
240,6.626386,6.63235163
241,6.639673,6.63247763
242,6.611728,6.63245479
243,6.615864,6.63270576
244,6.614527,6.63291389
245,6.6127,6.6331202
246,6.611824,6.63323112
247,6.612331,6.63390757
248,6.613593,6.63429612
249,6.613527,6.63460448
250,6.604535,6.63486817
251,6.778324,6.63519095
252,6.644234,6.63376156
253,6.633831,6.63367569
254,6.628005,6.63371152
255,6.624193,6.63384498
256,6.622434,6.63460877
257,6.622658,6.63465423
258,6.624273,6.63472622
259,6.626459,6.63477806
260,6.631047,6.63479942
261,6.622367,6.63476926
262,6.622046,6.63482227
263,6.619724,6.63486514
264,6.617508,6.6348712
265,6.616417,6.63454982
266,6.616751,6.63563216
267,6.617836,6.63612102
268,6.617527,6.63647788
269,6.607502,6.63677402
270,6.770531,6.63713354
271,6.651635,6.63584945
272,6.642074,6.63576484
273,6.63741,6.63581479
274,6.634819,6.63602113
275,6.634115,6.64113604
276,6.635041,6.64093848
277,6.63685,6.64083784
278,6.638488,6.64074306
279,6.639237,6.64063759
280,6.637181,6.64052509
281,6.634397,6.64042727
282,6.63075,6.64032973
283,6.627436,6.6401666
284,6.625444,6.63944617
285,6.625222,6.64065766
286,6.626497,6.64118488
287,6.62835,6.64154943
288,6.629163,6.64182248
289,6.638784,6.64205011
290,6.632026,6.64217312
291,6.629564,6.64238353
292,6.627128,6.6426734
293,6.62535,6.64313973
294,6.624688,6.63577058
295,6.624959,6.63574883
296,6.625087,6.63584304
297,6.622168,6.63596677
298,6.585311,6.63612696
299,6.65086,6.63665278
300,6.637626,6.6365088
301,6.631741,6.63645542
302,6.627778,6.636332
303,6.625595,6.63545843
304,6.625193,6.63657326
305,6.625988,6.63712857
306,6.626536,6.63752858
307,6.622226,6.63784663
308,6.668387,6.6381661
309,6.639702,6.63801081
310,6.634835,6.63815812
311,6.631481,6.63841037
312,6.629192,6.63888838
313,6.628192,6.63661994
314,6.628278,6.63648766
315,6.62852,6.63646908
316,6.626548,6.63647679
317,6.594967,6.63651034
318,6.646173,6.63685661
319,6.637091,6.63667656
320,6.632554,6.63654309
321,6.629395,6.63630801
322,6.627669,6.63499392
323,6.627334,6.63600135
324,6.627653,6.63651877
325,6.626627,6.63689898
326,6.615473,6.63722347
327,6.695694,6.63762671
328,6.651124,6.63722139
329,6.644253,6.63728219
330,6.640575,6.6374722
331,6.638578,6.63791386
332,6.638207,6.63659774
333,6.639198,6.63642399
334,6.640776,6.63633575
335,6.641482,6.6362549
336,6.627736,6.63617033
337,6.648339,6.63621853
338,6.644535,6.63604624
339,6.641523,6.63587042
340,6.638986,6.63558497
341,6.637389,6.63396831
342,6.636825,6.63467472
343,6.636677,6.63504066
344,6.635158,6.63530706
345,6.623792,6.63554039
346,6.679469,6.63586593
347,6.651186,6.63563316
348,6.644429,6.63569759
349,6.639896,6.63585845
350,6.636813,6.63613594
351,6.635385,6.63612986
352,6.635647,6.6363074
353,6.637414,6.63649476
354,6.641351,6.6366577
355,6.700572,6.63676847
356,6.62698,6.63627255
357,6.629857,6.63649558
358,6.629457,6.63666178
359,6.628595,6.63675611
360,6.628031,6.63571945
361,6.627668,6.63618348
362,6.626333,6.63652831
363,6.62033,6.63684469
364,6.58537,6.63720334
365,6.724651,6.63791032
366,6.665637,6.6372377
367,6.653522,6.63718237
368,6.647141,6.63729758
369,6.643454,6.6376538
370,6.642122,6.63740276
371,6.643174,6.63741283
372,6.647069,6.63743606
373,6.658044,6.63741217
374,7.14631,6.63725942
375,6.614359,6.63219881
376,6.624977,6.63242226
377,6.627372,6.63247362
378,6.627941,6.63230813
379,6.627987,6.6214322
380,6.627399,6.62206728
381,6.624643,6.62248771
382,6.614437,6.62286389
383,6.555393,6.62331364
384,6.746593,6.62435114
385,6.677944,6.62349566
386,6.662952,6.62336973
387,6.655655,6.62348548
388,6.651926,6.62410264
389,6.651085,6.62358587
390,6.653067,6.62342994
391,6.658551,6.62331175
392,6.673761,6.62314666
393,5.888435,6.62281745
394,6.622513,6.63031524
395,6.63438,6.63042472
396,6.63746,6.6303148
397,6.638187,6.62984994
398,6.637893,6.63871427
399,6.636462,6.63941085
400,6.632288,6.6398511
401,6.619399,6.64023979
402,6.540421,6.64071906
403,6.737078,6.64198251
404,6.680724,6.64130155
405,6.665989,6.64123836
406,6.658341,6.64144502
407,6.654173,6.64243532
408,6.652858,6.64202739
409,6.654433,6.64195199
410,6.66006,6.64193216
411,6.679282,6.64187551
412,6.402348,6.6416208
413,6.614964,6.64410866
414,6.62642,6.64441441
415,6.629291,6.64448382
416,6.629903,6.64411132
417,6.629594,6.64730978
418,6.628168,6.64809662
419,6.623744,6.6486613
420,6.609046,6.64917694
421,6.497986,6.64979785
422,6.728412,6.65152259
423,6.679076,6.65097096
424,6.665674,6.65099088
425,6.659076,6.65135968
426,6.655797,6.65392337
427,6.655162,6.65321987
428,6.657204,6.65292697
429,6.663254,6.65271986
430,6.684741,6.65249013
431,6.506966,6.65205032
432,6.620832,6.65336489
433,6.630374,6.6534762
434,6.632691,6.65332919
435,6.633025,6.65249697
436,6.632556,6.65510056
437,6.63111,6.65592275
438,6.626953,6.65650106
439,6.612978,6.65701473
440,6.47732,6.65761647
441,6.70803,6.65955687
442,6.673419,6.65920267
443,6.663317,6.65924866
444,6.658491,6.65956688
445,6.656346,6.6636859
446,6.656192,6.66328115
447,6.657629,6.6631024
448,6.660515,6.66297187
449,6.667645,6.6628337
450,6.636205,6.66262474
451,6.653139,6.66271196
452,6.654383,6.66258107
453,6.653708,6.66230771
454,6.652428,6.66140681
455,6.65098,6.66269516
456,6.649283,6.66316984
457,6.646477,6.66350226
458,6.63889,6.66379263
459,6.524929,6.66412148
460,6.674434,6.66557158
461,6.662151,6.6655225
462,6.657971,6.66560553
463,6.656195,6.66576626
464,6.656068,6.66403892
465,6.657389,6.66409965
466,6.660104,6.66417789
467,6.665043,6.66423804
468,6.682763,6.66425139
469,6.61835,6.66408695
470,6.643129,6.66456301
471,6.645497,6.66478156
472,6.64468,6.6649481
473,6.642769,6.66494261
474,6.640249,6.66536078
475,6.636704,6.66569845
476,6.630113,6.6660405
477,6.610823,6.66643007
478,5.540348,6.66699966
479,6.691495,6.67826489
480,6.669442,6.67801236
481,6.662261,6.67797641
482,6.659412,6.67801432
483,6.659143,6.67798467
484,6.661045,6.67800798
485,6.665351,6.67800613
486,6.674527,6.6779514
487,6.717371,6.67779429
488,6.600249,6.67719734
489,6.635492,6.67775668
490,6.641248,6.67793604
491,6.642042,6.67798085
492,6.64084,6.67728585
493,6.638214,6.67783297
494,6.633461,6.67823156
495,6.623388,6.67862864
496,6.590974,6.67910184
497,7.52462,6.6798839
498,6.707551,6.67131967
499,6.680487,6.67092098
500,6.671157,6.67079466
501,6.667326,6.67079257
502,6.666766,6.67062793
503,6.668982,6.67055905
504,6.674405,6.67047323
505,6.686655,6.67032901
506,6.757371,6.67005376
507,6.61338,6.66905793
508,6.645318,6.66947909
509,6.65245,6.6695337
510,6.654395,6.66937806
511,6.653811,6.66640153
512,6.651134,6.66690869
513,6.645539,6.66724666
514,6.633361,6.66757991
515,6.592041,6.66800586
516,6.949749,6.66882986
517,6.708278,6.66607152
518,6.684636,6.66573383
519,6.675308,6.66566045
520,6.671137,6.66583076
521,6.67046,6.66557059
522,6.673249,6.66548942
523,6.681068,6.66541723
524,6.702554,6.66528228
525,6.915445,6.66493537
526,6.585447,6.66244787
527,6.625872,6.66322526
528,6.636493,6.66351308
529,6.640281,6.6634201
530,6.64076,6.67270989
531,6.638423,6.67354383
532,6.631963,6.67415837
533,6.615673,6.67474513
534,6.549469,6.67544494
535,6.893384,6.67677926
536,6.714775,6.67466553
537,6.688941,6.67435351
538,6.67832,6.67437418
539,6.673152,6.67509002
540,6.67136,6.6746212
541,6.67261,6.67441997
542,6.678018,6.67426127
543,6.695139,6.6740652
544,7.070393,6.67369578
545,6.615871,6.66955475
546,6.638317,6.66991507
547,6.644576,6.66994974
548,6.646698,6.66955561
549,6.646749,6.67212767
550,6.644927,6.67278255
551,6.64005,6.67326799
552,6.627047,6.67373363
553,6.563618,6.67429739
554,6.781263,6.67548242
555,6.698448,6.67449359
556,6.682525,6.67435818
557,6.675514,6.67447262
558,6.671775,6.67581895
559,6.669939,6.67550212
560,6.669526,6.6753702
561,6.670454,6.67528438
562,6.674044,6.67520118
563,6.483461,6.67507822
564,6.662141,6.67684328
565,6.665213,6.67678373
566,6.666119,6.6766065
567,6.666378,6.67605118
568,6.666319,6.67704975
569,6.665956,6.67736189
570,6.664984,6.67757207
571,6.662151,6.67775316
572,6.644131,6.67794489
573,6.684586,6.67830869
574,6.674016,6.67826647
575,6.670909,6.67833809
576,6.66907,6.67848033
577,6.667782,6.68297694
578,6.666871,6.68295979
579,6.666242,6.68299772
580,6.665847,6.68305447
581,6.666052,6.68311575
582,6.656447,6.68316456
583,6.661474,6.68328317
584,6.66086,6.68329508
585,6.659878,6.68317122
586,6.658816,6.68226486
587,6.657676,6.68339465
588,6.656183,6.68396317
589,6.653428,6.68442009
590,6.645729,6.68485036
591,6.572542,6.68533177
592,6.695552,6.68653866
593,6.678073,6.68653249
594,6.673169,6.68676588
595,6.670708,6.68731102
596,6.66918,6.68500912
597,6.668197,6.6847364
598,6.667682,6.68462945
599,6.667855,6.68457707
600,6.670948,6.68453462
601,6.650862,6.68444657
602,6.659878,6.68451564
603,6.6604,6.68440179
604,6.659983,6.68404447
605,6.65913,6.68164808
606,6.657788,6.68268994
607,6.655496,6.68323772
608,6.650779,6.68367209
609,6.636886,6.6840941
610,6.356742,6.68462696
611,6.704527,6.6879535
612,6.684931,6.68781718
613,6.678864,6.68793917
614,6.675956,6.68842212
615,6.674441,6.68748383
616,6.673915,6.68725239
617,6.674509,6.68712744
618,6.677298,6.68703206
619,6.692339,6.6869174
620,6.64512,6.68664009
621,6.662343,6.68679775
622,6.66603,6.6867
623,6.667573,6.6863256
624,6.667863,6.67932191
625,6.666695,6.67998628
626,6.663186,6.68036588
627,6.654654,6.68068804
628,6.627195,6.68105148
629,7.56926,6.68166491
630,6.724154,6.67284472
631,6.699877,6.67247542
632,6.690639,6.67237709
633,6.685654,6.67258303
634,6.682901,6.67222036
635,6.682011,6.6720696
636,6.683573,6.67196442
637,6.691008,6.67185546
638,6.749904,6.67167034
639,6.62627,6.67088015
640,6.651237,6.67128821
641,6.65674,6.67135831
642,6.658411,6.67106999
643,6.658197,6.67588968
644,6.65629,6.67666108
645,6.651903,6.67724291
646,6.641784,6.67779981
647,6.605163,6.67842428
648,6.903904,6.67939409
649,6.712237,6.67736369
650,6.693471,6.67725117
651,6.686614,6.67737395
652,6.683423,6.67817664
653,6.682121,6.67791224
654,6.68238,6.67780767
655,6.684907,6.67773043
656,6.693969,6.67763284
657,6.810147,6.67743577
658,6.640092,6.67605425
659,6.656747,6.67632987
660,6.660944,6.67634618
661,6.662134,6.6759664
662,6.661748,6.6773772
663,6.659967,6.67787642
664,6.656186,6.67826877
665,6.64749,6.67865166
666,6.610587,6.67909647
667,6.766235,6.67989353
668,6.697533,6.67912203
669,6.686974,6.67903289
670,6.683093,6.67907063
671,6.681324,6.68030311
672,6.680511,6.68021053
673,6.680364,6.68016313
674,6.681178,6.68012332
675,6.685133,6.68007099
676,7.118731,6.67996507
677,6.666067,6.67549592
678,6.670664,6.67550245
679,6.671917,6.67534656
680,6.671975,6.67459028
681,6.670933,6.67549362
682,6.668308,6.67588785
683,6.662665,6.67620392
684,6.648474,6.67653288
685,6.569242,6.67697918
686,6.771795,6.678201
687,6.714528,6.67738605
688,6.701875,6.67714249
689,6.696455,6.67706243
690,6.69387,6.67630925
691,6.693231,6.6761233
692,6.694935,6.67597151
693,6.701412,6.67580685
694,6.727683,6.67556987
695,6.440518,6.6750494
696,6.641908,6.6773595
697,6.657502,6.67757345
698,6.662444,6.67741715
699,6.66361,6.67543476
700,6.662143,6.67659973
701,6.657769,6.6772822
702,6.648493,6.6778856
703,6.624668,6.67853107
704,6.420344,6.67938976
705,6.763316,6.68228067
706,6.712566,6.68174716
707,6.698933,6.68176655
708,6.69298,6.68218659
709,6.690172,6.68133524
710,6.689396,6.68111822
711,6.690895,6.68098967
712,6.69713,6.68086965
713,6.727159,6.68068895
714,6.582127,6.68019357
715,6.651297,6.68111518
716,6.66142,6.68127641
717,6.664971,6.68114299
718,6.665832,6.67315659
719,6.664608,6.67379187
720,6.660886,6.67422093
721,6.652568,6.67461848
722,6.62859,6.67506559
723,5.967204,6.67573137
724,6.7343,6.68299581
725,6.704655,6.68257984
726,6.695402,6.68246421
727,6.690998,6.68253589
728,6.688538,6.68237096
729,6.687241,6.68229954
730,6.687224,6.68225161
731,6.690044,6.68220257
732,6.711233,6.68211487
733,6.649387,6.68179301
734,6.667825,6.68204828
735,6.671493,6.68203438
736,6.672677,6.68170753
737,6.672496,6.68448233
738,6.670885,6.68500651
739,6.667076,6.6853813
740,6.658247,6.68573519
741,6.627908,6.68614707
742,7.14038,6.68684295
743,6.735337,6.68240063
744,6.714473,6.68200231
745,6.707593,6.68182532
746,6.704231,6.68197631
747,6.702144,6.68172979
748,6.700864,6.68155016
749,6.700985,6.68139096
750,6.705749,6.68122638
751,6.766883,6.68099897
752,6.656983,6.68012963
753,6.671664,6.68030093
754,6.674656,6.68019351
755,6.675148,6.67949732
756,6.674262,6.68121278
757,6.671995,6.68186092
758,6.667654,6.68237155
759,6.658378,6.68286818
760,6.622966,6.6834313
761,6.803214,6.68433568
762,6.71167,6.68343532
763,6.699202,6.68346922
764,6.694475,6.68373105
765,6.691971,6.67067883
766,6.690293,6.6704903
767,6.689085,6.67042011
768,6.688619,6.67038498
769,6.690748,6.6703545
770,6.806341,6.67028811
771,6.672066,6.66903527
772,6.675771,6.66906779
773,6.676383,6.66892883
774,6.675945,6.66796884
775,6.674541,6.66882029
776,6.671816,6.66926408
777,6.66672,6.66963895
778,6.655075,6.67002427
779,6.596289,6.67050405
780,6.762309,6.67155798
781,6.710356,6.67094458
782,6.699915,6.67085598
783,6.695561,6.67093087
784,6.693104,6.67053528
785,6.691424,6.67046425
786,6.6903,6.67043763
787,6.690172,6.67042708
788,6.693869,6.67041128
789,6.621137,6.67034051
790,6.675275,6.67096353
791,6.678052,6.67098234
792,6.678469,6.67081344
793,6.677714,6.66844006
794,6.675636,6.66904042
795,6.671528,6.66942242
796,6.663303,6.66977656
797,6.641872,6.67018127
798,6.464205,6.67078174
799,6.780107,6.67314658
800,6.73039,6.67234634
801,6.718109,6.6720522
802,6.71304,6.67198065
803,6.710537,6.6715933
804,6.709435,6.67135255
805,6.709965,6.6711418
806,6.714505,6.6709282
807,6.740937,6.67066088
808,6.607845,6.67010803
809,6.66847,6.67084458
810,6.676541,6.67088828
811,6.678893,6.67057976
812,6.67906,6.67684074
813,6.677621,6.67747988
814,6.674288,6.67792874
815,6.66742,6.67834723
816,6.648078,6.6788081
817,5.866331,6.67945084
818,6.72936,6.68790732
819,6.707514,6.68773802
820,6.700641,6.68781389
821,6.697279,6.68823494
822,6.695168,6.68817396
823,6.693648,6.68820844
824,6.692703,6.68826835
825,6.693092,6.68833109
826,6.70257,6.68837152
827,6.674505,6.6882858
828,6.681396,6.68842958
829,6.682448,6.68840542
830,6.68232,6.68801215
831,6.681274,6.6893345
832,6.679047,6.68980769
833,6.674914,6.69017849
834,6.666435,6.69054084
835,6.638808,6.69096061
836,6.950157,6.69163854
837,6.724914,6.68919101
838,6.708364,6.68899361
839,6.702465,6.68899183
840,6.699435,6.69194434
841,6.697496,6.69182021
842,6.696148,6.69175856
843,6.695505,6.69171962
844,6.696774,6.6916849
845,6.722692,6.69162515
846,6.679579,6.69128021
847,6.684181,6.69131575
848,6.684944,6.69118529
849,6.684527,6.69037416
850,6.683008,6.69121387
851,6.679949,6.69162831
852,6.674113,6.69197513
853,6.660922,6.69233665
854,6.605037,6.69280403
855,6.846694,6.69381206
856,6.739076,6.69239173
857,6.723058,6.69204757
858,6.717317,6.6919103
859,6.71469,6.69130759
860,6.713404,6.6910609
861,6.713178,6.69085532
862,6.71506,6.69065965
863,6.725385,6.6904429
864,5.389253,6.69010986
865,6.673118,6.703109
866,6.683274,6.70320806
867,6.685572,6.70303698
868,6.685571,6.70077342
869,6.684109,6.70147807
870,6.681057,6.70191098
871,6.675318,6.70229286
872,6.661875,6.702693
873,6.580384,6.70320232
874,6.76109,6.70450609
875,6.71892,6.70398318
876,6.709303,6.70385785
877,6.705252,6.70375742
878,6.703053,6.70390906
879,6.701682,6.70400297
880,6.700969,6.70409535
881,6.701496,6.70418558
882,6.707404,6.70425849
883,6.656002,6.70425314
884,6.686001,6.70473092
885,6.688762,6.70485391
886,6.689245,6.70479922
887,6.688592,6.70750309
888,6.686792,6.70791606
889,6.683439,6.70823872
890,6.677156,6.70855513
891,6.661162,6.7089124
892,6.441131,6.70941411
893,6.73775,6.71210419
894,6.713836,6.71182172
895,6.706942,6.71178988
896,6.703774,6.71204346
897,6.701919,6.71192144
898,6.700689,6.71187048
899,6.700083,6.71183986
900,6.700976,6.711812
901,6.710954,6.7119214545
902,6.674305,6.7119313265
903,6.686462,6.7123192268
904,6.68836,6.7125885729
905,6.688605,6.7128436105
906,6.687773,6.7131014681
907,6.685652,6.7133738172
908,6.6815,6.7136751413
909,6.67284,6.7140287143
910,6.645689,6.7144863667
911,7.304991,6.7152593708
912,6.742974,6.708557875
913,6.722507,6.7081622874
914,6.716137,6.7079954884
915,6.713507,6.7078997059
916,6.712352,6.7078329524
917,6.711979,6.707778506
918,6.71243,6.7077272805
919,6.715101,6.7076692222
920,6.742746,6.707576325
921,6.691181,6.7071311392
922,6.698616,6.7073356282
923,6.699639,6.7074488701
924,6.698977,6.7075516316
925,6.697135,6.70766596
926,6.693998,6.7078082703
927,6.688883,6.7079974521
928,6.67898,6.7082629306
929,6.643121,6.7086753662
930,6.814555,6.7096118571
931,6.728593,6.708090942
932,6.716127,6.7077894412
933,6.711149,6.707665
934,6.708412,6.7076122121
935,6.706601,6.7075999077
936,6.705404,6.7076155156
937,6.705174,6.707650619
938,6.708186,6.7076905645
939,6.997716,6.7076824426
940,6.687022,6.70284855
941,6.691331,6.7031167966
942,6.692254,6.70332
943,6.692033,6.7035141404
944,6.690799,6.7037191607
945,6.688198,6.7039540727
946,6.683133,6.7042458519
947,6.671135,6.7046442075
948,6.603831,6.7052886154
949,6.768498,6.7072779804
950,6.724452,6.70605358
951,6.714631,6.705678102
952,6.710265,6.7054915833
953,6.70766,6.7053900213
954,6.70584,6.7053406739
955,6.704661,6.7053295778
956,6.70466,6.7053447727
957,6.709331,6.7053606977
958,6.657046,6.7052661667
959,6.690021,6.7064422683
960,6.692846,6.7068528
961,6.693611,6.7072119487
962,6.693385,6.7075698684
963,6.692081,6.7079532432
964,6.689167,6.7083941389
965,6.683024,6.7089434857
966,6.666166,6.7097058235
967,6.459216,6.7110252121
968,6.756036,6.71889425
969,6.7274,6.717696129
970,6.719245,6.7173726667
971,6.715332,6.7173081034
972,6.712807,6.7173786786
973,6.710761,6.717548
974,6.708799,6.7178090385
975,6.706387,6.71816944
976,6.69926,6.718660375
977,6.720416,6.7195038696
978,6.712444,6.7194624091
979,6.71092,6.719796619
980,6.709992,6.72024045
981,6.708787,6.7207798421
982,6.706869,6.7214461111
983,6.70378,6.7223035882
984,6.6983,6.7234613125
985,6.683293,6.7251387333
986,6.959632,6.7281277143
987,6.729889,6.7103196923
988,6.719058,6.7086889167
989,6.71508,6.7077462727
990,6.712883,6.7070129
991,6.711333,6.7063606667
992,6.710139,6.705739125
993,6.709503,6.7051105714
994,6.710652,6.7043785
995,6.7323,6.7031238
996,6.691572,6.69582975
997,6.696823,6.697249
998,6.697627,6.697462
999,6.697297,6.697297
