0,0,0
1,0,0.0716685426
2,0,0.1435845426
3,0,0.2157351596
4,0,0.2880963191
5,0,0.3606221277
6,0,0.4332403298
7,0,0.5058615957
8,0,0.5784029574
9,0,0.650816
10,0,0.7231056702
11,0,0.7953293298
12,0,0.8675760319
13,0,0.9399355213
14,0,1.0124701277
15,0,1.0851988085
16,0,1.1580958404
17,0,1.2311016596
18,0,1.3041408936
19,0,1.3771414255
20,0,1.4500484043
21,0,1.5228291489
22,0,1.5954697553
23,0,1.6679690106
24,0,1.7403363404
25,0,1.8125952021
26,0,1.8847861383
27,0,1.9569609362
28,0,2.0291649362
29,0,2.1014144894
30,0,2.1736824043
31,0,2.2459007979
32,0,2.3179810851
33,0,2.3898423191
34,0,2.461436234
35,0,2.5327598085
36,0,2.6038499574
37,0,2.6747605638
38,0,2.7455292979
39,0,2.8161486809
40,0,2.8865571702
41,0,2.9566575319
42,0,3.0263560106
43,0,3.0956047979
44,0,3.1644298191
45,0,3.232933617
46,0,3.3012737553
47,0,3.3696239149
48,0,3.4381279787
49,0,3.5068592553
50,0,3.5757987766
51,0,3.6448438085
52,0,3.7138471489
53,0,3.7826717128
54,0,3.8512326489
55,0,3.9195008723
56,0,3.9874610532
57,0,4.0550472234
58,0,4.1221004681
59,0,4.188389883
60,0,4.2537068085
61,0,4.3179977128
62,0,4.3814640745
63,0,4.4445547128
64,0,4.5078299574
65,0,4.5717654043
66,0,4.636608734
67,0,4.7023537553
68,0,4.7688039574
69,0,4.8356479043
70,0,4.9024867872
71,0,4.9688038936
72,0,5.0338897128
73,0,5.0966672021
74,0,5.154926234
75,0,5.1977245851
76,0,5.3097156809
77,0,5.3835075
78,0,5.4514613191
79,0,5.5168368191
80,0,5.5809765213
81,0,5.6447442553
82,0,5.7087535213
83,0,5.7733669681
84,0,5.8386622979
85,0,5.9044504681
86,0,5.9703770532
87,0,6.0360858617
88,0,6.1013861915
89,0,6.1663518191
90,0,6.2313009043
91,0,6.2966619362
92,0,6.3627955851
93,0,6.4298653404
94,6.736843,6.4978101915
95,6.760104,6.4947401596
96,6.782158,6.4917985638
97,6.801949,6.488754383
98,6.817426,6.4854671702
99,6.826111,6.4818992234
100,6.826399,6.4781009574
101,6.818888,6.4741866277
102,6.806826,6.470307117
103,6.795229,6.4666169468
104,6.789024,6.4632338298
105,6.79119,6.4601997128
106,6.801792,6.4574608723
107,6.818253,6.4548807766
108,6.836496,6.4522856596
109,6.852321,6.4495287128
110,6.862547,6.4465514149
111,6.865688,6.4434196915
112,6.86205,6.4403180638
113,6.853256,6.4374982766
114,6.84139,6.4351982021
115,6.828217,6.4335631596
116,6.81493,6.432602234
117,6.802529,6.4321940319
118,6.792333,6.432132117
119,6.785948,6.4321868511
120,6.784431,6.4321623404
121,6.787176,6.4319381064
122,6.791458,6.4314937447
123,6.793184,6.430915266
124,6.788529,6.4303780106
125,6.775547,6.4301024149
126,6.754956,6.4302900638
127,6.729828,6.4310620213
128,6.704416,6.4324259149
129,6.682474,6.4342860213
130,6.665597,6.436489883
131,6.652261,6.438888117
132,6.638222,6.4413816809
133,6.618398,6.4439414255
134,6.589434,6.4465999149
135,6.551657,6.449427
136,6.509386,6.452501617
137,6.469552,6.4558872553
138,6.439357,6.4596115745
139,6.423973,6.4636495851
140,6.424915,6.467913766
141,6.439382,6.4722600532
142,6.46074,6.4765169681
143,6.480315,6.4805339574
144,6.490233,6.4842301489
145,6.486314,6.487619117
146,6.469509,6.4907948404
147,6.444728,6.4938857234
148,6.417213,6.4970038723
149,6.388257,6.5002230319
150,6.3531,6.5036031702
151,6.303005,6.5072474681
152,6.231205,6.5113484894
153,6.139791,6.516174734
154,6.043345,6.5219759681
155,5.965838,6.5288352447
156,5.93052,6.5365434894
157,5.947873,6.5445852766
158,6.009932,6.5522729255
159,6.095273,6.5589706064
160,6.180032,6.5642910213
161,6.246319,6.5681825745
162,6.283331,6.5709072447
163,6.282855,6.5729609255
164,6.233808,6.5749861809
165,6.118067,6.5777050532
166,5.901084,6.581898383
167,5.476349,6.5885294362
168,4.023045,6.599526
169,10.527163,6.6254602128
170,6.936431,6.5813425213
171,6.387659,6.5743906809
172,6.145297,6.5723244362
173,6.029132,6.5722389255
174,5.994167,6.5733396064
175,6.016871,6.5753385426
176,6.073664,6.5780372979
177,6.137761,6.5811939255
178,6.184088,6.5845291383
179,6.197099,6.5877862553
180,6.176628,6.5907737128
181,6.138231,6.5933522872
182,6.106769,6.59537
183,6.105214,6.5965866596
184,6.143937,6.5966518723
185,6.216563,6.5951842021
186,6.304557,6.5919415213
187,6.386816,6.5870132234
188,6.44826,6.5809467766
189,6.483594,6.5747454468
190,6.496005,6.569738234
191,6.492951,6.567468117
192,6.482039,6.5703065745
193,6.469074,6.5971653723
194,6.458452,6.5851267021
195,6.454214,6.582029266
196,6.45995,6.581305766
197,6.477216,6.5811342234
198,6.503817,6.5806281809
199,6.533739,6.5794489787
200,6.559263,6.5776290851
201,6.574312,6.5753495957
202,6.577343,6.5727135319
203,6.572455,6.5696185532
204,6.568165,6.5657887979
205,6.574135,6.5609421915
206,6.59699,6.5550000851
207,6.637049,6.5482145319
208,6.687696,6.5411198404
209,6.73789,6.5343243723
210,6.776559,6.5282740851
211,6.796709,6.5231240638
212,6.797478,6.5187542979
213,6.783644,6.5148788936
214,6.763353,6.5111784255
215,6.745406,6.5074034787
216,6.737081,6.5034234574
217,6.742682,6.499221617
218,6.762623,6.494860766
219,6.793186,6.4904509468
220,6.82752,6.4861335426
221,6.858034,6.4820687128
222,6.879266,6.4784038191
223,6.889637,6.4752196064
224,6.891031,6.4724812553
225,6.886656,6.4700330851
226,6.878838,6.4676547979
227,6.868296,6.4651576383
228,6.85518,6.462469766
229,6.840671,6.4596624574
230,6.827636,6.4569038936
231,6.819638,6.4543695638
232,6.81893,6.4521599574
233,6.824806,6.4502646915
234,6.833466,6.4485813936
235,6.839532,6.4469721277
236,6.838337,6.4453321489
237,6.827757,6.4436502872
238,6.808796,6.4420450851
239,6.784832,6.4407606702
240,6.760052,6.4401110319
241,6.737834,6.4403807766
242,6.719814,6.4417191809
243,6.70599,6.4440770745
244,6.695664,6.4472166809
245,6.688501,6.450785883
246,6.684872,6.4544197447
247,6.685107,6.4578286809
248,6.688117,6.4608489681
249,6.690413,6.4634528085
250,6.686448,6.4657291489
251,6.670512,6.4678488723
252,6.639514,6.4700225426
253,6.595392,6.4724532553
254,6.545838,6.4752876596
255,6.502438,6.4785727234
256,6.476377,6.4822318085
257,6.473229,6.4860752979
258,6.489382,6.4898537553
259,6.51224,6.4933449468
260,6.524403,6.4964469468
261,6.510026,6.4992414255
262,6.460861,6.5019990745
263,6.3801,6.5051171489
264,6.282958,6.5089996702
265,6.193432,6.5139098936
266,6.137259,6.5198416702
267,6.132596,6.5264645745
268,6.182067,6.5331842234
269,6.270554,6.5393149468
270,6.370387,6.5443034149
271,6.451271,6.5479101915
272,6.490257,6.5502764149
273,6.47792,6.5518562872
274,6.419014,6.5532515638
275,6.327896,6.5550206277
276,6.221135,6.5575412234
277,6.111344,6.5609753085
278,6.005976,6.5653265106
279,5.911751,6.5705260851
280,5.841297,6.5764696383
281,5.81657,6.582965766
282,5.865335,6.5896249149
283,6.012916,6.5957670319
284,6.282614,6.6004119255
285,6.759766,6.6022767234
286,9.006766,6.5991155426
287,5.337439,6.5720292021
288,6.167293,6.5838852021
289,6.386205,6.5867604149
290,6.443825,6.5870867021
291,6.429648,6.5864584149
292,6.392972,6.5854315106
293,6.362669,6.5839804468
294,6.344991,6.5818264574
295,6.326522,6.578837266
296,6.286415,6.5753555213
297,6.212458,6.5722537766
298,6.112584,6.5706347234
299,6.015577,6.571310234
300,5.959148,6.5743383723
301,5.970148,6.5788659468
302,6.048922,6.5833602128
303,6.169163,6.5861168085
304,6.292457,6.5858059894
305,6.385951,6.5818484362
306,6.43319,6.5745474149
307,6.4358,6.5650030106
308,6.408508,6.5548628511
309,6.371284,6.5460735745
310,6.342108,6.5420336809
311,6.332762,6.5242565319
312,6.3481,6.5165919574
313,6.38735,6.5113568404
314,6.445426,6.5070990638
315,6.513534,6.5029696383
316,6.57995,6.498530266
317,6.632232,6.4936964043
318,6.660903,6.4886067979
319,6.663097,6.4834587447
320,6.644105,6.4783900319
321,6.615636,6.4734535532
322,6.591293,6.4686687553
323,6.581366,6.4640901809
324,6.589409,6.4598300426
325,6.611935,6.4560130957
326,6.640775,6.4527003191
327,6.666576,6.4498424787
328,6.682195,6.4472953085
329,6.685374,6.4448779681
330,6.680242,6.4424298617
331,6.676868,6.4398305213
332,6.688061,6.4369793723
333,6.723766,6.4337638511
334,6.785408,6.4300540851
335,6.863644,6.4257413617
336,6.941456,6.4208007234
337,7.001113,6.4153356702
338,7.031169,6.4095739574
339,7.030084,6.4038146702
340,7.005312,6.3983523936
341,6.969014,6.393410266
342,6.932878,6.389103734
343,6.904389,6.3854395638
344,6.885702,6.3823405532
345,6.874837,6.3796816277
346,6.868001,6.3773262872
347,6.861826,6.3751588617
348,6.854634,6.3731095532
349,6.846392,6.3711677872
350,6.837665,6.369378617
351,6.828404,6.3678213936
352,6.817554,6.3665781277
353,6.803828,6.3657040426
354,6.787084,6.3652106702
355,6.769245,6.3650637234
356,6.75396,6.3651911064
357,6.745057,6.3654960106
358,6.744519,6.3658737234
359,6.751019,6.3662342234
360,6.759812,6.3665305213
361,6.764243,6.366785383
362,6.758355,6.3671019681
363,6.73947,6.3676455745
364,6.709424,6.3685962128
365,6.673696,6.370089
366,6.638765,6.3721694574
367,6.609076,6.3747854894
368,6.585306,6.3778188298
369,6.564832,6.3811375957
370,6.543939,6.3846415106
371,6.520357,6.3882795213
372,6.494736,6.392037383
373,6.470445,6.3959084149
374,6.451933,6.3998653191
375,6.44253,6.4038467766
376,6.442694,6.4077646809
377,6.449536,6.4115302447
378,6.457905,6.4150897766
379,6.462615,6.4184534362
380,6.46065,6.4216987128
381,6.451903,6.4249406596
382,6.437563,6.4282834255
383,6.416876,6.4317883723
384,6.384766,6.4354905851
385,6.333119,6.439460734
386,6.256572,6.4438640638
387,6.160194,6.4489504255
388,6.064007,6.4549423191
389,5.999238,6.4618566277
390,5.994851,6.4693613936
391,6.060267,6.4767842872
392,6.176082,6.4833185213
393,6.300222,6.4883396277
394,6.38474,6.4916667872
395,6.392609,6.4936526915
396,6.308042,6.4950941064
397,6.139946,6.4970174894
398,5.920447,6.500400383
399,5.699655,6.5058839681
400,5.536016,6.5135390213
401,5.482625,6.5227595957
402,5.582316,6.5323391596
403,5.991534,6.540623
404,4.671056,6.5443389149
405,5.612292,6.5619671915
406,5.855999,6.5695639574
407,5.987119,6.5746650851
408,6.05726,6.5785484574
409,6.096233,6.5818976489
410,6.125567,6.5850484043
411,6.153809,6.588099
412,6.176986,6.5910531064
413,6.186638,6.5939254787
414,6.180076,6.5967412234
415,6.165865,6.5994413085
416,6.160907,6.6017831277
417,6.180913,6.6033374574
418,6.230616,6.6036241489
419,6.300534,6.602330234
420,6.372138,6.5994773191
421,6.427142,6.5954193511
422,6.454965,6.5906601915
423,6.455252,6.5855948404
424,6.435904,6.5803029894
425,6.40886,6.5744469894
426,6.385802,6.5671459255
427,6.375048,6.5557743511
428,6.380012,6.5445171809
429,6.399224,6.5467786489
430,6.427741,6.5451688723
431,6.459512,6.5427284894
432,6.489796,6.5403955
433,6.51663,6.5384620851
434,6.540752,6.5368310638
435,6.5642,6.5351894787
436,6.588446,6.5331831596
437,6.613082,6.5305592128
438,6.635763,6.527233883
439,6.653435,6.5232726596
440,6.664263,6.5188151915
441,6.669191,6.5140023404
442,6.672108,6.5089441596
443,6.67821,6.5037244894
444,6.691286,6.498412266
445,6.711537,6.493059234
446,6.73539,6.4876914681
447,6.757451,6.4823146489
448,6.773271,6.4769395957
449,6.781219,6.4716120106
450,6.782621,6.4664234149
451,6.780562,6.4614923936
452,6.778406,6.4569259787
453,6.778871,6.4527830957
454,6.783769,6.449059
455,6.794002,6.4456953298
456,6.809454,6.4426062553
457,6.82883,6.4397057979
458,6.849746,6.4369251809
459,6.869259,6.4342184681
460,6.884672,6.4315619681
461,6.89421,6.4289540213
462,6.89727,6.4264165532
463,6.8942,6.4239939255
464,6.885912,6.4217434362
465,6.873596,6.4197164043
466,6.858613,6.4179367234
467,6.842394,6.4163879043
468,6.82619,6.4150174894
469,6.810813,6.4137590851
470,6.796657,6.4125618085
471,6.784132,6.4114118298
472,6.774089,6.4103339255
473,6.767671,6.4093740213
474,6.765393,6.4085760106
475,6.766123,6.4079699787
476,6.767028,6.4075789468
477,6.764884,6.4074350213
478,6.75796,6.4075874787
479,6.747032,6.4080914043
480,6.73469,6.4089816596
481,6.723432,6.410249617
482,6.713952,6.4118390638
483,6.704686,6.4136651383
484,6.692603,6.4156459362
485,6.674485,6.4177311809
486,6.648066,6.4199163617
487,6.612975,6.4222395426
488,6.571415,6.4247638617
489,6.528102,6.4275528617
490,6.48884,6.4306481596
491,6.457938,6.4340593191
492,6.435904,6.4377718936
493,6.41923,6.4417693085
494,6.40275,6.4460535106
495,6.383104,6.4506472766
496,6.360997,6.4555715213
497,6.34083,6.4608077766
498,6.328114,6.4662668404
499,6.326388,6.4717830213
500,6.335505,6.477140266
501,6.352156,6.4821195957
502,6.372084,6.4865459149
503,6.392404,6.4903137553
504,6.412323,6.4933852447
505,6.431495,6.4957725957
506,6.446989,6.4975293511
507,6.451318,6.4987685213
508,6.433884,6.4997009362
509,6.385996,6.500659734
510,6.307014,6.5020714894
511,6.207862,6.5043588085
512,6.108988,6.5078018404
513,6.03236,6.5124220957
514,5.990689,6.5179593723
515,5.979781,6.5239764894
516,5.978822,6.5300576915
517,5.957818,6.5360101277
518,5.88544,6.5419846702
519,5.72256,6.5485062128
520,5.316874,6.5565625
521,5.316874,6.5688010745
522,6.59259,6.5809875213
523,6.247905,6.5796107128
524,6.198345,6.5819022979
525,6.240211,6.5846113936
526,6.308055,6.5865416809
527,6.363314,6.5871212872
528,6.386443,6.5862110851
529,6.375606,6.5840316277
530,6.341795,6.5810885638
531,6.300501,6.5780620745
532,6.263408,6.5756419362
533,6.234433,6.5743301489
534,6.211855,6.5742766915
535,6.193722,6.5752100426
536,6.181459,6.5764790745
537,6.178861,6.5771909574
538,6.188101,6.5764202234
539,6.206967,6.5734477766
540,6.229969,6.5679563298
541,6.252196,6.5600891383
542,6.272478,6.5503013085
543,6.293491,6.5389775319
544,6.319105,6.5256362553
545,6.351319,6.5040575
546,6.388975,6.5201979043
547,6.428806,6.5190008298
548,6.467584,6.5151013511
549,6.503629,6.5099960957
550,6.536811,6.5042360532
551,6.567452,6.4981813191
552,6.595315,6.4921025106
553,6.619548,6.4861804255
554,6.639525,6.4805016383
555,6.655688,6.4750685957
556,6.669543,6.4698256809
557,6.682654,6.464698766
558,6.695371,6.4596386702
559,6.706306,6.4546504681
560,6.713024,6.4497924149
561,6.713575,6.4451446383
562,6.7079,6.440767383
563,6.698269,6.436674734
564,6.688559,6.4328376277
565,6.682809,6.4292088191
566,6.683858,6.4257485319
567,6.692658,6.4224316915
568,6.708426,6.4192344681
569,6.729366,6.4161161915
570,6.753499,6.4130165213
571,6.779215,6.4098740532
572,6.805329,6.4066528723
573,6.830716,6.4033565745
574,6.853878,6.4000199787
575,6.87284,6.3966877447
576,6.885603,6.3933990106
577,6.890881,6.3901884362
578,6.888616,6.3870973404
579,6.879892,6.384179
580,6.866445,6.3814890851
581,6.850261,6.3790663191
582,6.833581,6.3769176596
583,6.81906,6.3750190106
584,6.809489,6.3733313191
585,6.80692,6.3718228404
586,6.811661,6.3704841596
587,6.821945,6.3693264574
588,6.834564,6.3683625319
589,6.845983,6.3675822979
590,6.853205,6.366941617
591,6.853982,6.3663773404
592,6.846635,6.3658451383
593,6.829969,6.3653592234
594,6.803562,6.3650086383
595,6.76823,6.3649376809
596,6.726261,6.3653004255
597,6.681124,6.3662136064
598,6.636734,6.3677292553
599,6.59663,6.369832383
600,6.563471,6.3724552021
601,6.538965,6.3754955638
602,6.524011,6.378832883
603,6.518701,6.3823414894
604,6.522022,6.3859036064
605,6.531507,6.3894227553
606,6.543292,6.3928362021
607,6.552864,6.3961240745
608,6.556298,6.3993122872
609,6.551414,6.4024660319
610,6.538351,6.4056720426
611,6.519425,6.4090113511
612,6.498465,6.4125299362
613,6.479851,6.416218234
614,6.4673,6.4200096383
615,6.4624,6.4238016915
616,6.46317,6.4274951702
617,6.463314,6.431038766
618,6.453,6.4344647447
619,6.421658,6.4379031596
620,6.362538,6.4415674043
621,6.277755,6.4457075851
622,6.181574,6.4505316489
623,6.098958,6.4561031064
624,6.057305,6.4622468085
625,6.073008,6.468520266
626,6.1401,6.4743065957
627,6.229408,6.4790255
628,6.29959,6.482376
629,6.313011,6.4844992553
630,6.248376,6.4860014362
631,6.106412,6.4878385851
632,5.908691,6.4910941489
633,5.690771,6.4966948936
634,5.490453,6.5051397128
635,5.33214,6.5163510957
636,5.208043,6.5297574468
637,5.039411,6.5446721915
638,4.290702,6.5611631277
639,7.868517,6.5850497872
640,6.27645,6.5701094362
641,6.062255,6.5713275851
642,5.98769,6.5741714681
643,5.962185,6.5773437979
644,5.967666,6.5805124787
645,5.996044,6.5835166064
646,6.038639,6.5862660745
647,6.085742,6.5887566277
648,6.128819,6.5910730106
649,6.162854,6.5933481596
650,6.187613,6.5956844043
651,6.207005,6.598060734
652,6.22648,6.6002633298
653,6.249649,6.6018815319
654,6.276133,6.6023972766
655,6.302113,6.6013591596
656,6.323191,6.5985856809
657,6.337581,6.5943059894
658,6.347451,6.5891372021
659,6.357542,6.5838387979
660,6.372075,6.5788731702
661,6.392119,6.5737775532
662,6.415308,6.565192117
663,6.437997,6.5563599894
664,6.458107,6.567636883
665,6.476424,6.5721874574
666,6.495477,6.5729045106
667,6.517076,6.5704265957
668,6.540648,6.5653669574
669,6.563699,6.5585534149
670,6.583809,6.5509126702
671,6.600318,6.5432932234
672,6.614292,6.5363516596
673,6.62704,6.5305166915
674,6.638705,6.5259851383
675,6.648287,6.5227173191
676,6.655108,6.5204428723
677,6.660417,6.5187076277
678,6.667692,6.5169742872
679,6.681084,6.5147538723
680,6.702837,6.5117207128
681,6.731336,6.5077662979
682,6.761222,6.5029784362
683,6.785759,6.4975719255
684,6.800163,6.4918150745
685,6.803955,6.4859797872
686,6.800959,6.4803138298
687,6.797014,6.4750216064
688,6.796892,6.4702468723
689,6.802328,6.4660610745
690,6.8121,6.4624612234
691,6.823595,6.4593758617
692,6.834428,6.4566763085
693,6.843175,6.454195883
694,6.849265,6.4517621383
695,6.852673,6.4492401809
696,6.85382,6.4465721277
697,6.85354,6.4437920638
698,6.852822,6.4410059043
699,6.852371,6.4383454255
700,6.852352,6.4359203085
701,6.852556,6.4337894149
702,6.85275,6.4319566702
703,6.852779,6.4303838298
704,6.852246,6.4290100851
705,6.850172,6.4277739468
706,6.845165,6.4266350638
707,6.836243,6.4255901596
708,6.823753,6.4246739787
709,6.809587,6.4239409574
710,6.796268,6.4234356702
711,6.785356,6.4231710213
712,6.776211,6.4231305638
713,6.766097,6.4232952872
714,6.751715,6.423675617
715,6.731217,6.4243233298
716,6.705291,6.4253117021
717,6.676466,6.4266970957
718,6.64701,6.4284915851
719,6.616923,6.4306697447
720,6.583677,6.4332063298
721,6.544355,6.4361149362
722,6.499176,6.4394516809
723,6.454216,6.4432695
724,6.421068,6.4475434149
725,6.412435,6.4521126596
726,6.435161,6.4566860106
727,6.484584,6.4609265106
728,6.544323,6.4645834574
729,6.592337,6.4676024255
730,6.610029,6.4701512766
731,6.589559,6.4725493298
732,6.536048,6.4751403085
733,6.464124,6.4781724149
734,6.390956,6.4817364255
735,6.32958,6.4857780106
736,6.285889,6.4901612234
737,6.260041,6.4947364043
738,6.250054,6.4993728404
739,6.254494,6.5039491596
740,6.272751,6.5083274468
741,6.303482,6.5123454894
742,6.342683,6.5158453723
743,6.382461,6.5187314787
744,6.410988,6.5210336596
745,6.414049,6.5229471809
746,6.378591,6.5248276277
747,6.298129,6.5271315426
748,6.17855,6.5303083617
749,6.041406,6.5346633617
750,5.9209,6.5402261702
751,5.851715,6.5466779574
752,5.849401,6.5534054787
753,5.890773,6.5597314894
754,5.893087,6.5653073085
755,5.585088,6.5706909468
756,5.585088,6.5792912872
757,7.498025,6.5878688936
758,6.885861,6.5760443404
759,6.543827,6.5706211596
760,6.262553,6.568681766
761,6.04147,6.5695838298
762,5.900175,6.5727453085
763,5.845469,6.5774084149
764,5.867581,6.5827340319
765,5.947811,6.5879293723
766,6.065805,6.5923044787
767,6.201074,6.5952797447
768,6.33153,6.5964188404
769,6.434489,6.5955196277
770,6.491995,6.5927198511
771,6.497483,6.5885366489
772,6.458973,6.583779383
773,6.395967,6.5793323936
774,6.331122,6.5758669574
775,6.281277,6.5735783511
776,6.25301,6.5720186915
777,6.244615,6.5699977021
778,6.251646,6.5653230319
779,6.271355,6.5532273085
780,6.30349,6.4907673617
781,6.348189,6.5406944574
782,6.403427,6.5507999149
783,6.463942,6.5518479255
784,6.522076,6.5487033936
785,6.569837,6.5439704681
786,6.601268,6.5392988404
787,6.614403,6.5354739255
788,6.612201,6.5325457021
789,6.601876,6.5300986064
790,6.592494,6.5275665638
791,6.591641,6.5244967234
792,6.602737,6.5206954043
793,6.62441,6.5162285638
794,6.652048,6.5113087447
795,6.680278,6.5061554681
796,6.704903,6.5009164362
797,6.723647,6.495677766
798,6.736049,6.4905259681
799,6.743117,6.4855973298
800,6.746944,6.4810684894
801,6.750122,6.477088
802,6.754849,6.4736929255
803,6.76209,6.4707678404
804,6.771391,6.4680762766
805,6.781553,6.4653495638
806,6.791695,6.4623861702
807,6.801848,6.4591149149
808,6.8126,6.4556004681
809,6.824124,6.4520010532
810,6.835518,6.4485057021
811,6.845148,6.4452757447
812,6.851757,6.4424026383
813,6.855362,6.4398874362
814,6.857086,6.4376472128
815,6.858009,6.4355513511
816,6.858051,6.4334783191
817,6.855964,6.4313683085
818,6.850577,6.4292443617
819,6.84233,6.427191383
820,6.833768,6.4253083298
821,6.828337,6.4236636489
822,6.828106,6.4222776915
823,6.831929,6.4211350638
824,6.835446,6.4202120745
825,6.833111,6.4194992979
826,6.821066,6.419007734
827,6.799141,6.4187594787
828,6.770865,6.4187721489
829,6.741602,6.4190472872
830,6.715956,6.4195694255
831,6.695866,6.4203165
832,6.680228,6.4212770426
833,6.666053,6.4224657234
834,6.650447,6.4239275957
835,6.632471,6.425725
836,6.613977,6.4279088298
837,6.598866,6.4304859574
838,6.590859,6.4334004894
839,6.590811,6.4365431489
840,6.595159,6.4397889468
841,6.59675,6.4430461915
842,6.58792,6.446291617
843,6.56431,6.4495732553
844,6.527368,6.4529801596
845,6.484102,6.456594617
846,6.444046,6.4604501915
847,6.4149,6.4645153085
848,6.399149,6.4687093085
849,6.39352,6.4729410638
850,6.391383,6.4771479043
851,6.386517,6.4813144681
852,6.376082,6.4854647021
853,6.361524,6.4896356702
854,6.347347,6.4938474362
855,6.338649,6.4980803404
856,6.338507,6.5022654787
857,6.346077,6.506292617
858,6.355943,6.5100407021
859,6.359071,6.5134320957
860,6.34548,6.516496883
861,6.308149,6.5194149255
862,6.247004,6.5224978511
863,6.17131,6.5260928085
864,6.098774,6.5304325
865,6.0503,6.5354975319
866,6.040956,6.5409709362
867,6.070216,6.5463352872
868,6.115993,6.5510996915
869,6.134669,6.5550794574
870,6.063037,6.5586351064
871,5.805196,6.562845883
872,5.114648,6.5697990745
873,0.40012,6.584141266
874,10.996637,6.6486394043
875,7.298102,6.6002947979
876,6.50194,6.5910274043
877,6.168356,6.5898125745
878,6.077181,6.5916384787
879,6.130704,6.5939383511
880,6.241726,6.5953101809
881,6.33915,6.5953842553
882,6.382174,6.5945817021
883,6.363864,6.5936953085
884,6.303929,6.5934505
885,6.234317,6.5941987553
886,6.182854,6.5958232021
887,6.161947,6.5978474787
888,6.16764,6.5996545319
889,6.187809,6.6006838191
890,6.212468,6.6005199787
891,6.239378,6.598886
892,6.272757,6.5956290851
893,6.317406,6.5907919681
894,6.372778,6.5848108936
895,6.430985,6.5788316383
896,6.479891,6.5752634149
897,6.509083,6.5802423298
898,6.51508,6.7120896596
899,6.502994,6.6772682021
900,6.484197,6.6628621702
901,6.47149,6.6561101277
902,6.474255,6.6540749787
903,6.495561,6.6550131915
904,6.531902,6.6575251489
905,6.575076,6.6603976809
906,6.615328,6.6625571383
907,6.644781,6.6630660213
908,6.660075,6.6611856702
909,6.663144,6.656517734
910,6.65971,6.649183766
911,6.656313,6.6399292766
912,6.657597,6.6300010426
913,6.665323,6.6207525106
914,6.679168,6.6131700851
915,6.698057,6.6076068191
916,6.720699,6.6038219043
917,6.745168,6.6012159468
918,6.768445,6.5991071596
919,6.786904,6.5969446702
920,6.79773,6.5944148298
921,6.800332,6.5914431915
922,6.796728,6.5881255957
923,6.790683,6.5846331809
924,6.786181,6.5811285532
925,6.786157,6.5777135426
926,6.791964,6.5744129255
927,6.803469,6.5711879894
928,6.819403,6.5679690638
929,6.837751,6.5646937447
930,6.856227,6.5613371809
931,6.872832,6.5579240957
932,6.886269,6.5545204574
933,6.895916,6.5512134362
934,6.90134,6.5480932553
935,6.90182,6.5452456596
936,6.896394,6.5427510957
937,6.884559,6.5406793085
938,6.867127,6.5390725745
939,6.846526,6.5379240532
940,6.826167,6.5371665957
941,6.809136,6.5366835745
942,6.796934,6.5363397979
943,6.788963,6.5360189362
944,6.78304,6.5356529043
945,6.776639,6.5352361809
946,6.768153,6.5348262447
947,6.75743,6.5345332234
948,6.74524,6.5345000745
949,6.732052,6.5348750106
950,6.717058,6.5357825106
951,6.698397,6.5373023617
952,6.674734,6.5394610319
953,6.647161,6.5422306277
954,6.619776,6.5455276809
955,6.597944,6.5492118723
956,6.58493,6.5530958085
957,6.579241,6.5569781383
958,6.574887,6.560697
959,6.5648,6.5641819681
960,6.545205,6.5674756809
961,6.51807,6.5707103404
962,6.490091,6.5740480426
963,6.4689,6.577612766
964,6.45885,6.5814455638
965,6.458796,6.5855007447
966,6.462814,6.5896782021
967,6.462945,6.5938707447
968,6.452244,6.5980052128
969,6.426967,6.6020672979
970,6.387746,6.6061079149
971,6.339991,6.6102283404
972,6.293369,6.6145393723
973,6.259656,6.6190984149
974,6.248689,6.6238489681
975,6.26371,6.6286019787
976,6.298853,6.6330861809
977,6.340852,6.637053
978,6.374265,6.6403817979
979,6.387015,6.6431282021
980,6.373136,6.6454958511
981,6.33181,6.6477600319
982,6.264393,6.6501968511
983,6.172408,6.6530572766
984,6.058874,6.6565823085
985,5.933228,6.661012734
986,5.818068,6.6665345319
987,5.755185,6.6731270319
988,5.810728,6.6803271064
989,6.095572,6.6869397447
990,6.947909,6.6905527021
991,18.902732,6.6851306489
992,3.241863,6.5525541809
993,5.148827,6.5865842872
994,5.849505,6.600254734
995,6.280186,6.6062236915
996,6.562447,6.6070683723
997,6.731685,6.604003383
998,6.80192,6.5979352128
999,6.778065,6.5898793617
1000,6.663163,6.5812090957
1001,6.468028,6.5736729574
1002,6.221289,6.5690958298
1003,5.973751,6.5688410957
1004,5.789788,6.573278117
1005,5.723059,6.5815212872
1006,5.788235,6.5916026915
1007,5.952575,6.6010477553
1008,6.156221,6.6075835851
1009,6.342275,6.6096495851
1010,6.475739,6.6065877979
1011,6.546942,6.5985770532
1012,6.565171,6.5863449574
1013,6.549099,6.5704819043
1014,6.518396,6.5491675745
1015,6.488478,6.5281798723
1016,6.468441,6.5402926596
1017,6.461248,6.5421489149
1018,6.46517,6.5415189787
1019,6.475899,6.5396167979
1020,6.48882,6.5368989574
1021,6.50089,6.5337860957
1022,6.511523,6.5307044362
1023,6.522234,6.5279586277
1024,6.535397,6.5256282128
1025,6.55289,6.5235627553
1026,6.575409,6.5214640213
1027,6.602619,6.5190028617
1028,6.633666,6.5159212766
1029,6.667331,6.5120925957
1030,6.701646,6.5075344043
1031,6.733526,6.5023830319
1032,6.759166,6.4968465426
1033,6.775325,6.4911570957
1034,6.780763,6.4855394787
1035,6.776821,6.4801995106
1036,6.766773,6.4753220426
1037,6.754556,6.4710626277
1038,6.743868,6.4675229149
1039,6.738105,6.4647136277
1040,6.740609,6.4625212447
1041,6.754314,6.4607
1042,6.780484,6.4589054894
1043,6.817357,6.4567710851
1044,6.859924,6.4540069574
1045,6.901312,6.4504846915
1046,6.935076,6.4462718404
1047,6.957084,6.4416026064
1048,6.96609,6.4368011383
1049,6.963034,6.4321940532
1050,6.949869,6.4280461064
1051,6.928814,6.4245327872
1052,6.902474,6.421741
1053,6.874409,6.4196774255
1054,6.849263,6.4182704787
1055,6.831814,6.4173687021
1056,6.825175,6.4167522021
1057,6.829183,6.4161724043
1058,6.840037,6.4154174362
1059,6.851477,6.4143797128
1060,6.856913,6.4130941702
1061,6.851585,6.4117278723
1062,6.83408,6.4105246915
1063,6.806785,6.4097283617
1064,6.775066,6.4095129362
1065,6.745228,6.409943
1066,6.721919,6.4109728298
1067,6.706208,6.4124800532
1068,6.695472,6.4143176809
1069,6.685225,6.4163619149
1070,6.671734,6.4185365638
1071,6.653759,6.4208080532
1072,6.632427,6.4231617979
1073,6.609574,6.4255804574
1074,6.585969,6.4280417872
1075,6.560871,6.4305385319
1076,6.533273,6.433104734
1077,6.503761,6.4358251489
1078,6.475334,6.438814266
1079,6.452277,6.4421724787
1080,6.437763,6.4459429681
1081,6.431992,6.4500911702
1082,6.432316,6.4545121489
1083,6.43519,6.459055234
1084,6.438236,6.4635532979
1085,6.440544,6.4678530745
1086,6.440693,6.4718510426
1087,6.433849,6.475536117
1088,6.410587,6.4790293085
1089,6.359586,6.4826
1090,6.274338,6.4866362234
1091,6.161277,6.4915533404
1092,6.04467,6.4976421596
1093,5.96306,6.5048884255
1094,5.954766,6.5128403085
1095,6.037778,6.520630117
1096,6.197344,6.527208883
1097,6.390831,6.5317150957
1098,6.564646,6.5337918617
1099,6.670711,6.5337142553
1100,6.676071,6.5323192447
1101,6.566943,6.5308071064
1102,6.350425,6.5304845106
1103,6.054467,6.5324975
1104,5.722729,6.5375965532
1105,5.397125,6.5459985
1106,5.074044,6.5574673617
1107,4.545552,6.571869617
1108,4.545552,6.5913982872
1109,7.62708,6.6105617979
1110,6.642929,6.5967936489
1111,6.402034,6.5935769681
1112,6.286365,6.5931767128
1113,6.220422,6.5943182553
1114,6.196211,6.5963955638
1115,6.211214,6.5987713723
1116,6.253417,6.6007723404
1117,6.303175,6.6018686809
1118,6.341244,6.6018404149
1119,6.355609,6.6008347021
1120,6.34406,6.5992938191
1121,6.31295,6.5977830213
1122,6.27377,6.5967807553
1123,6.238861,6.5965105532
1124,6.217417,6.5968800638
1125,6.213096,6.5975453723
1126,6.224358,6.5980631064
1127,6.247269,6.5980570319
1128,6.278806,6.5973232447
1129,6.318339,6.5958196383
1130,6.366388,6.5934976277
1131,6.421823,6.5898018191
1132,6.479795,6.5804134255
1133,6.532021,6.5997098404
1134,6.569412,6.6044974149
1135,6.58563,6.606515883
1136,6.57985,6.6065572021
1137,6.557529,6.6047312447
1138,6.528831,6.6011934149
1139,6.505304,6.5963088617
1140,6.496168,6.5906462553
1141,6.505746,6.5848698936
1142,6.533024,6.5795759468
1143,6.573127,6.5751322979
1144,6.619617,6.5715834894
1145,6.666386,6.5686583936
1146,6.708498,6.5658825319
1147,6.742156,6.5627613298
1148,6.764496,6.5589708404
1149,6.773863,6.5544778511
1150,6.770674,6.5495305532
1151,6.758216,6.5445217979
1152,6.742491,6.5398016383
1153,6.730636,6.5355434574
1154,6.728481,6.5317235213
1155,6.738486,6.5281972128
1156,6.759225,6.5248052872
1157,6.786535,6.5214438191
1158,6.815492,6.518071
1159,6.842032,6.514669883
1160,6.863598,6.5112100957
1161,6.878945,6.5076407553
1162,6.88763,6.5039174681
1163,6.889642,6.5000416915
1164,6.885254,6.4960845957
1165,6.875011,6.4921803298
1166,6.859781,6.488493117
1167,6.840939,6.485176234
1168,6.820663,6.4823393617
1169,6.802094,6.4800303191
1170,6.788992,6.4782282234
1171,6.784738,6.4768453617
1172,6.791006,6.4757401383
1173,6.806703,6.4747455106
1174,6.827694,6.4737121064
1175,6.847564,6.4725567766
1176,6.859366,6.4713000106
1177,6.858008,6.4700743511
1178,6.842415,6.469092234
1179,6.816353,6.468577234
1180,6.78709,6.468681766
1181,6.762209,6.4694265319
1182,6.746232,6.4706910532
1183,6.738991,6.4722594043
1184,6.736547,6.4738974787
1185,6.733626,6.4754258511
1186,6.725819,6.476763383
1187,6.710537,6.4779371489
1188,6.687008,6.4790670213
1189,6.656182,6.4803324787
1190,6.620928,6.4819246915
1191,6.586047,6.4839885
1192,6.557351,6.4865686809
1193,6.53958,6.4895829468
1194,6.53393,6.4928408617
1195,6.536619,6.496110883
1196,6.539646,6.4992137447
1197,6.533778,6.5021031915
1198,6.512512,6.5048948723
1199,6.475198,6.5078244681
1200,6.427856,6.5111479255
1201,6.381247,6.5150252021
1202,6.346922,6.5194395426
1203,6.332874,6.5241904043
1204,6.340561,6.5289646383
1205,6.36441,6.5334542872
1206,6.39367,6.5374685638
1207,6.415689,6.5409943511
1208,6.419537,6.5441866915
1209,6.399305,6.5473026489
1210,6.356473,6.550608617
1211,6.300518,6.5542916809
1212,6.246707,6.5583972553
1213,6.210766,6.5628101383
1214,6.202045,6.5672907872
1215,6.218737,6.5715635
1216,6.248371,6.575424883
1217,6.273595,6.5788212872
1218,6.279956,6.5818560106
1219,6.261763,6.5847270851
1220,6.223787,6.5876321809
1221,6.178293,6.590687383
1222,6.137467,6.5938975319
1223,6.10007,6.5972051809
1224,6.018982,6.6006568404
1225,5.539314,6.6048765426
1226,8.293658,6.6142910213
1227,6.982053,6.5946445638
1228,6.759148,6.5892432021
1229,6.589514,6.5864180638
1230,6.40821,6.5853603723
1231,6.224973,6.5858110532
1232,6.069683,6.5873280851
1233,5.973019,6.5891994255
1234,5.95319,6.5906191596
1235,6.008115,6.5909995745
1236,6.115321,6.5902405319
1237,6.239539,6.5887635532
1238,6.344658,6.5872593511
1239,6.405455,6.5863106596
1240,6.415105,6.5861103298
1241,6.38585,6.5863740426
1242,6.342155,6.5864307128
1243,6.308817,6.5854423191
1244,6.299851,6.5826995319
1245,6.314521,6.5779115426
1246,6.342222,6.5713832447
1247,6.371562,6.5640257021
1248,6.397008,6.5573354255
1249,6.419645,6.5541414255
1250,6.443247,6.5775936064
1251,6.46949,6.5551675532
1252,6.495787,6.5426678617
1253,6.516812,6.5337782447
1254,6.52808,6.5272821915
1255,6.528956,6.5226737553
1256,6.523307,6.5196173191
1257,6.517675,6.5177707234
1258,6.518253,6.5167121277
1259,6.528413,6.5159476064
1260,6.547994,6.5149853617
1261,6.574273,6.513436266
1262,6.603613,6.5110898511
1263,6.632697,6.5079325426
1264,6.659003,6.5041085319
1265,6.680847,6.4998495106
1266,6.697511,6.4954036702
1267,6.709563,6.4909812234
1268,6.719093,6.4867197979
1269,6.729428,6.4826676809
1270,6.744154,6.4787854574
1271,6.765689,6.4749680106
1272,6.794005,6.4710855638
1273,6.826179,6.4670339681
1274,6.857098,6.4627770426
1275,6.881074,6.4583645
1276,6.893657,6.4539199043
1277,6.89297,6.4496077872
1278,6.880214,6.4455957766
1279,6.859354,6.4420218723
1280,6.836153,6.4389667872
1281,6.816745,6.4364288404
1282,6.805961,6.4343069043
1283,6.80585,6.4324075426
1284,6.814926,6.4304905638
1285,6.828584,6.4283493511
1286,6.840692,6.4258979255
1287,6.845824,6.423222383
1288,6.841312,6.4205638511
1289,6.828288,6.4182316702
1290,6.811254,6.4164830851
1291,6.796196,6.4154248085
1292,6.787894,6.4149812128
1293,6.787603,6.4149410319
1294,6.79232,6.4150583617
1295,6.796195,6.4151603723
1296,6.793503,6.4152120319
1297,6.781652,6.4153094468
1298,6.762588,6.4156099043
1299,6.741752,6.4162389362
1300,6.725094,6.4172244894
1301,6.715769,6.4184895745
1302,6.712437,6.419901383
1303,6.710066,6.421346
1304,6.702681,6.4227896064
1305,6.686442,6.4242984149
1306,6.661518,6.4260104787
1307,6.631947,6.4280724468
1308,6.60368,6.4305686064
1309,6.581707,6.4334748085
1310,6.567633,6.4366623085
1311,6.558859,6.439953883
1312,6.549837,6.4432066702
1313,6.534842,6.4463787021
1314,6.510976,6.4495421489
1315,6.480047,6.4528347979
1316,6.448386,6.4563760213
1317,6.424526,6.4601936809
1318,6.415634,6.4642006277
1319,6.424275,6.4682288617
1320,6.446891,6.4720970851
1321,6.474325,6.4756742979
1322,6.493585,6.4789169149
1323,6.490091,6.4818841596
1324,6.450574,6.4847489043
1325,6.367574,6.4878053404
1326,6.245589,6.4914450851
1327,6.106474,6.496061734
1328,5.988949,6.5018741489
1329,5.936765,6.5087292128
1330,5.976485,6.516017383
1331,6.098144,6.5228280532
1332,6.255481,6.5283235532
1333,6.386624,6.5321236596
1334,6.439894,6.5344793936
1335,6.391177,6.5361794787
1336,6.249246,6.538277617
1337,6.050995,6.5417625957
1338,5.84978,6.5472667234
1339,5.700861,6.5548757979
1340,5.650613,6.5640731489
1341,5.742676,6.5737938298
1342,6.096772,6.5824299681
1343,8.62415,6.5870266809
1344,4.335198,6.564256234
1345,5.294519,6.5864345638
1346,5.660163,6.5975951489
1347,5.906183,6.6040320426
1348,6.094887,6.6071341809
1349,6.241651,6.6077526915
1350,6.349727,6.6066411809
1351,6.418167,6.6044955106
1352,6.446388,6.6019173511
1353,6.437962,6.599376883
1354,6.402379,6.5971998936
1355,6.35371,6.595586617
1356,6.306826,6.5946577128
1357,6.27324,6.5945045213
1358,6.258655,6.5952040106
1359,6.262938,6.5967665319
1360,6.281801,6.5990270957
1361,6.308989,6.6015381809
1362,6.338194,6.6035280638
1363,6.364499,6.6039420106
1364,6.385314,6.6015050106
1365,6.400739,6.5945996489
1366,6.413155,6.5799832234
1367,6.426028,6.5254843723
1368,6.442319,6.5448543617
1369,6.463282,6.543706234
1370,6.488318,6.5370028936
1371,6.515841,6.5275945851
1372,6.544267,6.5168402553
1373,6.572176,6.5056473085
1374,6.597586,6.4947563404
1375,6.617283,6.4848644149
1376,6.627421,6.4766468723
1377,6.625654,6.4706717128
1378,6.613652,6.4672388936
1379,6.59815,6.4662273723
1380,6.589191,6.4670393511
1381,6.595922,6.4686908723
1382,6.622087,6.4700384362
1383,6.663921,6.4700763191
1384,6.711776,6.4682042979
1385,6.754498,6.4643668511
1386,6.784117,6.4590093191
1387,6.798632,6.4528710957
1388,6.801909,6.4467053617
1389,6.801051,6.4410408723
1390,6.80266,6.4360701489
1391,6.809895,6.4316850213
1392,6.821717,6.427620383
1393,6.834394,6.4236306809
1394,6.844012,6.4196186702
1395,6.848479,6.415663734
1396,6.848231,6.4119479894
1397,6.845765,6.4086304043
1398,6.844509,6.4057423404
1399,6.847376,6.4031582128
1400,6.855343,6.4006497872
1401,6.866586,6.3979906064
1402,6.876863,6.3950581702
1403,6.881332,6.3918868617
1404,6.877041,6.3886507234
1405,6.864621,6.3855894149
1406,6.848008,6.3829168511
1407,6.832206,6.3807560851
1408,6.820485,6.3791261702
1409,6.812922,6.377977766
1410,6.807246,6.3772479681
1411,6.801179,6.3768974681
1412,6.794288,6.3769087128
1413,6.787888,6.3772540638
1414,6.783149,6.3778647979
1415,6.779131,6.3786304681
1416,6.772506,6.3794336489
1417,6.759377,6.3801977872
1418,6.737879,6.3809162447
1419,6.70971,6.3816459894
1420,6.679554,6.3824748936
1421,6.652841,6.3834877553
1422,6.633325,6.3847510532
1423,6.621853,6.386316883
1424,6.616688,6.3882296596
1425,6.614721,6.3905201064
1426,6.612691,6.3931870532
1427,6.608063,6.3961818404
1428,6.599702,6.3994091064
1429,6.588402,6.4027437979
1430,6.576834,6.4060528191
1431,6.568383,6.4092115745
1432,6.565033,6.4121172447
1433,6.565412,6.4147082766
1434,6.564357,6.416992734
1435,6.554473,6.4190735319
1436,6.528863,6.4211511702
1437,6.483728,6.4234939043
1438,6.419961,6.4263821596
1439,6.343614,6.4300446064
1440,6.265231,6.4346011702
1441,6.197784,6.4400230745
1442,6.153027,6.446120234
1443,6.137169,6.4525696702
1444,6.148034,6.4589902872
1445,6.17582,6.4650461702
1446,6.207584,6.4705364362
1447,6.233325,6.4754290532
1448,6.250731,6.4798210319
1449,6.266393,6.483841
1450,6.292426,6.4875345638
1451,6.338992,6.4907860957
1452,6.405532,6.4933286489
1453,6.475431,6.4948657021
1454,6.517843,6.4952725
1455,6.496038,6.4947925319
1456,6.377105,6.4941387553
1457,6.135421,6.4944625957
1458,5.73621,6.4972476809
1459,5.026795,6.5043530851
1460,1.290263,6.519216234
1461,8.246807,6.5741080106
1462,6.334395,6.555276
1463,5.833168,6.5570255106
1464,5.603937,6.5642435106
1465,5.504934,6.5738427128
1466,5.49213,6.5841070745
1467,5.548425,6.5936582128
1468,5.667745,6.6012722447
1469,5.844834,6.6059606277
1470,6.065756,6.6071804255
1471,6.302969,6.6050359574
1472,6.518569,6.600307
1473,6.674476,6.5942330106
1474,6.744434,6.5881647766
1475,6.722593,6.5832648191
1476,6.625648,6.5803363191
1477,6.487951,6.5797500319
1478,6.351056,6.5814201277
1479,6.25089,6.5848144362
1480,6.207124,6.5890095851
1481,6.219053,6.5927821702
1482,6.269447,6.5946426915
1483,6.333803,6.5924317234
1484,6.390458,6.5795139255
1485,6.427819,6.5659934149
1486,6.446685,6.5808160851
1487,6.457265,6.5873118404
1488,6.472248,6.5902794362
1489,6.499199,6.5911018191
1490,6.536378,6.5903773511
1491,6.574287,6.5884385213
1492,6.601601,6.5855574362
1493,6.611584,6.582029883
1494,6.60538,6.578173766
1495,6.590937,6.5742768936
1496,6.57876,6.5705377021
1497,6.577135,6.5670335426
1498,6.589278,6.5637275319
1499,6.6134,6.5605036277
1500,6.644896,6.5572125426
1501,6.678994,6.5537166489
1502,6.712535,6.5499279043
1503,6.744321,6.5458317553
1504,6.774299,6.5414883298
1505,6.802236,6.5370073511
1506,6.826751,6.5325068298
1507,6.845297,6.528075617
1508,6.855122,6.5237574787
1509,6.85463,6.5195612872
1510,6.844335,6.5154883085
1511,6.826912,6.5115616489
1512,6.806475,6.5078431702
1513,6.787627,6.5044274787
1514,6.774763,6.5014111489
1515,6.771591,6.4988474149
1516,6.780513,6.4967075106
1517,6.801654,6.494869734
1518,6.83199,6.4931455106
1519,6.865414,6.4913337872
1520,6.894201,6.4892831809
1521,6.911426,6.4869409362
1522,6.913163,6.4843753511
1523,6.89945,6.4817670745
1524,6.873757,6.4793688511
1525,6.841516,6.4774389149
1526,6.80859,6.4761630532
1527,6.780151,6.4755913723
1528,6.759952,6.4756170426
1529,6.749771,6.4760101489
1530,6.74908,6.4764960319
1531,6.755224,6.4768471277
1532,6.764231,6.4769506915
1533,6.771931,6.4768278511
1534,6.77489,6.4766050638
1535,6.770917,6.4764618298
1536,6.759274,6.4765816596
1537,6.740707,6.4771185426
1538,6.717287,6.4781750213
1539,6.691905,6.4797844894
1540,6.66749,6.481899234
1541,6.646171,6.484393883
1542,6.628608,6.4870928511
1543,6.613588,6.4898202979
1544,6.59807,6.4924596596
1545,6.577992,6.4950020319
1546,6.550015,6.4975614255
1547,6.51367,6.5003425106
1548,6.472726,6.5035647872
1549,6.434583,6.5073695638
1550,6.407546,6.5117503723
1551,6.397219,6.5165412766
1552,6.404118,6.5214708404
1553,6.423931,6.5262547447
1554,6.45009,6.5306795957
1555,6.476598,6.5346391383
1556,6.498849,6.5381189574
1557,6.51166,6.5411632553
1558,6.506262,6.5438696596
1559,6.469784,6.546431
1560,6.389937,6.5491909894
1561,6.264144,6.5526440213
1562,6.108453,6.5573217447
1563,5.959495,6.5635720851
1564,5.864176,6.5713186596
1565,5.858447,6.5799449894
1566,5.947614,6.5884240106
1567,6.104062,6.595669234
1568,6.283838,6.600909734
1569,6.447314,6.6038784043
1570,6.570537,6.6047670745
1571,6.64494,6.6040515638
1572,6.670121,6.6023164574
1573,6.645234,6.600157383
1574,6.561747,6.5981755957
1575,6.393942,6.5970501596
1576,6.061616,6.5977140957
1577,5.11953,6.6019335
1578,5.11953,6.6161949787
1579,7.82115,6.6304604894
1580,7.057286,6.6159477447
1581,6.736219,6.6094412766
1582,6.549552,6.6061077128
1583,6.431099,6.6043882766
1584,6.354128,6.603487383
1585,6.303465,6.603017766
1586,6.270011,6.6028970638
1587,6.249109,6.6032305745
1588,6.239074,6.6041548511
1589,6.239453,6.6056918404
1590,6.249369,6.6076686489
1591,6.26637,6.6097232234
1592,6.286231,6.6113797128
1593,6.304038,6.6121593723
1594,6.316282,6.6116908298
1595,6.322852,6.6097874574
1596,6.327497,6.6064649681
1597,6.336039,6.6018823191
1598,6.353087,6.5962068404
1599,6.379187,6.589418766
1600,6.410217,6.5810043511
1601,6.439392,6.5688211064
1602,6.46068,6.5141309255
1603,6.47177,6.5205633723
1604,6.475229,6.5197240532
1605,6.477375,6.5169782766
1606,6.4854,6.5138160638
1607,6.504092,6.5110540319
1608,6.533772,6.5091027553
1609,6.57044,6.5079768085
1610,6.607762,6.5073346277
1611,6.639577,6.5065849681
1612,6.661688,6.505043117
1613,6.672657,6.5021149468
1614,6.67403,6.4974802553
1615,6.670261,6.4912234894
1616,6.667985,6.4838404681
1617,6.674017,6.476077617
1618,6.692343,6.4686579574
1619,6.721585,6.4620440851
1620,6.754852,6.4563675
1621,6.782564,6.4515231064
1622,6.796904,6.4473240745
1623,6.795444,6.4436110745
1624,6.782083,6.4402772447
1625,6.764959,6.4372374149
1626,6.752684,6.434395734
1627,6.750989,6.4316445851
1628,6.761426,6.4288890638
1629,6.782181,6.4260678723
1630,6.809741,6.4231522766
1631,6.840016,6.4201311277
1632,6.868577,6.4170032872
1633,6.890691,6.4137865532
1634,6.901987,6.4105316489
1635,6.899874,6.407323
1636,6.884988,6.4042608404
1637,6.861688,6.4014358298
1638,6.837053,6.3989113723
1639,6.818575,6.3967186383
1640,6.811437,6.3948580638
1641,6.816564,6.3933001809
1642,6.830375,6.3919872979
1643,6.846379,6.3908436809
1644,6.857891,6.3897977021
1645,6.860598,6.3888081915
1646,6.853805,6.3878803511
1647,6.839867,6.3870612766
1648,6.822287,6.3864177979
1649,6.803701,6.3860106596
1650,6.785013,6.3858793298
1651,6.766062,6.3860411383
1652,6.747028,6.3864968191
1653,6.729223,6.387232234
1654,6.714522,6.388215117
1655,6.70385,6.3893955213
1656,6.695985,6.3907199787
1657,6.687673,6.3921596702
1658,6.675051,6.3937406277
1659,6.655475,6.3955592128
1660,6.628665,6.3977719149
1661,6.596669,6.4005601809
1662,6.562893,6.4040797766
1663,6.530849,6.4084074681
1664,6.503279,6.4134979681
1665,6.48184,6.4191639574
1666,6.467168,6.4250913723
1667,6.458946,6.4308955638
1668,6.455956,6.4362108191
1669,6.456352,6.440787617
1670,6.45824,6.4445597234
1671,6.460109,6.4476488936
1672,6.460488,6.4503020638
1673,6.456952,6.4527927021
1674,6.445678,6.4553368404
1675,6.422864,6.4580598085
1676,6.387925,6.4610125957
1677,6.346415,6.4642077553
1678,6.309984,6.4676425319
1679,6.292119,6.4712960426
1680,6.301361,6.4751104574
1681,6.335991,6.4789773617
1682,6.383551,6.4827452766
1683,6.425273,6.4862503723
1684,6.442499,6.4893629681
1685,6.42208,6.4920415213
1686,6.359519,6.4943833617
1687,6.259995,6.4966509468
1688,6.137365,6.4992437766
1689,6.010538,6.5025984468
1690,5.896728,6.5070430319
1691,5.802544,6.5126838617
1692,5.715008,6.5194164362
1693,5.588232,6.5271086064
1694,5.264992,6.5360015319
1695,1.298515,6.5479834468
1696,7.06533,6.6016692553
1697,6.392874,6.5934844894
1698,6.217126,6.5920422553
1699,6.180127,6.5923089043
1700,6.225769,6.5931721809
1701,6.320672,6.5941585426
1702,6.427933,6.5950721064
1703,6.510075,6.5959003617
1704,6.537294,6.5967387553
1705,6.494643,6.5977250319
1706,6.38644,6.5989921809
1707,6.236996,6.6006219468
1708,6.085894,6.6025770106
1709,5.976257,6.6046284574
1710,5.938277,6.6063455106
1711,5.976569,6.6072100638
1712,6.070639,6.6068200638
1713,6.187986,6.6050312128
1714,6.299479,6.6019005851
1715,6.387855,6.5974370319
1716,6.447882,6.5912509043
1717,6.482064,6.5820263723
1718,6.496339,6.5654930638
1719,6.497841,6.5488078936
1720,6.494076,6.5793231702
1721,6.49197,6.5874768298
1722,6.496234,6.5899040957
1723,6.508115,6.5896561809
1724,6.525753,6.5880119681
1725,6.545999,6.5856203191
1726,6.566204,6.5827696596
1727,6.58473,6.5795301064
1728,6.600374,6.5758811809
1729,6.612031,6.5718228085
1730,6.619437,6.5674386702
1731,6.624389,6.5628893723
1732,6.630936,6.5583464787
1733,6.643681,6.553913617
1734,6.664996,6.5495882447
1735,6.693153,6.5452895532
1736,6.722875,6.5409336489
1737,6.748057,6.5365076277
1738,6.764877,6.5320964043
1739,6.773381,6.5278460106
1740,6.776812,6.5238854787
1741,6.77938,6.5202546702
1742,6.784016,6.5168826383
1743,6.791356,6.5136306596
1744,6.800223,6.5103744362
1745,6.808896,6.5070749574
1746,6.816157,6.5037938511
1747,6.821614,6.5006441702
1748,6.82548,6.4977096809
1749,6.828349,6.4949850745
1750,6.831316,6.4923717234
1751,6.836283,6.4897250745
1752,6.845998,6.4869203085
1753,6.863469,6.4838996809
1754,6.890762,6.4806829043
1755,6.927511,6.4773454894
1756,6.969696,6.4739852447
1757,7.009356,6.470698
1758,7.035882,6.4675729362
1759,7.039017,6.4647039043
1760,7.012762,6.4622027553
1761,6.95858,6.4601981915
1762,6.886175,6.4588102128
1763,6.81093,6.4581040213
1764,6.748622,6.458043883
1765,6.709507,6.458476734
1766,6.694608,6.4591686277
1767,6.696101,6.4598898191
1768,6.701637,6.4605127872
1769,6.700426,6.4610719149
1770,6.68827,6.4617476702
1771,6.669284,6.4627742447
1772,6.653414,6.4643109787
1773,6.650674,6.4663426809
1774,6.66485,6.4686661809
1775,6.690175,6.4709776702
1776,6.71303,6.4730192447
1777,6.717857,6.4747090745
1778,6.694283,6.4761897766
1779,6.642213,6.4777737234
1780,6.572672,6.4798134362
1781,6.503721,6.4825560957
1782,6.452704,6.4860462234
1783,6.428329,6.4901198936
1784,6.426966,6.4944917872
1785,6.435406,6.4988896702
1786,6.438072,6.5031673723
1787,6.424167,6.5073459255
1788,6.391292,6.5115767234
1789,6.344981,6.5160569681
1790,6.295962,6.5209384787
1791,6.257304,6.5262591702
1792,6.242191,6.5319067128
1793,6.261275,6.5376134787
1794,6.318487,6.5429874894
1795,6.406547,6.5475926064
1796,6.505789,6.5510770957
1797,6.588884,6.5533115
1798,6.630004,6.5544694468
1799,6.613755,6.5550020638
1800,6.539638,6.5555113511
1801,6.420772,6.5565789787
1802,6.27873,6.5586227979
1803,6.13766,6.5618275532
1804,6.019545,6.5661506489
1805,5.939909,6.571373
1806,5.902487,6.5771714574
1807,5.893707,6.5832173617
1808,5.879905,6.5893162553
1809,5.806359,6.5955853298
1810,5.580776,6.6026693404
1811,4.927933,6.6121605213
1812,4.927933,6.6285747447
1813,9.366277,6.6449506489
1814,7.26052,6.6140637553
1815,6.720133,6.6055125851
1816,6.47293,6.6025956809
1817,6.353559,6.6021135745
1818,6.300938,6.602606234
1819,6.278037,6.6032639043
1820,6.261686,6.6036915745
1821,6.241731,6.6037789255
1822,6.218887,6.6035763191
1823,6.199922,6.6031914255
1824,6.191803,6.6027341809
1825,6.197357,6.6023162234
1826,6.214247,6.6020769468
1827,6.237096,6.6021867872
1828,6.260919,6.6027924681
1829,6.283698,6.6039160532
1830,6.306829,6.6053648404
1831,6.333402,6.6067178617
1832,6.36534,6.6074212979
1833,6.401091,6.606969617
1834,6.435516,6.6050941064
1835,6.462409,6.601841766
1836,6.47833,6.597324
1837,6.485271,6.5954502872
1838,6.490072,6.5915362872
1839,6.500472,6.5872833511
1840,6.520087,6.5825385106
1841,6.545772,6.577033117
1842,6.569367,6.5707063936
1843,6.582694,6.5638699787
1844,6.582531,6.5571710426
1845,6.572635,6.5513776277
1846,6.562059,6.5470948085
1847,6.561092,6.5445397234
1848,6.577045,6.5434569681
1849,6.611648,6.5431911277
1850,6.660695,6.5428836809
1851,6.7156,6.54173
1852,6.766193,6.5392128191
1853,6.803909,6.535228266
1854,6.824333,6.530055617
1855,6.82811,6.524194383
1856,6.819793,6.5181624894
1857,6.805277,6.5123590213
1858,6.78931,6.507032766
1859,6.774545,6.5023202766
1860,6.7624,6.4982852447
1861,6.75466,6.4949178191
1862,6.754195,6.4921040319
1863,6.763947,6.4896098511
1864,6.784768,6.4871199468
1865,6.813737,6.484334766
1866,6.844394,6.4810876277
1867,6.869083,6.4774219787
1868,6.88213,6.4735832872
1869,6.882083,6.4699245319
1870,6.871874,6.4667702447
1871,6.857043,6.4643012553
1872,6.843174,6.4625031383
1873,6.833946,6.4611863085
1874,6.830482,6.4600585638
1875,6.831793,6.4588218617
1876,6.835629,6.4572674362
1877,6.839287,6.4553468723
1878,6.840367,6.453197
1879,6.83751,6.4511017021
1880,6.830856,6.4493942234
1881,6.821862,6.4483343298
1882,6.812435,6.4480128085
1883,6.803843,6.4483248191
1884,6.796107,6.4490195319
1885,6.788173,6.4497992021
1886,6.778627,6.4504248723
1887,6.766432,6.4507902021
1888,6.751368,6.4509428936
1889,6.734089,6.4510536915
1890,6.715823,6.4513503511
1891,6.697731,6.4520424255
1892,6.68007,6.4532627021
1893,6.661628,6.4550429894
1894,6.639995,6.4573289149
1895,6.612891,6.4600231489
1896,6.579977,6.4630344255
1897,6.544031,6.466307117
1898,6.510446,6.469816383
1899,6.484964,6.4735348298
1900,6.470802,6.4773957021
1901,6.467003,6.4812818404
1902,6.469198,6.4850523936
1903,6.472256,6.4885927021
1904,6.472947,6.491857766
1905,6.47087,6.4948860532
1906,6.467268,6.4977801809
1907,6.462909,6.4981082688
1908,6.45671,6.4984908696
1909,6.445944,6.49895
1910,6.427612,6.4995389556
1911,6.399869,6.5003471236
1912,6.362759,6.5014889205
1913,6.318238,6.5030835172
1914,6.269897,6.5052328837
1915,6.222686,6.5080015412
1916,6.182707,6.5113981548
1917,6.156941,6.5153582892
1918,6.152515,6.5197292317
1919,6.174865,6.5242627407
1920,6.224572,6.5286302125
1921,6.29403,6.5324790506
1922,6.366536,6.5355360897
1923,6.419884,6.5377308961
1924,6.434013,6.5392815132
1925,6.399525,6.5406850933
1926,6.322882,6.5425926622
1927,6.224793,6.5456023973
1928,6.129796,6.5500580833
1929,6.037739,6.5559772676
1930,6.302201,6.5633806714
1931,6.117355,6.5671658841
1932,6.090296,6.57378075
1933,6.054457,6.5809969403
1934,6.00258,6.5889748182
1935,5.95106,6.5979962769
1936,5.926744,6.6081046563
1937,5.952994,6.6189199048
1938,6.03795,6.6296606452
1939,6.17005,6.6393608197
1940,6.321881,6.6471826667
1941,6.459313,6.6526962542
1942,6.552056,6.6560304483
1943,6.582748,6.6578545614
1944,6.552249,6.65919575
1945,6.478985,6.6611402364
1946,6.391645,6.6645134815
1947,6.31768,6.6696619434
1948,6.273377,6.6764308269
1949,6.261112,6.6843338431
1950,6.274267,6.69279828
1951,6.304609,6.7013397347
1952,6.346336,6.7096049583
1953,6.395252,6.7173340851
1954,6.445862,6.7243358696
1955,6.490164,6.7305241778
1956,6.519742,6.7359869091
1957,6.529896,6.7410158605
1958,6.522961,6.7460425238
1959,6.508506,6.7514835366
1960,6.499823,6.757557975
1961,6.508246,6.7641665641
1962,6.538207,6.7709013158
1963,6.58558,6.7771903514
1964,6.639789,6.7825128611
1965,6.68802,6.7865906857
1966,6.719392,6.7894898235
1967,6.727938,6.791614
1968,6.714232,6.793603875
1969,6.685677,6.7961642581
1970,6.655096,6.7998471667
1971,6.637199,6.8048385862
1972,6.643409,6.8108257143
1973,6.677007,6.8170263333
1974,6.731226,6.8224116923
1975,6.791639,6.82605912
1976,6.841764,6.8274932917
1977,6.869146,6.8268728261
1978,6.869396,6.8249513182
1979,6.846986,6.8228349048
1980,6.812968,6.82162735
1981,6.780785,6.8220831053
1982,6.761783,6.8243774444
1983,6.761975,6.8280594706
1984,6.780878,6.83218975
1985,6.812437,6.8356105333
1986,6.847417,6.8372657857
1987,6.876505,6.8364849231
1988,6.893253,6.8331499167
1989,6.895951,6.827686
1990,6.88761,6.8208595
1991,6.873902,6.8134427778
1992,6.85998,6.805885375
1993,6.847886,6.7981575714
1994,6.836099,6.7898695
1995,6.821435,6.7806236
1996,6.801987,6.77042075
1997,6.779172,6.7598986667
1998,6.757606,6.750262
1999,6.742918,6.742918
