0,0,0
1,0,0.0344658457
2,0,0.0688669734
3,0,0.1032036011
4,0,0.1374728936
5,0,0.1716688936
6,0,0.2057828032
7,0,0.2398036383
8,0,0.2737191649
9,0,0.3075170851
10,0,0.3411863298
11,0,0.3747183404
12,0,0.4081081702
13,0,0.4413552713
14,0,0.4744638564
15,0,0.5074427181
16,0,0.5403045106
17,0,0.5730645426
18,0,0.6057391755
19,0,0.6383440426
20,0,0.6708922234
21,0,0.7033925532
22,0,0.7358480691
23,0,0.7682543351
24,0,0.8005968298
25,0,0.8328449043
26,0,0.8649336223
27,0,0.8966909096
28,0,0.9272725798
29,0,0.9661727713
30,0,0.9999841383
31,0,1.0332348936
32,0,1.0662698564
33,0,1.0991971755
34,0,1.1320701915
35,0,1.1649232979
36,0,1.1977827074
37,0,1.2306704362
38,0,1.2636059309
39,0,1.2966067074
40,0,1.3296884787
41,0,1.3628649734
42,0,1.3961476064
43,0,1.4295450638
44,0,1.4630629309
45,0,1.4967034628
46,0,1.5304656064
47,0,1.5643452819
48,0,1.5983359521
49,0,1.6324293989
50,0,1.6666166117
51,0,1.7008886862
52,0,1.735237617
53,0,1.769656883
54,0,1.8041417926
55,0,1.8386896117
56,0,1.8732994681
57,0,1.907972117
58,0,1.9427096383
59,0,1.9775150851
60,0,2.0123921649
61,0,2.0473449096
62,0,2.0823773351
63,0,2.1174931223
64,0,2.152695266
65,0,2.187985734
66,0,2.2233651862
67,0,2.2588328032
68,0,2.2943862447
69,0,2.3300217979
70,0,2.3657347234
71,0,2.4015197074
72,0,2.4373713777
73,0,2.4732847979
74,0,2.5092558191
75,0,2.5452812287
76,0,2.5813586862
77,0,2.6174864309
78,0,2.6536628564
79,0,2.6898860213
80,0,2.7261532074
81,0,2.7624606064
82,0,2.7988032021
83,0,2.8351748457
84,0,2.8715685266
85,0,2.90797675
86,0,2.9443919521
87,0,2.9808068989
88,0,3.0172149681
89,0,3.0536102872
90,0,3.0899877394
91,0,3.1263428298
92,0,3.162671484
93,0,3.1989698298
94,0,3.2352340053
95,0,3.2714600798
96,0,3.3076440585
97,0,3.343782
98,0,3.3798701915
99,0,3.4159053457
100,0,3.4518847766
101,0,3.4878064574
102,0,3.5236689947
103,0,3.5594714574
104,0,3.595213117
105,0,3.6308931383
106,0,3.6665102606
107,0,3.7020625691
108,0,3.7375473617
109,0,3.7729611755
110,0,3.8082999202
111,0,3.8435591223
112,0,3.8787341968
113,0,3.9138206862
114,0,3.9488144362
115,0,3.9837116383
116,0,4.0185088404
117,0,4.0532029043
118,0,4.087791016
119,0,4.1222708298
120,0,4.1566407872
121,0,4.1909005798
122,0,4.2250517074
123,0,4.2590979947
124,0,4.2930459149
125,0,4.3269045266
126,0,4.3606849894
127,0,4.3943996011
128,0,4.4280604574
129,0,4.4616779574
130,0,4.495259383
131,0,4.5288077926
132,0,4.5623214894
133,0,4.5957941223
134,0,4.6292154468
135,0,4.6625725638
136,0,4.6958514521
137,0,4.7290384202
138,0,4.7621211383
139,0,4.7950888777
140,0,4.8279314309
141,0,4.8606358617
142,0,4.8931790745
143,0,4.9255096755
144,0,4.9574917234
145,0,4.9886240213
146,0,5.0111557128
147,0,5.0469541277
148,0,5.0811299309
149,0,5.1148434255
150,0,5.1483302181
151,0,5.1816750691
152,0,5.2149172447
153,0,5.2480791862
154,0,5.2811774574
155,0,5.3142277021
156,0,5.3472469096
157,0,5.3802541064
158,0,5.4132700213
159,0,5.4463161117
160,0,5.4794132128
161,0,5.5125802021
162,0,5.5458328883
163,0,5.5791833564
164,0,5.6126398351
165,0,5.6462070957
166,0,5.6798872021
167,0,5.7136804787
168,0,5.7475864096
169,0,5.7816043245
170,0,5.8157337553
171,0,5.8499743936
172,0,5.884325766
173,0,5.9187867234
174,0,5.9533549362
175,0,5.9880265426
176,0,6.0227960638
177,0,6.0576566436
178,0,6.0926005798
179,0,6.1276200426
180,0,6.1627078777
181,0,6.1978583723
182,0,6.2330678723
183,0,6.2683351702
184,0,6.3036616702
185,0,6.3390512926
186,0,6.3745101862
187,0,6.4100462394
188,6.479579,6.4456684309
189,6.467412,6.4469202181
190,6.455286,6.4483409255
191,6.442627,6.4499375957
192,6.428848,6.4517179362
193,6.413415,6.4536895532
194,6.395917,6.4558590532
195,6.376119,6.4582311064
196,6.354009,6.4608075372
197,6.329818,6.4635866117
198,6.304018,6.4665625213
199,6.277288,6.4697251489
200,6.250455,6.4730601702
201,6.224414,6.4765493883
202,6.200026,6.4801714043
203,6.178017,6.4839025213
204,6.158886,6.4877179043
205,6.142831,6.4915929096
206,6.129715,6.4955045319
207,6.119058,6.4994328404
208,6.110062,6.503362383
209,6.101637,6.5072833883
210,6.092378,6.5111929043
211,6.080389,6.5150961064
212,6.062638,6.5190086223
213,6.032679,6.5229623245
214,5.97037,6.5270232713
215,5.749354,6.5313643457
216,7.313236,6.5368299894
217,6.356537,6.5339255479
218,6.251142,6.536056867
219,6.210573,6.538693117
220,6.190336,6.5414856809
221,6.180127,6.5443215319
222,6.176384,6.5471415851
223,6.177569,6.5499051809
224,6.182893,6.5525797713
225,6.191873,6.5551374309
226,6.204146,6.5575537021
227,6.219373,6.5598073777
228,6.237181,6.5618806862
229,6.257135,6.563759617
230,6.278722,6.565434234
231,6.301359,6.5668989043
232,6.32442,6.5681523085
233,6.347283,6.5691971702
234,6.369379,6.5700396223
235,6.390246,6.5706882872
236,6.409568,6.5711530479
237,6.427196,6.5714437128
238,6.44315,6.5715687447
239,6.457599,6.5715341755
240,6.470822,6.5713429574
241,6.483163,6.5709947872
242,6.49499,6.5704865053
243,6.506653,6.5698129149
244,6.518458,6.5689679468
245,6.530654,6.5679459521
246,6.543424,6.5667428511
247,6.556891,6.565357
248,6.571116,6.5637895372
249,6.586096,6.5620442553
250,6.601768,6.5601270053
251,6.618003,6.558044766
252,6.634608,6.5558045957
253,6.651337,6.5534127287
254,6.667912,6.5508738936
255,6.684047,6.5481909787
256,6.699484,6.5453650319
257,6.71403,6.5423953298
258,6.727577,6.5392791383
259,6.740114,6.5360104574
260,6.751723,6.5325758191
261,6.762552,6.5289407394
262,6.772777,6.5249934681
263,6.782562,6.5200440372
264,6.792016,6.5191589947
265,6.801168,6.516308617
266,6.809955,6.5131290745
267,6.818231,6.509812133
268,6.825791,6.5064288351
269,6.832408,6.5030195213
270,6.837869,6.4996130372
271,6.842012,6.4962327819
272,6.844746,6.492898883
273,6.846058,6.4896289255
274,6.84601,6.4864380479
275,6.844717,6.483338734
276,6.84232,6.4803405745
277,6.838961,6.4774501489
278,6.834757,6.4746711543
279,6.829787,6.4720047926
280,6.824089,6.4694504468
281,6.817665,6.4670065
282,6.810502,6.4646712819
283,6.802588,6.4624438723
284,6.793933,6.46032475
285,6.78458,6.4583161223
286,6.774609,6.4564219574
287,6.764133,6.4546476968
288,6.753276,6.4529997394
289,6.742157,6.4514848617
290,6.730863,6.450109617
291,6.719432,6.4488798723
292,6.707844,6.4478005213
293,6.696019,6.4468753936
294,6.683834,6.4461073564
295,6.671141,6.4454985
296,6.657797,6.4450503989
297,6.643684,6.4447643138
298,6.62873,6.4446413457
299,6.612914,6.4446824894
300,6.59626,6.4448886223
301,6.578825,6.4452604628
302,6.560674,6.4457985106
303,6.541874,6.4465030745
304,6.522484,6.447374266
305,6.502565,6.4484120213
306,6.482205,6.4496161223
307,6.461552,6.4509860479
308,6.440841,6.452520734
309,6.420412,6.4542181702
310,6.400702,6.4560749043
311,6.382209,6.4580855532
312,6.365419,6.4602424255
313,6.350727,6.4625354468
314,6.338347,6.4649524096
315,6.328241,6.4674796596
316,6.32009,6.4701030957
317,6.313308,6.4728093723
318,6.307101,6.4755870851
319,6.300575,6.478427766
320,6.292855,6.4813264309
321,6.283209,6.4842816702
322,6.271138,6.4872951809
323,6.256431,6.4903709415
324,6.23915,6.4935141223
325,6.219551,6.4967300957
326,6.197935,6.5000238032
327,6.1744,6.5033998085
328,6.148433,6.5068635479
329,6.118124,6.5104246064
330,6.078153,6.5141040479
331,6.012625,6.5179522979
332,5.852872,6.5221050851
333,4.235958,6.5270637606
334,6.730102,6.5405792979
335,6.425051,6.5407840798
336,6.338137,6.5425664149
337,6.295517,6.544763984
338,6.268832,6.5471380106
339,6.249529,6.5495993457
340,6.234445,6.552103133
341,6.222475,6.554620266
342,6.213446,6.5571266649
343,6.207611,6.5595985957
344,6.205353,6.5620107979
345,6.206992,6.5643362021
346,6.212665,6.566546734
347,6.222255,6.5686147287
348,6.235394,6.5705147234
349,6.251505,6.5722251436
350,6.269888,6.5737296915
351,6.289818,6.5750181383
352,6.310645,6.5760865
353,6.33186,6.5769365319
354,6.353136,6.5775747394
355,6.374315,6.5780110745
356,6.395368,6.5782575745
357,6.416333,6.5783270957
358,6.43724,6.5782323245
359,6.458058,6.5779850851
360,6.47866,6.5775958989
361,6.498824,6.577073766
362,6.518262,6.5764259894
363,6.53667,6.575658
364,6.553789,6.5747731223
365,6.56946,6.573772266
366,6.583659,6.572653633
367,6.596513,6.571412516
368,6.608293,6.5700412234
369,6.619386,6.5685292234
370,6.630252,6.5668634415
371,6.641382,6.5650286489
372,6.653249,6.5630077606
373,6.666272,6.5607817819
374,6.680778,6.5583290372
375,6.696972,6.555622984
376,6.714915,6.552627117
377,6.734505,6.5492828404
378,6.75546,6.545476984
379,6.777331,6.5409289681
380,6.799512,6.5345280638
381,6.821281,6.5280091755
382,6.841863,6.5284239255
383,6.860488,6.5268425053
384,6.876475,6.5245444362
385,6.889289,6.5218535532
386,6.898592,6.5189093564
387,6.904272,6.5157908085
388,6.906428,6.5125508723
389,6.905353,6.5092292021
390,6.901476,6.5058575957
391,6.895309,6.5024628085
392,6.887387,6.4990681223
393,6.878216,6.4956943883
394,6.868237,6.4923607606
395,6.857812,6.4890852021
396,6.847211,6.4858847872
397,6.836626,6.4827758617
398,6.82618,6.4797740213
399,6.815942,6.4768939947
400,6.805934,6.4741494521
401,6.796137,6.4715528191
402,6.786492,6.4691151117
403,6.776895,6.4668458404
404,6.767201,6.464753016
405,6.757225,6.4628432128
406,6.746757,6.4611216915
407,6.735575,6.4595925106
408,6.723476,6.4582586596
409,6.710297,6.4571220691
410,6.69594,6.4561836064
411,6.680392,6.4554429628
412,6.663733,6.4548985
413,6.646132,6.4545470798
414,6.627837,6.4543839468
415,6.609155,6.4544026968
416,6.59042,6.4545953404
417,6.571963,6.4549525638
418,6.55408,6.4554641543
419,6.536999,6.4561195372
420,6.520854,6.4569085053
421,6.505664,6.4578219574
422,6.491328,6.4588526702
423,6.477621,6.4599959681
424,6.464213,6.4612502287
425,6.450702,6.4626171543
426,6.436651,6.4641016755
427,6.42165,6.4657115745
428,6.405366,6.4674566862
429,6.387606,6.4693478457
430,6.368355,6.4713955426
431,6.347799,6.473608516
432,6.326323,6.4759923936
433,6.304471,6.4785485798
434,6.282884,6.4812735213
435,6.262208,6.4841585585
436,6.243003,6.4871903777
437,6.225653,6.4903520745
438,6.210307,6.4936246915
439,6.196851,6.4969890585
440,6.184937,6.5004276383
441,6.174036,6.5039260266
442,6.163524,6.5074739787
443,6.152769,6.51106575
444,6.14118,6.5146997713
445,6.128186,6.5183779043
446,6.113065,6.522104766
447,6.094402,6.5258879415
448,6.068328,6.5297412181
449,6.020465,6.5336973511
450,5.842284,6.5378639149
451,6.616174,6.5429243245
452,6.256145,6.543803633
453,6.203414,6.5465222606
454,6.18637,6.5494350532
455,6.182171,6.5523428989
456,6.18484,6.5551702394
457,6.191989,6.5578759681
458,6.202381,6.5604347128
459,6.215239,6.5628307926
460,6.229994,6.5650555479
461,6.246173,6.56710575
462,6.263339,6.5689823989
463,6.281063,6.5706896862
464,6.29892,6.5722340745
465,6.31651,6.5736234894
466,6.333481,6.5748664947
467,6.34957,6.5759715638
468,6.364627,6.5769463245
469,6.378644,6.5777968723
470,6.391749,6.5785270691
471,6.404193,6.5791380106
472,6.416311,6.579627617
473,6.428477,6.5799904628
474,6.441048,6.5802179096
475,6.454317,6.5802985585
476,6.468479,6.5802190372
477,6.483611,6.5799650213
478,6.499671,6.5795224202
479,6.516514,6.5788786011
480,6.53392,6.5780234415
481,6.551628,6.5769500851
482,6.569369,6.5756552394
483,6.586898,6.574138984
484,6.604013,6.5724040479
485,6.620566,6.5704546968
486,6.636465,6.5682953936
487,6.651667,6.5659294202
488,6.666166,6.5633576543
489,6.679978,6.5605776968
490,6.693132,6.5575832606
491,6.705658,6.5543637021
492,6.717582,6.5509031489
493,6.728936,6.5471782553
494,6.739751,6.5431520479
495,6.750073,6.5387575851
496,6.759959,6.5338481809
497,6.769478,6.5279937447
498,6.778704,6.5186746862
499,6.787701,6.5249502553
500,6.796507,6.5235634574
501,6.805116,6.5210186436
502,6.81347,6.5180026702
503,6.821447,6.514743867
504,6.82887,6.5113536436
505,6.835518,6.5078988138
506,6.841149,6.50442475
507,6.845524,6.500964766
508,6.84844,6.4975446277
509,6.849749,6.4941849574
510,6.849381,6.4909026596
511,6.847349,6.4877117394
512,6.843753,6.4846238298
513,6.838768,6.4816484787
514,6.832624,6.478793367
515,6.825583,6.4760644574
516,6.817912,6.4734661809
517,6.809859,6.4710016117
518,6.801624,6.4686727074
519,6.793349,6.4664805851
520,6.785103,6.4644257872
521,6.776879,6.4625085851
522,6.768601,6.46072925
523,6.76013,6.459088266
524,6.75128,6.4575865426
525,6.741834,6.4562255585
526,6.731563,6.4550074574
527,6.720241,6.4539351064
528,6.707666,6.4530121383
529,6.693678,6.4522429202
530,6.678169,6.4516324787
531,6.661105,6.4511863989
532,6.642529,6.4509106011
533,6.622572,6.4508110638
534,6.601448,6.4508934415
535,6.579454,6.451162633
536,6.556953,6.451622266
537,6.53436,6.4522742021
538,6.512116,6.4531180691
539,6.49067,6.4541509043
540,6.470451,6.4553669362
541,6.451843,6.4567575372
542,6.435167,6.4583114309
543,6.420657,6.4600150426
544,6.408438,6.4618530957
545,6.398516,6.4638093404
546,6.390759,6.4658673989
547,6.384891,6.4680116383
548,6.380499,6.4702280851
549,6.377042,6.4725052021
550,6.37388,6.4748345745
551,6.370313,6.4772113777
552,6.365628,6.4796346277
553,6.359157,6.4821071489
554,6.350329,6.4846352553
555,6.33871,6.4872281755
556,6.324037,6.4898972872
557,6.306219,6.4926551862
558,6.285311,6.49551475
559,6.261455,6.4984883723
560,6.234765,6.5015874681
561,6.205156,6.5048226064
562,6.17204,6.5082045426
563,6.133749,6.5117468564
564,6.086191,6.5154716809
565,6.019004,6.5194225798
566,5.900433,6.523697883
567,5.573961,6.5285644787
568,5.573961,6.5351214468
569,6.899254,6.541625133
570,6.544556,6.5410187074
571,6.428451,6.5422306596
572,6.370589,6.543984133
573,6.33578,6.5459616277
574,6.312305,6.5480331596
575,6.295164,6.5501317447
576,6.281954,6.5522180851
577,6.271491,6.554267234
578,6.263256,6.5562625585
579,6.257108,6.5581925745
580,6.253125,6.5600491649
581,6.251494,6.561826367
582,6.252432,6.563519484
583,6.256134,6.5651242766
584,6.262733,6.5666361915
585,6.27228,6.5680495957
586,6.284735,6.5693571064
587,6.299968,6.5705491011
588,6.317767,6.5716135266
589,6.337848,6.5725361011
590,6.359869,6.5733009415
591,6.383444,6.5738916117
592,6.408158,6.5742924309
593,6.433579,6.5744898936
594,6.459271,6.5744740319
595,6.484811,6.5742394362
596,6.509797,6.5737858138
597,6.533866,6.5731179734
598,6.556699,6.5722451862
599,6.578033,6.5711800745
600,6.597666,6.5699371011
601,6.615463,6.5685309255
602,6.631362,6.5669748191
603,6.645372,6.5652792979
604,6.657578,6.5634511862
605,6.668142,6.5614930638
606,6.677292,6.5594031117
607,6.685325,6.5571752713
608,6.692583,6.5547994309
609,6.699438,6.5522615106
610,6.706268,6.5495428564
611,6.713422,6.5466180745
612,6.721195,6.543449
613,6.729792,6.5399671809
614,6.739312,6.5360119202
615,6.749731,6.5309763138
616,6.760904,6.5258852872
617,6.772573,6.524839734
618,6.784394,6.5225065426
619,6.795968,6.5197235213
620,6.806886,6.5167083245
621,6.81676,6.5135640372
622,6.825271,6.5103561543
623,6.83219,6.5071324468
624,6.837402,6.5039291277
625,6.840905,6.5007728191
626,6.842808,6.4976813457
627,6.843304,6.4946643723
628,6.842634,6.4917245
629,6.841051,6.4888588617
630,6.838777,6.4860611489
631,6.835965,6.4833239149
632,6.832669,6.4806408777
633,6.828836,6.4780089734
634,6.824302,6.4754298404
635,6.818818,6.4729106968
636,6.812081,6.4704643883
637,6.803779,6.4681086915
638,6.793641,6.4658650266
639,6.781484,6.4637566915
640,6.767247,6.4618069255
641,6.751019,6.4600370372
642,6.733045,6.458464766
643,6.713711,6.4571031011
644,6.693517,6.4559596277
645,6.673033,6.4550363936
646,6.652844,6.4543302766
647,6.633493,6.453833766
648,6.615432,6.4535360053
649,6.598983,6.4534239734
650,6.584309,6.4534836596
651,6.571408,6.4537011223
652,6.56013,6.4540633617
653,6.550195,6.4545589574
654,6.541234,6.4551784787
655,6.532825,6.4559146809
656,6.52453,6.4567625532
657,6.515921,6.4577192606
658,6.506606,6.4587840638
659,6.496239,6.4599581596
660,6.484526,6.4612445266
661,6.471237,6.4626477766
662,6.45621,6.4641738936
663,6.439367,6.4658298989
664,6.420724,6.4676233883
665,6.400402,6.4695619362
666,6.378633,6.4716524149
667,6.355744,6.47390025
668,6.332129,6.4763087926
669,6.308197,6.4788788351
670,6.284313,6.4816084894
671,6.26073,6.4844933989
672,6.237535,6.4875273883
673,6.214617,6.4907034202
674,6.191662,6.4940147766
675,6.168175,6.4974562181
676,6.143534,6.5010250532
677,6.117024,6.5047218564
678,6.087855,6.508550984
679,6.055074,6.5125209309
680,6.017302,6.5166451436
681,5.972009,6.5209442074
682,5.913592,6.5254519255
683,5.827105,6.5302316755
684,5.659325,6.5354261543
685,5.017495,6.5414611223
686,7.958511,6.5508516489
687,6.526983,6.544534
688,6.318082,6.5457610319
689,6.238113,6.548025
690,6.200815,6.5506368085
691,6.184085,6.5533673936
692,6.179362,6.5561064255
693,6.182394,6.558790133
694,6.190672,6.5613781223
695,6.202538,6.5638437713
696,6.216822,6.5661693404
697,6.232677,6.5683430266
698,6.249488,6.5703569468
699,6.266822,6.5722057181
700,6.284387,6.5738854681
701,6.302007,6.5753931596
702,6.319589,6.576726234
703,6.337107,6.5778825106
704,6.354573,6.5788602447
705,6.372025,6.5796582926
706,6.389505,6.5802763138
707,6.407047,6.5807149309
708,6.424669,6.5809758245
709,6.442364,6.5810616755
710,6.460096,6.5809760266
711,6.477806,6.5807230426
712,6.495415,6.5803071489
713,6.512831,6.5797326596
714,6.529961,6.5790033723
715,6.546723,6.5781221968
716,6.563053,6.5770908191
717,6.578915,6.5759094894
718,6.594306,6.574576867
719,6.609255,6.573089984
720,6.623816,6.5714443245
721,6.638059,6.5696339468
722,6.652056,6.5676516223
723,6.665865,6.5654888989
724,6.679517,6.5631359787
725,6.693007,6.5605812394
726,6.706289,6.5578101223
727,6.719284,6.5548028617
728,6.731884,6.5515298883
729,6.743975,6.5479420904
730,6.755446,6.5439473457
731,6.766211,6.5393421862
732,6.776212,6.533531
733,6.785431,6.52290175
734,6.793876,6.5321441383
735,6.801583,6.5322439628
736,6.808597,6.5308688723
737,6.814964,6.5288623298
738,6.820719,6.5264967872
739,6.825884,6.523898367
740,6.830462,6.5211385106
741,6.834441,6.518263766
742,6.837798,6.5153080745
743,6.840503,6.5122987553
744,6.842522,6.5092597128
745,6.843817,6.5062132287
746,6.844352,6.5031808564
747,6.844085,6.5001836596
748,6.842971,6.4972420691
749,6.84096,6.4943754149
750,6.837995,6.4916013777
751,6.834016,6.4889354628
752,6.82896,6.4863906383
753,6.822761,6.4839772074
754,6.815353,6.481703
755,6.806671,6.4795737819
756,6.796654,6.4775938777
757,6.785246,6.4757668564
758,6.772403,6.4740962021
759,6.758104,6.4725858191
760,6.742358,6.4712402819
761,6.725228,6.4700648138
762,6.706839,6.4690649468
763,6.687396,6.4682459894
764,6.667194,6.4676123351
765,6.646612,6.4671667234
766,6.626099,6.466909633
767,6.606147,6.4668388511
768,6.587239,6.4669492926
769,6.5698,6.4672331915
770,6.554133,6.4676805585
771,6.540374,6.4682799521
772,6.528453,6.4690194202
773,6.518092,6.4698875585
774,6.50883,6.4708745
775,6.50008,6.4719727394
776,6.491211,6.4731776649
777,6.481638,6.4744877074
778,6.470915,6.4759040851
779,6.458798,6.4774301702
780,6.445281,6.4790705745
781,6.430597,6.4808300957
782,6.415167,6.4827126543
783,6.39953,6.4847204043
784,6.384243,6.4868531436
785,6.369782,6.4891081011
786,6.356458,6.4914801489
787,6.344354,6.4939623404
788,6.333305,6.496546766
789,6.322915,6.4992255
790,6.312604,6.5019915585
791,6.301687,6.5048396862
792,6.289451,6.5077669043
793,6.275231,6.5107727926
794,6.258458,6.513859484
795,6.238667,6.5170315479
796,6.215454,6.5202958404
797,6.188331,6.5236616011
798,6.156409,6.5271412766
799,6.117636,6.5307529149
800,6.066613,6.5345265
801,5.986203,6.5385217713
802,5.792618,6.5428905745
803,5.792618,6.5482311968
804,6.56434,6.5535107553
805,6.333933,6.5546214947
806,6.261186,6.5568911489
807,6.229111,6.5594783723
808,6.21576,6.5621640585
809,6.213678,6.5648458511
810,6.219214,6.5674611596
811,6.229966,6.5699670426
812,6.244016,6.5723337287
813,6.259708,6.5745421277
814,6.275617,6.5765825266
815,6.290608,6.578453367
816,6.303894,6.5801596489
817,6.315081,6.5817110106
818,6.324177,6.583119516
819,6.331554,6.5843973777
820,6.337871,6.5855548777
821,6.343959,6.5865987128
822,6.350703,6.5875309681
823,6.358912,6.58834875
824,6.36921,6.5890445479
825,6.38197,6.5896072606
826,6.397274,6.5900236383
827,6.414928,6.590280016
828,6.434508,6.5903640319
829,6.455432,6.5902661223
830,6.477052,6.5899805957
831,6.498738,6.5895061277
832,6.519949,6.5888456383
833,6.540283,6.5880055957
834,6.5595,6.5869948723
835,6.577514,6.5858233351
836,6.59437,6.5845004362
837,6.610204,6.583033984
838,6.625192,6.581429367
839,6.639509,6.5796892819
840,6.653302,6.5778140479
841,6.666665,6.5758023298
842,6.67964,6.5736521223
843,6.692225,6.571361633
844,6.704391,6.5689296915
845,6.716104,6.5663550904
846,6.727336,6.563633984
847,6.738076,6.5607534096
848,6.748337,6.5576745638
849,6.758147,6.5542780266
850,6.767539,6.5500542128
851,6.776543,6.5457804415
852,6.785171,6.5448759309
853,6.793412,6.5430451383
854,6.801226,6.5408832872
855,6.80855,6.5385222287
856,6.815297,6.5360033883
857,6.821372,6.5333403777
858,6.826676,6.5305389521
859,6.83112,6.527606117
860,6.834629,6.5245549362
861,6.837152,6.5214067872
862,6.838653,6.5181915851
863,6.839116,6.514946367
864,6.838533,6.5117125372
865,6.8369,6.5085324096
866,6.834205,6.505445617
867,6.830426,6.5024860106
868,6.825526,6.499679516
869,6.81946,6.4970431702
870,6.812185,6.494585367
871,6.803667,6.4923070904
872,6.793899,6.4902038298
873,6.782914,6.4882677713
874,6.770793,6.4864899043
875,6.757665,6.484861766
876,6.743708,6.4833766915
877,6.729133,6.4820304734
878,6.714165,6.4808215479
879,6.699023,6.4797507553
880,6.683899,6.4788208723
881,6.668936,6.4780359894
882,6.654214,6.4774009255
883,6.639745,6.4769206809
884,6.625475,6.4765999787
885,6.611294,6.4764429202
886,6.597057,6.4764527234
887,6.582615,6.476631516
888,6.567833,6.4769801862
889,6.552625,6.4774983191
890,6.536969,6.4781841862
891,6.520921,6.4790348245
892,6.504606,6.4800462074
893,6.488213,6.4812135585
894,6.471965,6.4825316915
895,6.456095,6.4839954521
896,6.440809,6.4856000691
897,6.426262,6.4873415106
898,6.412535,6.489216633
899,6.399618,6.4912231755
900,6.387411,6.493359617
901,6.375725,6.4956248404
902,6.3643,6.4980177553
903,6.352824,6.5005369096
904,6.340963,6.5031801809
905,6.328382,6.505944617
906,6.314772,6.5088264521
907,6.299871,6.5118213404
908,6.283465,6.5149246915
909,6.265382,6.5181322074
910,6.245464,6.5214404787
911,6.223516,6.5248476755
912,6.199226,6.5283543245
913,6.172037,6.5319642819
914,6.140924,6.5356861117
915,6.103965,6.5395354043
916,6.057378,6.5435391809
917,5.992963,6.5477453085
918,5.889676,6.5522455426
919,5.673708,6.5572434202
920,4.777913,6.5633346649
921,8.523,6.5741312074
922,6.812643,6.5649428777
923,6.543066,6.5647830532
924,6.431367,6.5659829894
925,6.370242,6.5676980479
926,6.332216,6.5696547021
927,6.307031,6.5717260319
928,6.29001,6.5738402181
929,6.278771,6.575950867
930,6.272046,6.5780247979
931,6.269163,6.5800361117
932,6.269783,6.5819630691
933,6.273731,6.5837863777
934,6.280879,6.5854884043
935,6.291066,6.5870529894
936,6.30404,6.5884656277
937,6.319441,6.589713867
938,6.336803,6.5907876649
939,6.355589,6.5916796117
940,6.375235,6.5923848617
941,6.39521,6.5929007979
942,6.41506,6.5932263989
943,6.434449,6.5933615479
944,6.453174,6.5933063564
945,6.471163,6.5930607394
946,6.488451,6.5926243457
947,6.505143,6.5919969628
948,6.52137,6.5911793191
949,6.537253,6.5901741702
950,6.552875,6.5889874043
951,6.568269,6.5876288351
952,6.583419,6.5861124787
953,6.598279,6.5844560213
954,6.612792,6.5826794574
955,6.62691,6.5808029894
956,6.640612,6.578844516
957,6.653905,6.5768170106
958,6.666819,6.574726266
959,6.679394,6.57256925
960,6.691663,6.5703332181
961,6.703637,6.5679953511
962,6.715299,6.5655222926
963,6.726606,6.5628681436
964,6.737499,6.5599675957
965,6.747917,6.5567145745
966,6.757819,6.5528890213
967,6.767194,6.5477954202
968,6.776071,6.5337376543
969,6.784518,6.5360677766
970,6.792624,6.5352962606
971,6.800485,6.533665234
972,6.808175,6.5316012128
973,6.815727,6.5292661064
974,6.82311,6.5267424947
975,6.830226,6.5240802021
976,6.836907,6.5213128351
977,6.842934,6.5184653191
978,6.848052,6.5155580745
979,6.852004,6.5126097021
980,6.854558,6.509638734
981,6.855529,6.5066647287
982,6.854806,6.5037087234
983,6.852354,6.5007930957
984,6.848217,6.497940984
985,6.84251,6.4951753191
986,6.835397,6.4925176596
987,6.82707,6.4899870479
988,6.817724,6.4875990426
989,6.807538,6.4853650904
990,6.796655,6.4832923138
991,6.785175,6.4813838032
992,6.773159,6.4796392926
993,6.760628,6.4780561702
994,6.747584,6.4766306915
995,6.73402,6.4753591277
996,6.719937,6.4742387926
997,6.705356,6.4732687074
998,6.69032,6.472449883
999,6.674903,6.4717852021
1000,6.659195,6.4712788617
1001,6.643303,6.4709356117
1002,6.627335,6.4707598511
1003,6.611389,6.4707547766
1004,6.59555,6.4709217447
1005,6.57988,6.4712599202
1006,6.564415,6.4717662872
1007,6.549164,6.472436
1008,6.534112,6.4732630053
1009,6.519223,6.4742407766
1010,6.504446,6.4753630957
1011,6.489722,6.4766246755
1012,6.475,6.4780215585
1013,6.460249,6.4795511809
1014,6.445473,6.4812120851
1015,6.430723,6.4830033723
1016,6.416101,6.4849239043
1017,6.401753,6.486971484
1018,6.387852,6.4891421277
1019,6.374566,6.4914295904
1020,6.362021,6.4938252819
1021,6.350267,6.4963186223
1022,6.339251,6.4988977872
1023,6.328809,6.5015507766
1024,6.318677,6.5042665798
1025,6.308536,6.5070363085
1026,6.298056,6.5098539574
1027,6.286965,6.5127167713
1028,6.275099,6.5156250319
1029,6.262426,6.5185813298
1030,6.249028,6.5215895213
1031,6.23502,6.5246536277
1032,6.220366,6.5277770904
1033,6.204536,6.5309630426
1034,6.185788,6.5342165
1035,6.159253,6.5375505426
1036,6.109788,6.5410028617
1037,5.96407,6.5446905319
1038,5.96407,6.5491196915
1039,6.606495,6.5535087926
1040,6.440982,6.5544339574
1041,6.386984,6.5561860266
1042,6.357347,6.5581653936
1043,6.335008,6.5602364309
1044,6.314651,6.562354766
1045,6.294704,6.5645048245
1046,6.275303,6.5666799362
1047,6.257498,6.5688732872
1048,6.242777,6.5710730957
1049,6.232694,6.5732603138
1050,6.228552,6.5754083085
1051,6.231156,6.5774841755
1052,6.240669,6.5794513351
1053,6.256583,6.581272867
1054,6.277799,6.5829149947
1055,6.302805,6.5843501383
1056,6.329893,6.585559117
1057,6.357393,6.5865322128
1058,6.383869,6.5872690798
1059,6.408254,6.5877776064
1060,6.42992,6.5880720266
1061,6.448675,6.5881705851
1062,6.464703,6.5880930904
1063,6.478471,6.5878586755
1064,6.490619,6.5874839255
1065,6.501855,6.5869815745
1066,6.512856,6.5863597926
1067,6.524205,6.585622117
1068,6.536341,6.5847678777
1069,6.549544,6.5837930851
1070,6.563928,6.5826915372
1071,6.579453,6.5814560585
1072,6.595948,6.5800796649
1073,6.613137,6.5785565053
1074,6.63067,6.5768825053
1075,6.648165,6.5750556277
1076,6.665242,6.5730756755
1077,6.681568,6.5709437447
1078,6.696889,6.5686611915
1079,6.711061,6.566228234
1080,6.724068,6.5636419043
1081,6.736022,6.5608927074
1082,6.747152,6.5579579309
1083,6.757763,6.5547834947
1084,6.7682,6.5512128936
1085,6.778785,6.5463962447
1086,6.789765,6.5476425904
1087,6.801269,6.545560266
1088,6.813273,6.5429492447
1089,6.825593,6.5400806649
1090,6.837901,6.5370463032
1091,6.849759,6.5338962553
1092,6.860677,6.5306670957
1093,6.870167,6.5273900372
1094,6.877811,6.5240933617
1095,6.883301,6.5208028245
1096,6.886478,6.517541367
1097,6.887337,6.5143286862
1098,6.886017,6.5111810106
1099,6.882766,6.5081111543
1100,6.877898,6.5051288936
1101,6.871741,6.5022415745
1102,6.864591,6.4994548298
1103,6.856675,6.4967732926
1104,6.84813,6.4942012074
1105,6.839007,6.491742883
1106,6.829277,6.4894028723
1107,6.818862,6.4871860213
1108,6.807663,6.4850973564
1109,6.795594,6.4831418989
1110,6.782596,6.4813244574
1111,6.768654,6.4796495213
1112,6.753798,6.4781212394
1113,6.738093,6.476743484
1114,6.721626,6.47552
1115,6.704498,6.4744546277
1116,6.686812,6.4735514362
1117,6.66867,6.4728148085
1118,6.650173,6.4722493883
1119,6.631431,6.4718599149
1120,6.612565,6.4716508989
1121,6.593712,6.4716262819
1122,6.575021,6.4717890426
1123,6.556642,6.4721408989
1124,6.538709,6.472682117
1125,6.521315,6.4734114787
1126,6.504489,6.4743264096
1127,6.488176,6.4754232447
1128,6.472231,6.4766975957
1129,6.456423,6.4781447394
1130,6.440468,6.4797599574
1131,6.424073,6.4815387287
1132,6.406998,6.483476766
1133,6.389121,6.4855697926
1134,6.370503,6.4878131223
1135,6.351426,6.4902009894
1136,6.332402,6.4927258191
1137,6.314141,6.4953774734
1138,6.297464,6.4981426915
1139,6.283194,6.501004883
1140,6.272005,6.5039443883
1141,6.264285,6.5069393723
1142,6.260016,6.5099672872
1143,6.258717,6.5130068245
1144,6.259441,6.5160400745
1145,6.260845,6.5190546702
1146,6.2613,6.5220455957
1147,6.25902,6.5250164468
1148,6.252144,6.5279801277
1149,6.238702,6.5309591489
1150,6.216319,6.5339862021
1151,6.181303,6.5371063404
1152,6.125931,6.5403840319
1153,6.028713,6.543924617
1154,5.800222,6.5479475851
1155,4.124334,6.5531479415
1156,7.214134,6.5672212021
1157,6.639473,6.5648144043
1158,6.485991,6.5654156649
1159,6.412449,6.5667808511
1160,6.369175,6.5684808138
1161,6.341288,6.5703505585
1162,6.322599,6.5723042181
1163,6.309961,6.574288883
1164,6.301574,6.5762685213
1165,6.296372,6.5782169043
1166,6.293758,6.5801138245
1167,6.293462,6.58194275
1168,6.295445,6.5836891809
1169,6.2998,6.5853395585
1170,6.306668,6.5868806064
1171,6.316157,6.5882991117
1172,6.328272,6.5895820532
1173,6.34287,6.5907169947
1174,6.359642,6.591692633
1175,6.378125,6.5924993298
1176,6.397741,6.593129484
1177,6.417856,6.5935776543
1178,6.437855,6.5938403989
1179,6.457207,6.5939158138
1180,6.475532,6.5938029468
1181,6.492638,6.5935011649
1182,6.50853,6.5930096809
1183,6.523397,6.5923273351
1184,6.537561,6.5914527074
1185,6.551417,6.5903845745
1186,6.56536,6.5891225745
1187,6.579711,6.5876679255
1188,6.594664,6.5860240372
1189,6.61026,6.5841968511
1190,6.626381,6.5821947606
1191,6.642779,6.5800282234
1192,6.659127,6.5777090372
1193,6.675077,6.5752495
1194,6.690321,6.5726616223
1195,6.704641,6.5699564894
1196,6.717933,6.5671438351
1197,6.730219,6.564231734
1198,6.741623,6.5612260532
1199,6.752336,6.5581289947
1200,6.762569,6.5549346649
1201,6.772499,6.5516137819
1202,6.782235,6.5480348617
1203,6.791783,6.5420724468
1204,6.801046,6.5397945638
1205,6.809834,6.5370771755
1206,6.817895,6.5342524521
1207,6.824956,6.5313942234
1208,6.830769,6.5285321755
1209,6.83515,6.525681016
1210,6.838013,6.522848516
1211,6.83938,6.5200387926
1212,6.839386,6.5172541383
1213,6.838254,6.5144962021
1214,6.836265,6.5117668085
1215,6.833718,6.5090685319
1216,6.830883,6.5064049894
1217,6.827966,6.503781016
1218,6.82508,6.5012026702
1219,6.822231,6.4986771543
1220,6.819325,6.4962127074
1221,6.816186,6.4938184415
1222,6.812588,6.4915041649
1223,6.808289,6.4892801543
1224,6.80307,6.4871568936
1225,6.796752,6.4851447234
1226,6.789221,6.4832535106
1227,6.780426,6.4814922766
1228,6.770371,6.4798688777
1229,6.759105,6.4783897766
1230,6.746702,6.4770599574
1231,6.733255,6.475883
1232,6.718862,6.4748612819
1233,6.703625,6.4739963191
1234,6.687653,6.4732891809
1235,6.671062,6.4727408617
1236,6.653974,6.4723526383
1237,6.636517,6.4721262819
1238,6.618815,6.4720641064
1239,6.600982,6.472168867
1240,6.583117,6.472443516
1241,6.565303,6.4728908191
1242,6.547606,6.4735129149
1243,6.530093,6.4743108883
1244,6.512835,6.4752843351
1245,6.495924,6.4764310691
1246,6.479472,6.4777469362
1247,6.463605,6.4792258032
1248,6.448449,6.4808597128
1249,6.434106,6.482639234
1250,6.420633,6.4845539362
1251,6.408018,6.4865929681
1252,6.396177,6.4887456755
1253,6.38496,6.4910021755
1254,6.374173,6.4933537606
1255,6.363608,6.4957931277
1256,6.35308,6.4983143617
1257,6.342453,6.5009127021
1258,6.331658,6.503584133
1259,6.320691,6.5063248883
1260,6.309594,6.5091310319
1261,6.298425,6.5119981649
1262,6.287217,6.5149213777
1263,6.275934,6.5178954468
1264,6.264439,6.5209153351
1265,6.252448,6.5239768511
1266,6.239493,6.5270775798
1267,6.224831,6.5302179362
1268,6.207219,6.5334026755
1269,6.184284,6.5366435053
1270,6.150358,6.5399650319
1271,6.08649,6.5434221702
1272,5.86267,6.5471706755
1273,7.013098,6.5520578245
1274,6.398288,6.5507702021
1275,6.310397,6.5526938032
1276,6.27398,6.5550224681
1277,6.255133,6.5574793457
1278,6.245692,6.5599685106
1279,6.242677,6.5624382606
1280,6.24459,6.5648536755
1281,6.250392,6.5671887926
1282,6.25919,6.5694241011
1283,6.270147,6.5715455691
1284,6.282494,6.5735440372
1285,6.295574,6.5754144894
1286,6.308884,6.5771549947
1287,6.322101,6.5787654415
1288,6.335082,6.5802461702
1289,6.347833,6.5815966383
1290,6.360462,6.5828143883
1291,6.373123,6.5838944043
1292,6.385965,6.5848289415
1293,6.399085,6.5856078298
1294,6.412509,6.5862192713
1295,6.426193,6.5866509309
1296,6.440037,6.5868912287
1297,6.453915,6.5869306383
1298,6.467708,6.5867628883
1299,6.481337,6.5863858404
1300,6.49478,6.585802016
1301,6.508078,6.5850186755
1302,6.521336,6.5840474787
1303,6.534698,6.5829036809
1304,6.548326,6.5816050904
1305,6.562371,6.5801707872
1306,6.576952,6.5786197872
1307,6.592136,6.5769697766
1308,6.607937,6.5752360798
1309,6.624311,6.5734309043
1310,6.64117,6.5715630426
1311,6.658391,6.569638133
1312,6.675829,6.5676595851
1313,6.693322,6.5656304149
1314,6.710694,6.5635563457
1315,6.727754,6.5614509628
1316,6.744294,6.5593449096
1317,6.760084,6.5573051596
1318,6.774877,6.5554871596
1319,6.788424,6.5543439468
1320,6.800487,6.5566031064
1321,6.810867,6.5449751277
1322,6.819422,6.5392064521
1323,6.826094,6.5344106011
1324,6.830913,6.5300578245
1325,6.834002,6.5260074734
1326,6.835556,6.5222152447
1327,6.835821,6.5186666436
1328,6.835062,6.515354016
1329,6.833533,6.5122670585
1330,6.831449,6.5093891011
1331,6.828968,6.5066965851
1332,6.826185,6.5041605
1333,6.823139,6.5017490053
1334,6.81982,6.4994305372
1335,6.816192,6.4971769043
1336,6.8122,6.4949658298
1337,6.807788,6.4927827287
1338,6.802905,6.4906214574
1339,6.797509,6.4884840585
1340,6.791561,6.4863796117
1341,6.785031,6.4843225
1342,6.777889,6.4823303191
1343,6.770107,6.4804217979
1344,6.761656,6.4786149787
1345,6.75251,6.4769258511
1346,6.742646,6.4753674894
1347,6.732042,6.4739497394
1348,6.720687,6.4726793723
1349,6.708576,6.4715605372
1350,6.695716,6.4705954894
1351,6.682133,6.4697853511
1352,6.66787,6.469130867
1353,6.652993,6.4686330213
1354,6.637596,6.4682934574
1355,6.621791,6.4681146223
1356,6.605716,6.4680996915
1357,6.589517,6.4682521915
1358,6.573347,6.4685754947
1359,6.55735,6.4690721809
1360,6.541641,6.4697434043
1361,6.52629,6.4705883989
1362,6.511301,6.4716042287
1363,6.496594,6.4727858404
1364,6.481997,6.4741264628
1365,6.467252,6.4756183138
1366,6.452033,6.4772535319
1367,6.435988,6.4790251755
1368,6.418797,6.4809281064
1369,6.400239,6.4829595638
1370,6.380249,6.485119266
1371,6.358967,6.4874090213
1372,6.336752,6.4898318298
1373,6.314161,6.4923905851
1374,6.291886,6.4950866383
1375,6.27066,6.4979184628
1376,6.251153,6.5008807021
1377,6.233867,6.5039637872
1378,6.219072,6.5071542021
1379,6.206772,6.5104353245
1380,6.196734,6.5137887553
1381,6.188556,6.5171957606
1382,6.181756,6.520638633
1383,6.175862,6.5241017553
1384,6.170458,6.527572234
1385,6.165151,6.5310402447
1386,6.159376,6.5344993883
1387,6.151802,6.5379478404
1388,6.138243,6.5413924149
1389,6.099662,6.5448634628
1390,5.661301,6.5484934255
1391,6.363541,6.5544084149
1392,6.290177,6.5565407606
1393,6.278786,6.5590146383
1394,6.280548,6.5614979787
1395,6.286891,6.5639172394
1396,6.294751,6.5662433617
1397,6.30264,6.5684626809
1398,6.309785,6.570568867
1399,6.315865,6.5725594894
1400,6.320894,6.574434016
1401,6.325128,6.5761924096
1402,6.328989,6.5778342074
1403,6.332972,6.5793579362
1404,6.337576,6.5807609947
1405,6.343237,6.5820398138
1406,6.350283,6.5831902872
1407,6.358915,6.584208266
1408,6.369203,6.58509
1409,6.381102,6.585832367
1410,6.394474,6.5864328032
1411,6.409116,6.5868889628
1412,6.424782,6.5871981064
1413,6.441204,6.587356484
1414,6.458109,6.5873587606
1415,6.475227,6.5871977766
1416,6.4923,6.5868647394
1417,6.509099,6.5863499468
1418,6.525434,6.5856439947
1419,6.541172,6.5847393138
1420,6.556249,6.583631883
1421,6.570683,6.5823227606
1422,6.584569,6.5808192021
1423,6.598076,6.5791350904
1424,6.611419,6.5772904734
1425,6.624828,6.575310234
1426,6.63851,6.5732220053
1427,6.652616,6.5710535213
1428,6.66721,6.5688297872
1429,6.682257,6.5665704468
1430,6.697625,6.5642875213
1431,6.713101,6.5619837287
1432,6.728421,6.5596511223
1433,6.743307,6.5572693564
1434,6.757499,6.5548015904
1435,6.77078,6.5521818564
1436,6.782999,6.5492666117
1437,6.79407,6.5455352766
1438,6.803971,6.5417450532
1439,6.812727,6.5409023511
1440,6.820399,6.5391950266
1441,6.827058,6.5371343085
1442,6.832774,6.5348499681
1443,6.8376,6.5323995638
1444,6.841568,6.5298191809
1445,6.844682,6.5271372819
1446,6.84692,6.5243793245
1447,6.848246,6.5215693404
1448,6.848615,6.5187303191
1449,6.847989,6.5158841702
1450,6.846342,6.5130515
1451,6.843673,6.5102514096
1452,6.840004,6.5075013032
1453,6.835385,6.5048168085
1454,6.82988,6.5022117128
1455,6.823562,6.4996980372
1456,6.816495,6.4972861596
1457,6.808731,6.4949850426
1458,6.8003,6.4928024734
1459,6.791209,6.4907453564
1460,6.781454,6.4888200106
1461,6.771025,6.4870323457
1462,6.759925,6.485388016
1463,6.748186,6.4838923936
1464,6.735873,6.4825504043
1465,6.723096,6.4813663032
1466,6.710005,6.4803433138
1467,6.696775,6.4794833085
1468,6.683592,6.4787865532
1469,6.67063,6.4782516117
1470,6.658026,6.4778753989
1471,6.645859,6.4776534681
1472,6.634139,6.4775804415
1473,6.622789,6.4776505266
1474,6.611648,6.4778581277
1475,6.600478,6.4781984043
1476,6.58897,6.47866775
1477,6.57677,6.4792642021
1478,6.563505,6.4799876968
1479,6.548816,6.4808402021
1480,6.532396,6.4818257287
1481,6.514036,6.4829501649
1482,6.493661,6.4842209149
1483,6.471369,6.4856463351
1484,6.447446,6.4872349202
1485,6.422378,6.4889943032
1486,6.396823,6.4909300585
1487,6.371578,6.4930445319
1488,6.347512,6.4953357394
1489,6.325493,6.4977965745
1490,6.306302,6.5004144521
1491,6.290563,6.5031715106
1492,6.278677,6.5060453777
1493,6.270783,6.5090104521
1494,6.26675,6.5120395691
1495,6.266201,6.5151058404
1496,6.268564,6.5181843777
1497,6.273153,6.5212537128
1498,6.279287,6.5242966489
1499,6.286424,6.5273003404
1500,6.294345,6.5302554681
1501,6.303397,6.5331542819
1502,6.314882,6.5359873191
1503,6.331816,6.538738
1504,6.360821,6.5413732606
1505,6.4183,6.5438242394
1506,6.559953,6.545934234
1507,7.213146,6.5472497979
1508,4.614427,6.5450439787
1509,5.726356,6.5566081489
1510,5.917802,6.5621989574
1511,6.007772,6.5667070798
1512,6.069447,6.5706672128
1513,6.121063,6.574225234
1514,6.168419,6.5774304415
1515,6.213047,6.580301633
1516,6.254714,6.5828497766
1517,6.292477,6.5850873936
1518,6.325256,6.5870324362
1519,6.352184,6.5887091596
1520,6.372824,6.5901471862
1521,6.387267,6.5913794468
1522,6.396137,6.5924395319
1523,6.40051,6.5933589681
1524,6.401777,6.5941647606
1525,6.401469,6.5948775851
1526,6.401074,6.595510734
1527,6.401873,6.5960699734
1528,6.404824,6.596554234
1529,6.410501,6.5969569362
1530,6.419087,6.597267734
1531,6.430425,6.5974744468
1532,6.4441,6.5975648564
1533,6.459538,6.5975282181
1534,6.476109,6.5973563511
1535,6.493213,6.5970441968
1536,6.510346,6.596589867
1537,6.527147,6.5959942021
1538,6.54341,6.5952599043
1539,6.55909,6.5943903883
1540,6.574275,6.5933884468
1541,6.589155,6.5922549628
1542,6.603975,6.5909877819
1543,6.618984,6.5895809574
1544,6.634386,6.5880244202
1545,6.650298,6.586304117
1546,6.666724,6.5844024734
1547,6.68354,6.5822989202
1548,6.7005,6.5799699894
1549,6.717266,6.5773882074
1550,6.733444,6.5745180372
1551,6.748631,6.5713051117
1552,6.762465,6.5676470957
1553,6.774673,6.5632986117
1554,6.785102,6.5573946277
1555,6.793739,6.5369992926
1556,6.800711,6.5394330745
1557,6.806263,6.5387287287
1558,6.810723,6.5371272234
1559,6.814455,6.5350786702
1560,6.817798,6.5327494149
1561,6.821019,6.5302177819
1562,6.824269,6.527526117
1563,6.827561,6.5247007926
1564,6.830773,6.5217620957
1565,6.833665,6.5187298989
1566,6.835923,6.5156269628
1567,6.837217,6.5124804574
1568,6.837251,6.5093219681
1569,6.835816,6.5061863032
1570,6.832823,6.5031094202
1571,6.828312,6.5001258936
1572,6.822444,6.4972664574
1573,6.81547,6.4945559787
1574,6.807685,6.4920121968
1575,6.799382,6.489645383
1576,6.7908,6.4874588723
1577,6.782095,6.4854503511
1578,6.773319,6.4836135638
1579,6.764422,6.4819401862
1580,6.755266,6.480421617
1581,6.745654,6.4790503936
1582,6.735369,6.4778211968
1583,6.724202,6.4767313191
1584,6.711983,6.4757807447
1585,6.698603,6.4749718457
1586,6.684022,6.4743088564
1587,6.668276,6.4737972553
1588,6.651472,6.4734430745
1589,6.633786,6.4732522766
1590,6.61545,6.473230117
1591,6.596747,6.473380633
1592,6.577994,6.4737061489
1593,6.559526,6.474206883
1594,6.541663,6.4748807181
1595,6.524681,6.4757231489
1596,6.508768,6.476727484
1597,6.493984,6.4778853564
1598,6.480232,6.4791875266
1599,6.467235,6.4806249149
1600,6.454557,6.4821898191
1601,6.441632,6.4838770106
1602,6.427844,6.4856847287
1603,6.412616,6.4876151702
1604,6.395519,6.4896744734
1605,6.37638,6.4918720266
1606,6.355354,6.494219117
1607,6.332975,6.4967270426
1608,6.310134,6.4994048191
1609,6.288014,6.5022568617
1610,6.267956,6.5052808457
1611,6.251288,6.5084662128
1612,6.239134,6.5117935053
1613,6.232241,6.5152347819
1614,6.230835,6.5187551117
1615,6.234554,6.5223150426
1616,6.242454,6.5258738085
1617,6.253067,6.5293928298
1618,6.264512,6.5328393138
1619,6.274571,6.5361895426
1620,6.280649,6.5394319468
1621,6.279367,6.5425704255
1622,6.264989,6.5456296968
1623,6.222714,6.5486687394
1624,6.081508,6.5518295266
1625,6.081508,6.5556361968
1626,6.645543,6.5593395266
1627,6.49175,6.5599444149
1628,6.432984,6.5612763777
1629,6.397602,6.5628382606
1630,6.372098,6.5645138617
1631,6.352488,6.5662576277
1632,6.337371,6.5680431649
1633,6.326186,6.5698489255
1634,6.318643,6.5716534787
1635,6.31451,6.5734341596
1636,6.313539,6.575167117
1637,6.315447,6.5768280372
1638,6.319925,6.5783931383
1639,6.326653,6.5798401968
1640,6.335319,6.5811494894
1641,6.345627,6.5823045372
1642,6.357309,6.5832926277
1643,6.370129,6.5841051064
1644,6.383885,6.5847374202
1645,6.398408,6.5851890372
1646,6.413562,6.5854631755
1647,6.429244,6.5855664574
1648,6.445373,6.5855084255
1649,6.461891,6.5853009574
1650,6.478748,6.5849574681
1651,6.495892,6.5844919362
1652,6.513262,6.583917766
1653,6.530774,6.5832464787
1654,6.548324,6.5824864255
1655,6.565785,6.5816415745
1656,6.583023,6.580710617
1657,6.599902,6.5796864362
1658,6.616303,6.5785561223
1659,6.63213,6.5773014415
1660,6.647315,6.5758997713
1661,6.661818,6.574325266
1662,6.67562,6.5725500532
1663,6.688715,6.570545133
1664,6.701103,6.5682805904
1665,6.712787,6.5657245638
1666,6.723776,6.5628400585
1667,6.734095,6.5595777394
1668,6.74379,6.5558598936
1669,6.752937,6.5515411915
1670,6.76164,6.5462892181
1671,6.770023,6.5390429787
1672,6.77821,6.5201831862
1673,6.7863,6.5282131277
1674,6.794344,6.5289648777
1675,6.802325,6.5280559628
1676,6.810149,6.5263730691
1677,6.817654,6.5242305
1678,6.824629,6.5217826277
1679,6.83085,6.5191220957
1680,6.836111,6.5163130319
1681,6.840257,6.5134046543
1682,6.843209,6.5104374255
1683,6.844966,6.5074459362
1684,6.845599,6.5044602074
1685,6.845225,6.501506266
1686,6.843981,6.4986063883
1687,6.841988,6.4957792447
1688,6.839322,6.4930401489
1689,6.836008,6.4904013777
1690,6.83201,6.4878725745
1691,6.827245,6.4854612394
1692,6.821605,6.4831731862
1693,6.814979,6.4810129628
1694,6.807279,6.4789842021
1695,6.798452,6.4770898723
1696,6.788491,6.4753324894
1697,6.777428,6.4737142979
1698,6.765329,6.4722374521
1699,6.752277,6.4709042234
1700,6.738355,6.4697172606
1701,6.723642,6.4686798457
1702,6.708203,6.4677961011
1703,6.692098,6.4670710904
1704,6.675386,6.4665107234
1705,6.658145,6.4661214521
1706,6.64048,6.4659096809
1707,6.622533,6.4658810319
1708,6.604489,6.4660394734
1709,6.586563,6.466386484
1710,6.568991,6.4669204043
1711,6.551999,6.4676360745
1712,6.535788,6.4685249362
1713,6.520501,6.469575484
1714,6.506211,6.4707741702
1715,6.492914,6.4721065266
1716,6.480532,6.4735583883
1717,6.468931,6.4751170372
1718,6.457949,6.4767720638
1719,6.447422,6.4785158245
1720,6.437212,6.4803434628
1721,6.427227,6.482252484
1722,6.417424,6.4842420372
1723,6.407799,6.4863120106
1724,6.398361,6.4884621968
1725,6.389099,6.4906916809
1726,6.379941,6.4929985426
1727,6.370725,6.4953800266
1728,6.36118,6.4978330532
1729,6.350925,6.5003550053
1730,6.339492,6.5029446543
1731,6.326355,6.5056029628
1732,6.310969,6.50833375
1733,6.292789,6.511144016
1734,6.271256,6.5140440745
1735,6.245701,6.5170476436
1736,6.215125,6.5201723457
1737,6.177674,6.5234413245
1738,6.129414,6.5268876223
1739,6.060924,6.5305650851
1740,5.94495,6.5345774309
1741,5.664724,6.5391730106
1742,2.950779,6.5452209309
1743,7.25129,6.5656615585
1744,6.668294,6.5631786862
1745,6.50518,6.5637428457
1746,6.425595,6.5651148404
1747,6.376555,6.5668444362
1748,6.341851,6.5687632021
1749,6.314986,6.5707890213
1750,6.293108,6.5728746064
1751,6.275086,6.5749883085
1752,6.26072,6.5771052128
1753,6.250313,6.5792024202
1754,6.24438,6.5812566223
1755,6.243421,6.5832431596
1756,6.247746,6.5851362447
1757,6.257362,6.5869099681
1758,6.27192,6.5885397979
1759,6.290738,6.5900042074
1760,6.312874,6.5912860372
1761,6.337239,6.5923733777
1762,6.362724,6.5932598032
1763,6.388318,6.5939439096
1764,6.413198,6.5944283138
1765,6.436779,6.5947183351
1766,6.458724,6.5948205479
1767,6.478931,6.5947415585
1768,6.497476,6.5944870319
1769,6.514565,6.594061266
1770,6.530472,6.5934671649
1771,6.545494,6.5927066702
1772,6.55991,6.5917814521
1773,6.573961,6.5906937287
1774,6.587841,6.5894470691
1775,6.60169,6.588046984
1776,6.615602,6.5865012713
1777,6.62962,6.5848200266
1778,6.643747,6.5830154202
1779,6.657944,6.5811012713
1780,6.672132,6.5790925904
1781,6.686207,6.5770053298
1782,6.70004,6.5748564362
1783,6.713496,6.5726646862
1784,6.726448,6.5704526596
1785,6.738792,6.5682511117
1786,6.750461,6.566108867
1787,6.761437,6.5641196543
1788,6.771749,6.5625213351
1789,6.781483,6.5624069255
1790,6.790767,6.547402234
1791,6.799765,6.5426344628
1792,6.808659,6.5387188245
1793,6.817633,6.5351333298
1794,6.826844,6.5317374734
1795,6.836397,6.5284758245
1796,6.846318,6.5253203723
1797,6.856523,6.5222526915
1798,6.866805,6.5192572819
1799,6.876819,6.5163192128
1800,6.886094,6.5134239362
1801,6.894063,6.5105582979
1802,6.900102,6.5077120745
1803,6.903602,6.5048796862
1804,6.90403,6.5020615372
1805,6.901006,6.4992647606
1806,6.894355,6.4965030957
1807,6.884143,6.4937959362
1808,6.870683,6.4911666064
1809,6.85451,6.488640133
1810,6.836329,6.4862408777
1811,6.816942,6.4839903457
1812,6.797162,6.4819055053
1813,6.777734,6.4802196417
1814,6.759262,6.4786201022
1815,6.742159,6.4771031189
1816,6.726618,6.4756625978
1817,6.712615,6.4742912568
1818,6.699926,6.4729817857
1819,6.688169,6.4717279503
1820,6.676854,6.4705255
1821,6.665442,6.4693728268
1822,6.653411,6.4682713146
1823,6.640306,6.4672253277
1824,6.625792,6.4662419148
1825,6.609686,6.4653302
1826,6.591972,6.464500569
1827,6.5728,6.4637637399
1828,6.552468,6.4631298081
1829,6.531388,6.4626073626
1830,6.510055,6.4622027706
1831,6.489004,6.4619196213
1832,6.468789,6.4617584048
1833,6.449946,6.4617163054
1834,6.432979,6.4617872108
1835,6.418334,6.4619618061
1836,6.406369,6.4622278293
1837,6.397315,6.4625705215
1838,6.391228,6.4629733333
1839,6.387948,6.4634189565
1840,6.38706,6.46389065
1841,6.387884,6.4643738616
1842,6.389492,6.4648579747
1843,6.390765,6.4653380127
1844,6.390477,6.4658160449
1845,6.387403,6.4663021032
1846,6.380423,6.4668144351
1847,6.368616,6.467379085
1848,6.351308,6.4680288421
1849,6.328078,6.4688018278
1850,6.298695,6.4697399867
1851,6.262981,6.4708879396
1852,6.22057,6.4722927162
1853,6.1705,6.4740051156
1854,6.11046,6.4760839178
1855,6.03514,6.4786054621
1856,5.931874,6.4816850833
1857,5.765566,6.4855299161
1858,5.399347,6.4906000845
1859,3.224382,6.4983394681
1860,8.287839,6.5217248786
1861,6.927629,6.5090190216
1862,6.623468,6.5059856159
1863,6.485941,6.5051280803
1864,6.407346,6.5052691618
1865,6.357454,6.5059945185
1866,6.324449,6.5071030299
1867,6.302746,6.5084763684
1868,6.289336,6.5100349318
1869,6.282418,6.5117196565
1870,6.280809,6.5134835154
1871,6.283649,6.5152871938
1872,6.290258,6.5170968672
1873,6.300048,6.518883
1874,6.312478,6.5206197857
1875,6.327038,6.52228492
1876,6.343233,6.5238594919
1877,6.360593,6.525328
1878,6.378679,6.5266782869
1879,6.397091,6.5279014215
1880,6.415483,6.5289915083
1881,6.433572,6.5299453613
1882,6.451145,6.5307620847
1883,6.468064,6.5314425726
1884,6.484271,6.5319889397
1885,6.499781,6.5324038783
1886,6.514682,6.5326900439
1887,6.529128,6.5328494071
1888,6.543321,6.5328826339
1889,6.557498,6.5327885946
1890,6.571901,6.5325639636
1891,6.586749,6.5322030734
1892,6.602203,6.5316980185
1893,6.618332,6.5310390935
1894,6.635094,6.5302155755
1895,6.65232,6.5292167333
1896,6.669727,6.5280330481
1897,6.68694,6.5266573786
1898,6.703537,6.5250859804
1899,6.719105,6.5233191386
1900,6.733291,6.52136128
1901,6.745854,6.5192205758
1902,6.756694,6.5169079898
1903,6.765864,6.5144359691
1904,6.773558,6.5118169271
1905,6.780076,6.5090617579
1906,6.785776,6.5061786277
1907,6.791018,6.5031722043
1908,6.796108,6.5000434457
1909,6.801263,6.496789989
1910,6.806579,6.4934069556
1911,6.812034,6.4898881685
1912,6.817504,6.4862274205
1913,6.822789,6.4824196437
1914,6.82766,6.4784618605
1915,6.831894,6.4743536471
1916,6.835307,6.4700972143
1917,6.837779,6.4656970964
1918,6.839254,6.4611595122
1919,6.839743,6.456491679
1920,6.839299,6.4517010375
1921,6.838,6.4467947342
1922,6.835927,6.4417792821
1923,6.833145,6.4366604805
1924,6.829693,6.4314435789
1925,6.825578,6.4261335867
1926,6.820777,6.4207356892
1927,6.815245,6.4152556712
1928,6.808919,6.4097002639
1929,6.801733,6.4040774648
1930,6.793617,6.3983966714
1931,6.78451,6.3926688406
1932,6.774356,6.3869064706
1933,6.763115,6.3811236418
1934,6.750759,6.3753358939
1935,6.737283,6.3695601538
1936,6.722705,6.3638144844
1937,6.707076,6.3581178095
1938,6.690484,6.3524894516
1939,6.673064,6.3469485574
1940,6.654995,6.3415133
1941,6.636503,6.3362000508
1942,6.617849,6.3310224138
1943,6.599321,6.3259903684
1944,6.581206,6.3211094643
1945,6.56377,6.3163804364
1946,6.547229,6.3117991481
1947,6.531722,6.3073570755
1948,6.517294,6.3030423654
1949,6.503887,6.2988413529
1950,6.491336,6.29474044
1951,6.479386,6.2907282857
1952,6.467722,6.2867979167
1953,6.455995,6.2829484681
1954,6.443874,6.279186587
1955,6.43108,6.2755268667
1956,6.417432,6.2719915682
1957,6.402874,6.2686092326
1958,6.387499,6.2654124524
1959,6.371553,6.2624347317
1960,6.355418,6.259706775
1961,6.339589,6.257252641
1962,6.324625,6.2550858947
1963,6.311096,6.2532064595
1964,6.299528,6.2515984167
1965,6.290354,6.250229
1966,6.283887,6.2490488529
1967,6.280312,6.2479931515
1968,6.279727,6.2469831875
1969,6.282215,6.2459269355
1970,6.287991,6.2447173333
1971,6.297635,6.2432251379
1972,6.312557,6.2412819286
1973,6.33605,6.2386421111
1974,6.376489,6.2348956538
1975,6.460953,6.22923192
1976,6.75024,6.219576875
1977,3.960601,6.1965045652
1978,5.894426,6.2981365455
1979,6.063625,6.3173608571
1980,6.134586,6.33004765
1981,6.179212,6.3403351053
1982,6.213654,6.3492863889
1983,6.243172,6.3572647647
1984,6.269594,6.3643955625
1985,6.293386,6.3707156667
1986,6.314448,6.3762392143
1987,6.332507,6.3809923846
1988,6.347354,6.3850328333
1989,6.358973,6.3884581818
1990,6.367613,6.3914067
1991,6.37379,6.3940504444
1992,6.378236,6.396583
1993,6.381813,6.399204
1994,6.385409,6.4021025
1995,6.389829,6.4054412
1996,6.395706,6.40934425
1997,6.40345,6.4138903333
1998,6.413229,6.4191105
1999,6.424992,6.424992
