0,0,0
1,0,0.3736688333
2,0,0.7102445833
3,0,1.0139797083
4,0,1.3364900417
5,0,1.6248903333
6,0,1.913290625
7,0,2.2016909167
8,0,2.4482757917
9,0,2.8166217083
10,0,3.1378047917
11,0,3.38953775
12,0,3.6275769583
13,0,3.8841315
14,0,4.16372975
15,0,4.4638722083
16,0,4.756159
17,0,5.0083551667
18,0,5.220736875
19,0,5.4463295417
20,0,5.7315301667
21,0,6.0403658333
22,0,6.314514625
23,0,6.562266125
24,8.968052,6.8300481667
25,8.077818,6.7508064167
26,7.289643,6.7078949167
27,7.740248,6.6684072917
28,6.921607,6.5974175833
29,6.921607,6.5782214167
30,6.921607,6.576790625
31,5.918037,6.571619
32,8.840302,6.5910086667
33,7.708394,6.4923235
34,6.041591,6.45329325
35,5.712941,6.4864720833
36,6.157309,6.5323609583
37,6.710358,6.5543704583
38,7.203419,6.5560445
39,7.014883,6.5406885833
40,6.052708,6.522794875
41,5.097161,6.5531342917
42,5.414224,6.6470494583
43,6.844815,6.7232090833
44,7.412056,6.7063105417
45,6.579571,6.6621956667
46,5.946036,6.6763555417
47,6.426769,6.710419
48,7.06625,6.71362675
49,7.047942,6.7086272083
50,6.34194,6.7111894583
51,6.036495,6.7243033333
52,6.460899,6.75123225
53,6.887268,6.7858556667
54,6.797488,6.7981781667
55,6.383389,6.7843068333
56,6.471858,6.7928422083
57,6.771668,6.8167885
58,6.837883,6.8164945417
59,6.814274,6.8134934167
60,6.685537,6.8285166667
61,6.750535,6.8314290417
62,6.834877,6.8060734167
63,6.585434,6.79310325
64,6.780854,6.8147839583
65,7.351125,6.8311565833
66,7.242055,6.8137455417
67,6.43925,6.7880567917
68,6.353299,6.7938017083
69,6.919408,6.814754625
70,6.763559,6.8166074167
71,6.503755,6.8092441667
72,6.946261,6.7949639583
73,7.109436,6.768550375
74,6.656673,6.7581619583
75,6.682789,6.7810194583
76,7.291861,6.7942575
77,7.183008,6.7536194583
78,6.464576,6.7009136667
79,6.588238,6.700471125
80,7.046569,6.7044456667
81,6.764613,6.668471
82,6.765856,6.6418054583
83,7.174832,6.6257385417
84,6.755434,6.5897162917
85,6.142,6.5774435833
86,6.523593,6.6142476667
87,7.105771,6.645215375
88,7.173797,6.6186875833
89,6.93326,6.5448992083
90,6.625525,6.500442875
91,6.577128,6.5094051667
92,6.856169,6.514242375
93,6.963875,6.4656984583
94,6.586841,6.4431239167
95,6.16103,6.5180084167
96,6.312335,6.53946875
97,6.860114,6.5546247083
98,7.205253,6.5469565417
99,7.000502,6.5306466667
100,6.316548,6.582738
101,5.918069,6.6463816667
102,6.453955,6.6388745833
103,6.683627,6.530974125
104,6.183177,6.4457580833
105,6.12464,6.4935919583
106,6.38025,6.6249825417
107,6.310298,6.699167125
108,6.460889,6.776266375
109,7.025298,6.847091
110,7.266818,6.8943985833
111,6.469104,6.9316428333
112,5.402876,6.946858125
113,5.866308,7.037876625
114,6.84062,7.0516288333
115,6.693221,7.0063940417
116,5.691115,6.9906777917
117,6.422086,7.018938375
118,8.384069,6.9168364167
119,6.676078,6.6985835833
120,6.676078,6.6989360833
121,6.676078,6.7605422083
122,6.813816,6.7901849583
123,8.250694,6.7782197917
124,7.843996,6.6621219583
125,5.737899,6.499496375
126,3.864344,6.4729171667
127,4.638442,6.583832375
128,7.33119,6.6513222083
129,9.278014,6.6055577917
130,8.16068,6.5282455
131,8.16068,6.4997398333
132,8.16068,6.4104754167
133,8.16068,6.2928110417
134,8.16068,6.2157925833
135,6.834271,6.1718474167
136,7.58732,6.1807314583
137,6.196361,6.129688875
138,5.754985,6.1128534583
139,6.316031,6.1216660417
140,6.369369,6.1265025833
141,3.971639,6.14187575
142,3.146001,6.26352
143,6.684538,6.412661375
144,8.154625,6.40506575
145,7.387504,6.349863875
146,6.526652,6.32866025
147,5.464346,6.3112381667
148,3.940982,6.3267798333
149,5.099998,6.4316135833
150,6.526309,6.4994730833
151,6.258198,6.5070495417
152,6.232844,6.544833
153,7.422519,6.5991635
154,7.476544,6.58172075
155,6.018334,6.5298662917
156,5.336735,6.5421167083
157,6.312237,6.608615625
158,7.105996,6.642139375
159,7.047488,6.6250814167
160,6.362298,6.589028625
161,5.792311,6.57968325
162,5.966487,6.62456825
163,6.432108,6.6911024167
164,6.738325,6.7381392917
165,6.891101,6.7420233333
166,6.725394,6.7119698333
167,6.502243,6.7037712917
168,6.82978,6.7315265417
169,6.878617,6.7491101667
170,6.108522,6.7523385833
171,5.837346,6.7785624167
172,6.456992,6.816734375
173,6.728626,6.8297845417
174,6.708144,6.8239368333
175,7.165001,6.8137342083
176,7.536776,6.8015188333
177,7.003893,6.797168875
178,6.232037,6.8024946667
179,6.312344,6.8086346667
180,6.932709,6.8258434167
181,7.116807,6.8379994167
182,6.696605,6.821851125
183,6.182221,6.8023629583
184,6.138009,6.81517425
185,6.869551,6.8492528333
186,7.563307,6.858111875
187,7.560993,6.8198404167
188,6.831542,6.766081125
189,6.169817,6.756937125
190,6.528629,6.7835680417
191,7.168369,6.7827356667
192,7.251787,6.7627493333
193,6.956099,6.7555793333
194,6.737894,6.7558335
195,6.753473,6.7537346667
196,6.770196,6.74638225
197,6.588281,6.7271937083
198,6.463281,6.6936134583
199,6.871832,6.665552375
200,7.432377,6.646991375
201,7.131712,6.6218725833
202,6.379397,6.6189366667
203,6.725354,6.6462106667
204,7.224453,6.645700125
205,6.729248,6.6222191667
206,6.228889,6.6113662083
207,6.489692,6.5754782083
208,6.955895,6.494017125
209,7.082168,6.4369337917
210,6.644792,6.4135827917
211,6.27077,6.3786371667
212,6.612086,6.3514779167
213,6.808959,6.4076915833
214,6.508652,6.493035375
215,6.688697,6.4887470417
216,7.079707,6.36164575
217,6.962199,6.2874418333
218,6.687522,6.268238
219,6.577015,6.26022925
220,6.309671,6.2689339583
221,5.782355,6.262883
222,5.789815,6.1969082917
223,6.426368,6.1448389583
224,6.829526,6.0678605833
225,7.06125,5.9740839583
226,7.033973,5.981425375
227,6.713101,6.276008375
228,6.66091,7.014404125
229,6.468777,7.7549745
230,5.367577,7.7739762083
231,4.534626,7.9439834583
232,5.585895,8.1334820833
233,6.521744,8.1986038333
234,5.806097,8.1389980833
235,5.618948,8.168512875
236,7.961214,8.1780907917
237,8.85721,7.90318975
238,6.405732,7.7679936667
239,3.638266,7.8846016667
240,5.298813,8.1162207917
241,6.501307,8.1422407917
242,6.495312,8.118156875
243,6.785928,7.92750175
244,6.164448,7.889640625
245,4.198962,7.899395375
246,4.540151,8.006219875
247,4.578887,8.124044375
248,4.578887,8.236450875
249,7.237444,8.327769125
250,14.103965,8.282868
251,24.434599,7.9327022917
252,24.434599,7.1604947917
253,6.924818,6.4104990417
254,9.447751,6.38989
255,9.082593,6.2610905417
256,7.148817,6.1459440417
257,5.091206,6.0996139583
258,6.514452,6.140177
259,5.848818,6.15251025
260,1.363589,6.2254142083
261,5.612504,6.4789064583
262,9.204324,6.523907125
263,9.197125,6.39556075
264,5.923293,6.2556374583
265,5.923293,6.2710713333
266,1.919589,6.3118490417
267,5.877261,6.5088504167
268,6.398562,6.5288685
269,6.76275,6.5439342917
270,7.367939,6.5507046667
271,7.276643,6.527086125
272,6.770525,6.5166175
273,6.159817,6.5208365833
274,5.699988,6.530327625
275,5.901619,6.55260375
276,6.434701,6.5458974583
277,6.430201,6.5264957917
278,6.356564,6.576711375
279,6.319077,6.6613714583
280,6.036895,6.7168331667
281,6.064719,6.7433657917
282,6.81045,6.7578282083
283,7.598513,6.7602247083
284,7.447403,6.7442070417
285,6.69252,6.717434125
286,6.124011,6.7092774167
287,5.838966,6.7403745833
288,6.293706,6.7902386667
289,6.901958,6.8186829583
290,6.647622,6.824570625
291,6.357695,6.8349152083
292,6.760141,6.8377743333
293,6.925239,6.8236715
294,6.801094,6.8313777917
295,7.025396,6.8557535417
296,6.871783,6.8505902917
297,6.387602,6.826504
298,6.234615,6.826979875
299,5.740668,6.859424
300,5.969061,6.90959275
301,7.635375,6.9219683333
302,8.388406,6.866120125
303,7.650158,6.8130739583
304,6.673678,6.8065295833
305,6.411817,6.8196126667
306,6.867966,6.8212671667
307,7.214089,6.801554375
308,6.804853,6.770180625
309,6.496759,6.75448175
310,6.870343,6.7560490833
311,7.035704,6.752740875
312,6.976369,6.7415340833
313,7.043262,6.7259421667
314,6.895892,6.7005248333
315,6.426314,6.6713575
316,6.421673,6.6695647917
317,7.11019,6.6713623333
318,7.386112,6.6319170833
319,6.901478,6.592189875
320,6.293712,6.576225
321,6.399023,6.5836367917
322,7.013274,6.6126425
323,6.944718,6.6078035833
324,6.266075,6.5523582917
325,6.295018,6.5201386667
326,7.115298,6.521912
327,7.493093,6.5110409583
328,6.987672,6.5087024167
329,6.451525,6.539749875
330,6.394859,6.498695625
331,6.461119,6.4600024583
332,6.42808,6.3367324583
333,6.534375,6.3496616667
334,6.790946,6.348563875
335,6.766741,6.3742575
336,6.602163,6.457017125
337,6.433246,6.502219625
338,6.195876,6.4428065
339,6.383289,6.3581346667
340,6.464814,6.2994219583
341,6.163504,6.2696572917
342,6.432659,6.1474974167
343,6.518321,6.01412275
344,6.471595,5.8771788333
345,7.09516,6.4827445833
346,6.89714,7.0623284583
347,5.614031,7.0667637917
348,5.492804,7.225138875
349,6.337578,7.3017465417
350,6.854393,7.3552395
351,7.436968,7.3579364167
352,7.732811,7.2516350417
353,5.466223,7.049594625
354,5.466223,6.9993299583
355,3.502639,7.082778625
356,6.738381,7.2991554583
357,6.508028,7.317233625
358,7.407593,7.2154625417
359,8.752972,7.072024625
360,7.687023,6.942287625
361,5.007331,6.8736093333
362,4.163752,6.9493394583
363,4.974184,7.091632375
364,5.750462,7.1739957083
365,3.231667,7.183156625
366,3.231667,7.305819875
367,3.231667,7.4476006667
368,21.005173,7.5830085833
369,21.005173,6.9681437083
370,7.003588,6.343784125
371,9.415033,6.297572875
372,7.331388,6.172955125
373,7.621409,6.1569829167
374,6.919119,6.11704625
375,4.885735,6.0956591667
376,2.883841,6.1641739583
377,4.259871,6.3080622917
378,7.468991,6.40253825
379,8.695683,6.3756555833
380,7.172257,6.2837775833
381,4.065522,6.2524568333
382,3.965083,6.372918625
383,5.639284,6.5063079167
384,6.038744,6.5558654167
385,6.824854,6.5640664167
386,7.578782,6.5286623333
387,6.950904,6.4855181667
388,5.970324,6.4915202083
389,6.175585,6.5400634167
390,6.634406,6.572204125
391,6.481457,6.5769913333
392,6.248416,6.5801625
393,6.020543,6.595315125
394,5.894518,6.6338040833
395,6.424207,6.6778075833
396,6.948055,6.6873305833
397,6.662929,6.6737063333
398,6.405829,6.6769954583
399,6.53009,6.69406625
400,6.337161,6.709632875
401,6.527294,6.7313204167
402,6.823807,6.7489199583
403,6.490611,6.762392
404,6.420559,6.7796673333
405,6.956605,6.7886727083
406,7.166426,6.7866870417
407,6.828664,6.7842551667
408,6.235568,6.7878584583
409,5.975156,6.8112220833
410,6.543322,6.8432580417
411,7.094953,6.8452396667
412,7.135361,6.8323099583
413,6.946962,6.8285284167
414,6.749299,6.8280458333
415,6.557565,6.8293202083
416,6.612079,6.821880375
417,6.944278,6.8007235417
418,6.950602,6.7994721667
419,6.652759,6.8299619583
420,6.621073,6.8523715833
421,6.741868,6.8284515
422,6.815528,6.7989959167
423,6.903689,6.8008062917
424,6.857662,6.805178875
425,6.949683,6.806978375
426,7.147136,6.8028600417
427,6.905219,6.7697630417
428,6.636688,6.74226075
429,6.908949,6.75842725
430,7.108061,6.774757625
431,6.915143,6.750770375
432,6.796295,6.70025125
433,6.744019,6.6505825833
434,6.590881,6.6311640417
435,6.78464,6.6538210833
436,7.044604,6.667773125
437,6.93538,6.6372976667
438,6.779884,6.5844652917
439,6.379009,6.5508637083
440,6.104315,6.5603095833
441,6.914245,6.5716673333
442,7.682357,6.5302190833
443,7.19059,6.4679547917
444,6.046991,6.4428144167
445,6.034934,6.48742575
446,6.858977,6.5252405833
447,7.008631,6.4467860833
448,6.90085,6.3545131667
449,6.850843,6.3782705
450,6.352808,6.425488125
451,6.245164,6.4376825417
452,7.024684,6.4479954167
453,7.300878,6.4097315833
454,6.532367,6.2457063333
455,5.702684,6.11104725
456,5.604247,6.152847875
457,6.277974,6.2532964167
458,7.13465,6.2321687083
459,7.119489,6.092330125
460,6.313193,6.19703575
461,5.667403,6.3758787917
462,5.973446,6.58162975
463,6.60571,6.7746289167
464,6.376901,6.94128375
465,5.919487,7.1174722917
466,6.188014,7.157277625
467,6.587221,7.2290784167
468,7.117663,7.11881025
469,6.94249,7.0255804583
470,4.976069,7.0577578333
471,4.794081,7.190925375
472,7.471026,7.2982571667
473,7.984066,7.2355333333
474,6.645474,7.029944375
475,6.492673,6.8730022917
476,6.106352,6.945005875
477,3.364272,7.0778129583
478,3.300549,7.1308565833
479,6.705899,7.032942625
480,8.015012,7.00011275
481,5.770909,6.9652517083
482,3.778524,7.0099288333
483,9.632424,7.1188478333
484,10.605426,6.968838625
485,10.605426,6.7833894583
486,10.605426,6.6002011667
487,10.605426,6.3994117083
488,10.605426,6.2218437083
489,6.874815,6.0673274583
490,7.911233,6.0581695
491,3.940785,5.9962744167
492,4.880148,6.1006839583
493,7.714747,6.1596417083
494,8.17209,6.1068183333
495,7.370044,6.0548855
496,5.965654,6.036806125
497,3.049931,6.065154125
498,2.878864,6.20996375
499,8.220759,6.3643015833
500,9.293722,6.291966125
501,4.637319,6.18311125
502,0.950614,6.28249325
503,5.917982,6.5311120833
504,7.178347,6.564041875
505,6.84316,6.5435329167
506,6.39258,6.5356957917
507,6.032203,6.5381500833
508,6.154646,6.5582085417
509,6.208907,6.589371625
510,5.786479,6.6102400833
511,6.343794,6.6363925
512,6.897036,6.6553081667
513,6.655024,6.6635415833
514,6.425751,6.667932875
515,6.446614,6.6727460417
516,6.295134,6.6921661667
517,6.446986,6.7180305
518,6.925702,6.7342264583
519,6.936139,6.7493130417
520,6.646006,6.7600695
521,6.525362,6.7516642917
522,6.582972,6.747479625
523,6.484708,6.7687678333
524,6.681205,6.8054717083
525,7.022487,6.8159457083
526,6.917466,6.7818875
527,6.708297,6.7560425833
528,6.686132,6.7700465
529,6.655069,6.787980375
530,6.451483,6.7917847083
531,6.513606,6.8083855
532,6.90256,6.8264512917
533,6.70975,6.8213453333
534,6.414137,6.825468
535,6.79777,6.850205625
536,7.094638,6.85900375
537,6.760415,6.8486747083
538,6.541267,6.8422539167
539,6.912697,6.8444012917
540,6.915878,6.836186375
541,6.835689,6.8161340833
542,7.28778,6.796318875
543,7.194294,6.7708002083
544,6.444281,6.744493125
545,6.42493,6.7426610417
546,7.093889,6.73777775
547,7.365601,6.70639775
548,6.932581,6.678584375
549,6.20509,6.6708153333
550,6.297188,6.69368825
551,7.044391,6.711135875
552,7.116545,6.6765711667
553,6.746373,6.6458140833
554,6.849902,6.6535370417
555,6.947185,6.6383100833
556,6.780017,6.5968344583
557,6.808694,6.5770895833
558,7.00784,6.5673815417
559,7.008925,6.5443663333
560,6.846741,6.51978575
561,6.606316,6.5156929167
562,6.592804,6.5312746667
563,6.715539,6.527150125
564,6.434623,6.520953125
565,6.360124,6.5144741667
566,6.675332,6.3634647917
567,6.562924,6.1146101667
568,6.400311,6.1160735833
569,6.307731,6.2024675833
570,6.340769,6.27004925
571,6.69808,6.3078372917
572,6.746124,6.2901304167
573,6.75404,6.1927077917
574,6.715931,6.11088225
575,6.214838,6.0729350417
576,6.378375,5.926154375
577,6.931724,5.7725596667
578,6.484455,5.6697384583
579,5.95177,5.867649125
580,6.30614,6.351379125
581,6.575701,6.70862825
582,6.455475,7.00981225
583,6.418991,7.0985877917
584,6.748513,6.967451
585,6.980278,6.822584125
586,6.493815,6.7816007917
587,6.566811,6.8287533333
588,6.279128,6.8109504583
589,2.735899,6.7351707917
590,0.702821,6.8326835833
591,6.598046,7.10031925
592,8.473767,7.134653125
593,7.929691,7.031941125
594,7.247682,6.9205930833
595,6.273115,6.8599810833
596,4.407981,6.8664586667
597,4.790227,6.9422755833
598,5.805198,7.011375625
599,2.692102,7.062943125
600,2.692102,7.2175862917
601,4.464015,7.355016375
602,11.234311,7.4233724167
603,17.56129,7.2004532917
604,14.880119,6.7284997917
605,13.804117,6.3990587917
606,8.586088,6.123682125
607,3.271708,6.0356475417
608,3.271708,6.1354663333
609,5.996678,6.2464819167
610,7.625476,6.2710472083
611,6.139542,6.2460662917
612,4.460416,6.289426625
613,5.076206,6.3811575
614,7.126077,6.4157605833
615,7.422059,6.3747082083
616,6.008679,6.3532976667
617,5.257338,6.3994326667
618,5.792994,6.4607929167
619,6.428577,6.4913140833
620,6.227587,6.5022576667
621,6.448628,6.51887575
622,7.042818,6.5183282083
623,6.403538,6.4891005833
624,5.990424,6.4977629583
625,6.10456,6.5491428333
626,5.884252,6.6041880833
627,6.234406,6.6518697917
628,6.973535,6.6640365833
629,7.195077,6.6337463333
630,6.473258,6.602562875
631,5.667359,6.623053875
632,5.936082,6.6898362917
633,6.586245,6.734801
634,7.025934,6.7294095417
635,7.18019,6.70904825
636,6.661957,6.7028565417
637,5.90668,6.7217655
638,6.14082,6.7648617917
639,6.908206,6.7937054583
640,7.115919,6.781999625
641,6.729984,6.7604287917
642,6.525502,6.7715477083
643,6.691223,6.8004931667
644,6.626421,6.808976
645,6.435487,6.8051843333
646,6.341355,6.8144636667
647,6.611435,6.8387669583
648,7.223541,6.8562344583
649,7.425646,6.8482477083
650,7.028613,6.8252497917
651,6.526409,6.8115785417
652,6.246569,6.8196362083
653,6.446674,6.8364410833
654,6.965042,6.8382420833
655,7.270137,6.8319338333
656,7.015235,6.8314221667
657,6.45685,6.832704875
658,6.537263,6.8375685833
659,7.031589,6.829023
660,7.115772,6.7992639167
661,6.940991,6.7772638333
662,6.833068,6.7748311667
663,6.627266,6.7716677083
664,6.598219,6.77264875
665,6.996838,6.77822175
666,7.220193,6.7510559167
667,6.894811,6.6862587083
668,6.535421,6.6190119583
669,6.658191,6.58508825
670,6.924634,6.5980484167
671,7.030655,6.633661125
672,7.031859,6.6596665
673,6.873696,6.6601300417
674,6.700503,6.626509875
675,6.719793,6.5644527083
676,6.649886,6.5160157083
677,6.489898,6.516412625
678,6.813644,6.5399162083
679,7.257857,6.5240275417
680,7.04602,6.4484325
681,6.573579,6.3884539167
682,6.332169,6.3854441667
683,6.317371,6.3976195417
684,6.58777,6.403003125
685,6.882607,6.385943125
686,6.757145,6.3503187083
687,6.650811,6.3496877083
688,6.731971,6.3758882083
689,6.344858,6.4074454583
690,5.66506,6.4239116667
691,5.280889,6.3692642083
692,5.721252,6.330623875
693,6.969235,6.178967625
694,7.779339,6.1525932917
695,7.654784,6.1490650417
696,7.042984,6.194976
697,6.066812,6.50505625
698,5.211131,7.899252875
699,5.557305,8.28991575
700,6.659412,8.6579235
701,7.053984,8.7991307917
702,6.432316,8.7749080417
703,5.443576,8.6641647083
704,5.606534,8.594618875
705,6.501345,8.5204914167
706,6.624378,8.5227325
707,6.446577,8.5407282917
708,6.17833,8.5504117083
709,6.027621,8.5266447917
710,6.742001,8.3629880417
711,7.279623,8.2618522083
712,7.489345,8.3307110833
713,6.740047,8.4154692083
714,4.353521,8.40038025
715,4.353521,8.3807221667
716,2.081502,8.4071832917
717,6.336251,8.5829150417
718,7.694661,8.6034435
719,8.756647,8.551128
720,14.48491,8.4470687917
721,39.527531,8.108846125
722,14.58704,6.7073444583
723,14.389491,6.3339076667
724,10.048387,6.003848625
725,6.472638,5.873113875
726,3.774476,5.8718614583
727,3.774476,5.975474875
728,3.827475,6.1002203333
729,6.555131,6.235785125
730,7.056277,6.2540788333
731,6.678979,6.2423473333
732,5.607924,6.2213802083
733,2.099859,6.2280265833
734,4.314741,6.40965125
735,8.932236,6.5205139167
736,9.52354,6.4342445417
737,6.377912,6.3194887083
738,3.881727,6.328310375
739,4.988588,6.4344883333
740,6.299064,6.5127642917
741,6.828934,6.5497300417
742,6.439089,6.5477118333
743,6.259226,6.54825725
744,6.367566,6.5630414583
745,5.891491,6.5765357083
746,5.624557,6.6133805417
747,6.468074,6.66732
748,6.910753,6.6879489167
749,6.44258,6.6877976667
750,6.261198,6.6955970833
751,6.768367,6.7021089583
752,7.08103,6.7003535417
753,6.99418,6.7054955
754,6.774721,6.7194963333
755,6.175768,6.723542375
756,5.767437,6.7290586667
757,6.458851,6.7637442917
758,6.975445,6.78832075
759,6.861771,6.789241
760,6.7694,6.798456125
761,6.589632,6.808131
762,6.429998,6.811366125
763,6.867211,6.8227553333
764,7.186242,6.8107327917
765,6.780497,6.779267375
766,6.452179,6.7880112917
767,6.614047,6.829092625
768,6.691428,6.8522060417
769,6.775767,6.8531680417
770,6.919104,6.83891175
771,6.963168,6.8186574583
772,6.907123,6.8120900417
773,6.629766,6.811559125
774,6.417483,6.8061125417
775,6.726237,6.8067115
776,7.204437,6.8125016667
777,7.3302,6.8061050417
778,6.871826,6.778768875
779,6.308159,6.7499876667
780,6.599892,6.7503019583
781,7.048686,6.74496925
782,6.997531,6.717231875
783,7.082934,6.7064800833
784,7.001597,6.7114505
785,6.667275,6.7145166667
786,6.703339,6.7036007917
787,6.57867,6.6793995
788,6.431072,6.6590929583
789,6.990351,6.6389445
790,7.438131,6.6121580833
791,7.168769,6.5786952083
792,6.714516,6.5566482917
793,6.433616,6.555548625
794,6.433001,6.5544249167
795,6.80555,6.5385034583
796,6.894381,6.50634075
797,6.499048,6.4806960833
798,6.431858,6.4887775
799,6.865201,6.488726375
800,7.050918,6.4188306667
801,6.674132,6.3860535417
802,6.181077,6.4423905
803,6.315702,6.4633161667
804,6.471907,6.4168839583
805,6.382989,6.4079599583
806,6.739488,6.4030375
807,7.202224,6.3203392083
808,7.075185,6.1773695
809,6.405294,6.1301200417
810,6.122508,6.1801563333
811,6.091313,6.2377115833
812,5.947509,6.2901194583
813,6.347477,6.3971028333
814,6.635022,6.4882870833
815,6.639643,6.5674902917
816,6.688124,7.5641220417
817,6.406647,7.8737497083
818,6.050886,7.9247051667
819,6.033645,7.990484
820,6.278909,8.0569812083
821,6.693002,7.92799025
822,6.430631,7.9069625833
823,5.187704,7.90322825
824,6.264267,8.0224822083
825,8.026219,8.1511920833
826,6.683293,8.1288730833
827,5.201329,7.909405875
828,6.257731,7.773229375
829,6.26485,7.7850275
830,4.754729,7.8312235833
831,3.770951,7.902871375
832,5.941198,7.997568
833,7.606165,8.0132207083
834,7.503834,7.9663265417
835,7.349102,7.90478725
836,8.51511,7.814548375
837,8.535899,7.6977022917
838,8.535899,7.6391379167
839,30.558805,7.60249375
840,14.119188,6.627232125
841,7.629578,6.3003037917
842,7.629578,6.2149425417
843,7.629578,6.14775275
844,3.183126,6.113679375
845,6.188338,6.2600075417
846,6.341007,6.258973
847,8.049799,6.2441539583
848,9.353304,6.1792162917
849,7.490563,6.0969526667
850,1.41608,6.097653375
851,1.933093,6.3113497917
852,6.540886,6.4764830417
853,7.373556,6.4676203333
854,6.474276,6.4409850417
855,6.04367,6.4550307083
856,6.316863,6.4913412917
857,6.480705,6.512812625
858,6.026891,6.5105464167
859,5.183369,6.5162896667
860,5.710804,6.5809242083
861,7.130354,6.6525925
862,7.656439,6.6536389583
863,7.152526,6.6061129583
864,6.272908,6.5868588333
865,5.580908,6.6130553333
866,6.017023,6.6537045
867,6.811817,6.680924625
868,6.695002,6.6899497083
869,6.163509,6.6959345833
870,5.98535,6.7115727083
871,6.491295,6.7402395833
872,7.378977,6.7604924167
873,7.50738,6.75031575
874,6.544794,6.731883875
875,5.896291,6.7401112083
876,6.328181,6.7692026667
877,6.734309,6.7917199583
878,6.811372,6.8116809583
879,6.915124,6.8287499167
880,6.832175,6.8239579583
881,6.426316,6.8129797917
882,6.164729,6.8302371667
883,6.734598,6.8596597083
884,7.430843,6.8542717917
885,7.155469,6.8217064583
886,6.515815,6.80912325
887,6.690427,6.8288415
888,6.901624,6.83993125
889,6.556488,6.8276490833
890,6.670306,6.82986125
891,7.028419,6.8377827083
892,6.838639,6.8129865833
893,6.538824,6.7949629583
894,6.673355,6.8261000833
895,6.977363,6.8527447083
896,7.134737,6.82808825
897,7.065015,6.7734949583
898,6.74225,6.723874125
899,6.594486,6.70640725
900,6.868596,6.73701725
901,7.213373,6.7640677917
902,7.221027,6.7316544167
903,6.800117,6.678331625
904,6.568699,6.656878375
905,6.840493,6.6446662083
906,6.87087,6.6171502917
907,6.605288,6.5985680833
908,6.649275,6.609116375
909,6.853472,6.6149076667
910,6.989053,6.5990865833
911,6.956581,6.5656376667
912,6.606852,6.5339664583
913,6.60958,6.5493080833
914,6.860421,6.55726575
915,6.433312,6.493314375
916,6.406072,6.4318210417
917,7.286115,6.4021805833
918,7.312826,6.3705739167
919,6.385608,6.3716694583
920,5.824498,6.4138330833
921,5.874115,6.4351519583
922,6.323045,6.4166664167
923,7.329126,6.400118125
924,7.517809,6.35793125
925,6.435452,6.3332474167
926,5.94128,6.3650780417
927,6.285239,6.3207803333
928,6.275607,6.1764825833
929,6.180111,6.1470012917
930,6.424897,6.0997658333
931,6.858447,6.0423309583
932,6.788266,5.9668315
933,6.473766,7.6348947917
934,6.186279,9.31606225
935,6.196472,11.0092083333
936,6.975051,10.990186375
937,6.800564,11.0675855833
938,5.325588,11.1095064583
939,4.957472,11.132133875
940,5.694701,11.1837622083
941,6.527555,11.2569966667
942,7.339119,11.2724049583
943,7.397535,11.2349143333
944,6.336151,11.2901515833
945,5.430462,11.4113315833
946,5.925886,11.374474
947,6.316641,11.31697375
948,6.925397,11.2431920417
949,7.199387,11.2433745833
950,4.878135,11.284018625
951,2.822093,11.3859496667
952,5.568056,11.5589137083
953,5.04646,11.601793375
954,5.04646,11.6550059167
955,5.04646,11.724224875
956,46.821785,11.79136525
957,46.821785,10.102976
958,46.821785,8.4152805833
959,5.739945,6.7248558333
960,8.832632,6.743195125
961,7.806665,6.6528532917
962,5.868646,6.60867325
963,6.196552,6.6312540417
964,7.452328,6.6472695833
965,6.897354,6.6143028333
966,6.439344,6.58860675
967,8.723229,6.5829474583
968,9.244471,6.4913379167
969,4.54588,6.383469375
970,4.54588,6.4869770417
971,4.54588,6.5786229167
972,6.929778,6.6369882917
973,8.174844,6.6138855
974,7.32448,6.5806744583
975,6.97323,6.579305375
976,6.597168,6.565780375
977,6.323561,6.5704457083
978,6.707715,6.592428375
979,6.657829,6.5783684583
980,6.300443,6.571184125
981,6.317095,6.612625625
982,6.251591,6.6490124167
983,6.180088,6.645160125
984,6.664428,6.6308159167
985,6.746344,6.6342278333
986,6.410585,6.6646150833
987,6.580925,6.6956057083
988,6.661126,6.696075625
989,6.280648,6.7120345417
990,6.303521,6.7633896667
991,6.5246,6.7895929167
992,6.655626,6.7826013333
993,7.030064,6.7943133333
994,6.745381,6.811393625
995,5.946649,6.8294745417
996,6.375311,6.8561235833
997,7.377779,6.8507962917
998,7.291622,6.8180123333
999,6.64863,6.8037359167
1000,6.709136,6.8158721667
1001,6.851145,6.8266879583
1002,6.370277,6.83004675
1003,6.485405,6.8468176667
1004,7.295039,6.8692576667
1005,7.190378,6.8679629583
1006,6.159136,6.849892875
1007,5.835827,6.85139975
1008,6.746314,6.8702155417
1009,7.475638,6.8666819583
1010,7.15436,6.8463525417
1011,6.592203,6.838674
1012,7.04414,6.8441756667
1013,7.513171,6.83039825
1014,6.932399,6.791727875
1015,6.356802,6.762061375
1016,6.936714,6.7593089583
1017,7.439991,6.753113875
1018,7.179323,6.7383902083
1019,6.586226,6.7246381667
1020,6.247456,6.7026975
1021,6.590964,6.67813
1022,6.948988,6.6607245
1023,6.9399,6.650332875
1024,6.968715,6.647092375
1025,6.931756,6.62864425
1026,6.772779,6.60252425
1027,7.023965,6.5894256667
1028,7.263966,6.5530195417
1029,6.756696,6.5047375417
1030,6.195301,6.5008994583
1031,6.287406,6.5196760417
1032,6.661508,6.5339940417
1033,6.987732,6.5771428333
1034,6.970075,6.5995515417
1035,6.724243,6.6226959583
1036,6.713482,6.656083375
1037,6.585082,6.627238875
1038,6.220403,6.7483688333
1039,6.290744,6.8234419583
1040,6.788032,6.79951075
1041,7.086623,6.7547423333
1042,6.849274,6.7923635417
1043,6.05965,6.9058936667
1044,5.657836,6.981760125
1045,6.173232,7.0743688333
1046,6.699589,7.1455027083
1047,6.862128,7.1947050417
1048,6.52596,7.2044593333
1049,6.304876,7.45743025
1050,6.458413,8.1264587917
1051,6.150218,8.7890899583
1052,6.105198,8.93344275
1053,6.664582,9.0925512917
1054,6.645939,9.1787561667
1055,6.631038,9.1615668333
1056,7.697079,9.0064675833
1057,7.525541,8.812575125
1058,7.525541,8.7276449583
1059,7.525541,8.730835
1060,6.021214,8.7396755
1061,9.492201,8.7377251667
1062,8.022158,8.565796625
1063,5.716395,8.5136007917
1064,5.71359,8.5760543333
1065,7.989532,8.6098040417
1066,9.573997,8.4891944167
1067,7.880445,8.2807365833
1068,7.880445,8.2214448333
1069,7.880445,8.2016397917
1070,7.880445,8.149643375
1071,7.096231,8.0538119583
1072,12.597262,7.9908248333
1073,22.361561,7.73307725
1074,22.361561,7.0828901667
1075,9.614685,6.4182001667
1076,9.923803,6.2881633333
1077,8.733499,6.167072875
1078,6.233395,6.1051174583
1079,2.908656,6.1282884583
1080,3.04366,6.2597912083
1081,5.487217,6.3839867917
1082,7.602102,6.4228145417
1083,7.737713,6.37447675
1084,5.974406,6.31851025
1085,5.365916,6.338750125
1086,6.769458,6.390320375
1087,7.21528,6.3976949167
1088,6.523583,6.3831019167
1089,5.094901,6.380977875
1090,4.571009,6.44398325
1091,6.457443,6.5448369167
1092,7.405124,6.575969625
1093,6.632531,6.5617120417
1094,5.580491,6.5586714583
1095,5.58454,6.5886556667
1096,6.41132,6.6252001667
1097,6.757071,6.6349144167
1098,6.409001,6.6380179583
1099,6.493801,6.658561375
1100,7.017632,6.6734405833
1101,7.246569,6.6685167917
1102,6.789499,6.653339875
1103,6.064722,6.6528649583
1104,6.024354,6.68800975
1105,6.419083,6.7324687083
1106,6.441995,6.7581225417
1107,6.394517,6.7737506667
1108,6.460163,6.7832735833
1109,6.603602,6.7965339167
1110,6.946447,6.8221768333
1111,6.865048,6.8288444583
1112,6.472606,6.8058989583
1113,6.60703,6.7914987083
1114,6.991497,6.8052375417
1115,7.204628,6.8166952083
1116,7.062942,6.7931272917
1117,6.559557,6.76361525
1118,6.300112,6.7792815833
1119,6.461608,6.8241676667
1120,6.644462,6.866153625
1121,6.831556,6.8809665833
1122,6.902043,6.8504052917
1123,6.850902,6.8114057083
1124,6.899461,6.8020187083
1125,6.882323,6.8124965
1126,6.778101,6.8246587083
1127,6.908197,6.82563075
1128,7.091369,6.8027304167
1129,7.034775,6.7728245833
1130,6.81707,6.772004875
1131,6.623067,6.7881327917
1132,6.778411,6.7848005
1133,7.219032,6.7586652917
1134,7.10647,6.727551375
1135,6.314356,6.7074366667
1136,6.127,6.7041615
1137,6.936762,6.698368
1138,7.266481,6.6854489583
1139,6.638998,6.6912691667
1140,6.354653,6.70797275
1141,6.935549,6.7008884583
1142,7.377378,6.6677455417
1143,7.469271,6.62178725
1144,6.999973,6.5634177083
1145,6.098085,6.5159874583
1146,5.966053,6.519330125
1147,6.625614,6.5449667917
1148,7.150928,6.540982125
1149,7.174216,6.518002625
1150,6.80143,6.4974001667
1151,6.358589,6.4801052083
1152,6.373629,6.501630625
1153,7.015102,6.52938125
1154,7.20414,6.4562640417
1155,6.543092,6.3145013333
1156,6.151166,6.273824125
1157,6.472298,6.31459925
1158,6.623717,6.3515029167
1159,6.235752,6.3584333333
1160,5.987956,6.3615945833
1161,6.626705,6.3367460417
1162,7.406166,6.31265825
1163,7.039884,6.2969285417
1164,6.18463,6.1779719167
1165,6.140119,5.994484875
1166,6.274379,6.029353
1167,6.068402,6.1766382083
1168,5.861647,6.3325057917
1169,6.178309,6.4969881667
1170,6.581333,6.5965718333
1171,6.529982,6.7900955417
1172,6.59942,6.9099847083
1173,6.679757,6.8379992917
1174,6.386351,6.6668044583
1175,6.875199,6.6331377083
1176,7.039644,6.6229172083
1177,5.260289,6.5793263333
1178,3.801835,6.5487855
1179,5.566839,6.5413575
1180,7.129769,6.5421855833
1181,7.357986,6.594452
1182,6.790047,6.6673020833
1183,6.311622,6.6659695
1184,5.391591,6.5713465417
1185,6.048598,6.5285827083
1186,7.028653,6.5166233333
1187,4.184925,6.5036412917
1188,1.780941,6.613322
1189,6.976954,6.8309169583
1190,9.809224,6.8277799583
1191,9.809224,6.6586865417
1192,9.809224,6.4747051667
1193,8.568317,6.33528875
1194,11.225902,6.2658955417
1195,9.407322,6.0771953333
1196,4.87177,5.964046125
1197,2.571081,6.0433449583
1198,5.578349,6.2140927917
1199,6.629907,6.2436377917
1200,5.993463,6.2164541667
1201,4.527309,6.2285585833
1202,3.623563,6.3217009167
1203,5.586713,6.4585997917
1204,8.384163,6.4999514583
1205,9.106388,6.4113741667
1206,6.758065,6.3055027917
1207,4.040671,6.3156358333
1208,4.365259,6.4340050833
1209,5.761573,6.5270849167
1210,6.717084,6.5645819167
1211,6.817262,6.5661492917
1212,7.00322,6.5678189583
1213,6.901666,6.5530652917
1214,5.750982,6.52648725
1215,5.393671,6.5666592917
1216,6.46323,6.646985875
1217,6.90288,6.67504925
1218,6.697097,6.6678325
1219,6.691741,6.6783989583
1220,6.774942,6.697277875
1221,6.669029,6.7026165417
1222,6.287429,6.7064369167
1223,5.9775,6.722879
1224,6.283969,6.751073375
1225,6.762725,6.7692580417
1226,6.909136,6.763010625
1227,6.579153,6.7566999167
1228,6.258308,6.77940675
1229,6.565475,6.8133569583
1230,7.001258,6.8264385417
1231,6.881533,6.8236932083
1232,6.599175,6.8243132083
1233,6.661501,6.8236435417
1234,6.754701,6.81516225
1235,6.857334,6.811600875
1236,6.649132,6.806049
1237,6.263793,6.8131989167
1238,6.715111,6.8528462917
1239,7.321509,6.87709225
1240,7.136751,6.8542121667
1241,6.729678,6.812682
1242,6.950692,6.7931315833
1243,7.144835,6.7881919583
1244,6.90307,6.7733070833
1245,6.760718,6.764373125
1246,6.682039,6.7761429583
1247,6.654165,6.7864250417
1248,6.720401,6.783480875
1249,6.612787,6.77983175
1250,6.757679,6.7738768333
1251,7.124117,6.7485978333
1252,7.073113,6.7204362083
1253,6.879433,6.705189125
1254,6.93537,6.6946915833
1255,6.896413,6.68771275
1256,6.583103,6.6828729583
1257,6.45795,6.6798955417
1258,6.669228,6.677059
1259,6.724089,6.652834125
1260,6.82073,6.613258625
1261,7.21533,6.585673125
1262,7.297014,6.566724375
1263,6.772387,6.5497494583
1264,6.140027,6.5459020417
1265,6.260468,6.5542005
1266,6.832141,6.5507915833
1267,6.787598,6.5404523333
1268,6.688655,6.5827269167
1269,7.043194,6.63886425
1270,6.928809,6.50113175
1271,6.583505,6.3681652917
1272,6.632822,6.2126219167
1273,6.469869,6.2451729167
1274,6.150983,6.3214656667
1275,6.448238,6.4393255833
1276,6.707183,6.524552625
1277,6.627492,6.5053330833
1278,6.767878,6.3124555833
1279,6.780258,6.1137286667
1280,6.511645,6.0169114583
1281,6.389873,6.0455789583
1282,6.087831,6.0706619167
1283,5.774277,5.9602576667
1284,6.158678,5.7597146667
1285,6.76056,6.1430757083
1286,6.889616,6.5013583333
1287,6.680049,6.854263625
1288,6.33919,7.215900875
1289,6.178654,7.1884302083
1290,6.583999,7.3116289167
1291,7.802188,7.3208062917
1292,8.035951,7.2792257917
1293,3.737614,7.1518902917
1294,3.737614,7.3615231667
1295,2.850464,7.55121175
1296,7.414046,7.677210875
1297,8.300895,7.583851375
1298,8.979621,7.4849717083
1299,8.493687,7.3796397917
1300,6.245914,7.3036784167
1301,1.998432,7.2949226667
1302,1.998432,7.4331359167
1303,4.456645,7.6137049583
1304,7.199665,7.7270289167
1305,6.991864,7.6883071667
1306,3.438129,7.63197075
1307,0.961245,7.7650661667
1308,15.359343,8.0227954167
1309,15.359343,7.6505376667
1310,15.359343,7.2405681667
1311,15.359343,6.849993375
1312,5.679894,6.5015785833
1313,9.135423,6.5569569167
1314,6.804256,6.43957925
1315,6.804256,6.41953325
1316,4.979899,6.4114294583
1317,8.768803,6.4711314167
1318,8.29014,6.3786563333
1319,5.874443,6.3281234583
1320,5.173418,6.383731875
1321,5.927783,6.4536459583
1322,6.451655,6.4599167917
1323,6.670614,6.4234521667
1324,6.035776,6.4061153333
1325,5.31555,6.4450030417
1326,6.332089,6.510012625
1327,7.17642,6.5290191667
1328,6.270343,6.526440625
1329,5.63979,6.5628660833
1330,6.632419,6.61573575
1331,7.146747,6.616265
1332,6.425157,6.5758226667
1333,5.520075,6.5717200417
1334,5.985548,6.6424080417
1335,6.997388,6.70501125
1336,7.008974,6.6990224583
1337,6.318359,6.6698349167
1338,6.323152,6.6857012083
1339,6.609765,6.7268951667
1340,6.412746,6.7479390833
1341,6.549401,6.7493975417
1342,7.077351,6.74369825
1343,7.209045,6.733167375
1344,6.851356,6.7256660417
1345,6.078283,6.7359504167
1346,5.576504,6.7834285833
1347,6.25453,6.848387
1348,6.969081,6.8668148333
1349,6.87578,6.8399210833
1350,6.788246,6.81793275
1351,7.114535,6.8199540833
1352,7.144554,6.8318358333
1353,6.908662,6.8373822083
1354,6.645121,6.823583375
1355,6.176131,6.807451125
1356,6.326694,6.8210735
1357,7.216587,6.8376995833
1358,7.488025,6.83118775
1359,6.853657,6.8219761667
1360,6.308473,6.8262521667
1361,6.69915,6.8333410417
1362,7.311807,6.8191853333
1363,7.114819,6.7832187083
1364,6.447749,6.7592146667
1365,6.412618,6.768870375
1366,6.82461,6.789279375
1367,7.029013,6.78484925
1368,7.098181,6.7463695833
1369,7.217759,6.7186714167
1370,7.135506,6.71330375
1371,6.696798,6.7054838333
1372,6.323631,6.7008451667
1373,6.34806,6.69157975
1374,6.836758,6.6690742083
1375,7.399697,6.6606502083
1376,7.277667,6.6514306667
1377,6.57749,6.6345007917
1378,6.257947,6.6375115833
1379,6.503068,6.6414199583
1380,6.72572,6.62646975
1381,7.060303,6.62337225
1382,7.266947,6.616870625
1383,6.956281,6.5565625
1384,6.478606,6.444844875
1385,6.359413,6.3959187083
1386,6.448608,6.4172941667
1387,6.538722,6.4390034583
1388,6.679486,6.427091875
1389,6.902434,6.396577875
1390,6.718287,6.3787895833
1391,6.105501,6.3825572083
1392,6.433425,6.382076875
1393,7.088935,6.3198378333
1394,6.947828,6.2100046667
1395,6.58547,6.1843474583
1396,6.101261,6.2908010417
1397,5.807927,6.4544769167
1398,6.634582,6.5251896667
1399,7.178428,6.5614584583
1400,6.87135,6.575067
1401,6.649749,6.6014704583
1402,6.351748,6.8759875833
1403,6.144263,7.1629214167
1404,6.65138,7.2425921667
1405,6.904264,7.31295225
1406,5.819552,7.282674125
1407,4.275058,7.2975923333
1408,5.304378,7.2366626667
1409,6.872424,7.2886424167
1410,6.969631,7.2843503333
1411,6.252844,7.22566925
1412,5.94715,7.1455617917
1413,6.475515,7.0675282917
1414,6.80871,6.9888113333
1415,6.093973,6.969870125
1416,4.939688,7.10935225
1417,4.452939,7.3182326667
1418,6.332055,7.39373525
1419,9.140356,7.2529934167
1420,10.029482,7.1130414167
1421,7.505033,6.985438875
1422,7.505033,6.9245870417
1423,7.505033,6.8124230833
1424,7.505033,6.7109334167
1425,13.23816,6.6751235417
1426,13.23816,6.439246625
1427,8.056361,6.179875375
1428,8.340022,6.113590125
1429,6.177589,6.0401350833
1430,6.177589,6.02648575
1431,2.812746,5.9880102917
1432,6.551892,6.131867375
1433,6.769414,6.1553641667
1434,5.561285,6.1757189167
1435,4.330265,6.2463374167
1436,4.074346,6.3483608333
1437,4.586308,6.4228402917
1438,6.354121,6.479678625
1439,9.441544,6.4945780833
1440,9.952818,6.3843374167
1441,6.265001,6.236222375
1442,2.954251,6.2444054583
1443,5.781508,6.407749125
1444,6.967021,6.455143
1445,6.044589,6.4460324583
1446,4.813098,6.4701498333
1447,5.069281,6.5472899167
1448,6.645596,6.61895875
1449,7.577114,6.6303606667
1450,7.01325,6.610196
1451,6.465515,6.612601125
1452,6.577101,6.63139175
1453,5.850005,6.6401817917
1454,5.254178,6.6711087917
1455,6.265316,6.728394375
1456,7.115815,6.75732775
1457,7.257928,6.7512674167
1458,7.256129,6.721017125
1459,6.778827,6.6832160833
1460,5.861853,6.6777792083
1461,5.950428,6.723080375
1462,6.711708,6.7718830417
1463,6.795768,6.7956876667
1464,6.398057,6.8127778333
1465,6.461395,6.832457
1466,6.874499,6.8392065417
1467,6.918961,6.8299299583
1468,6.748368,6.8326721667
1469,6.623406,6.8491374167
1470,6.66446,6.845187625
1471,6.789333,6.817701
1472,6.919242,6.8120680833
1473,7.093162,6.8241150833
1474,7.070973,6.8201562917
1475,6.91649,6.801524125
1476,6.788062,6.7857294167
1477,6.592253,6.785026625
1478,6.629032,6.8046076667
1479,6.959717,6.8265549167
1480,6.970367,6.810063
1481,6.531921,6.7691249167
1482,6.348904,6.7776553333
1483,6.648342,6.8108803333
1484,6.949081,6.8076343333
1485,7.121692,6.779487375
1486,7.283019,6.7479895833
1487,7.205932,6.7147569167
1488,6.870357,6.7095497917
1489,6.623384,6.7271435
1490,6.651861,6.7121052917
1491,6.984774,6.657282875
1492,7.143534,6.61910275
1493,6.528611,6.6050127083
1494,6.004781,6.59273125
1495,6.654143,6.587446125
1496,7.20837,6.5932027083
1497,6.998151,6.5928060417
1498,6.623801,6.586353875
1499,6.537417,6.5568389167
1500,6.771195,6.4929449583
1501,7.062198,6.4675417083
1502,7.155766,6.5130885
1503,6.563911,6.58359025
1504,5.987853,6.6025049167
1505,6.736651,6.645422
1506,7.146304,6.6571391667
1507,6.570438,6.561528375
1508,6.273554,6.6419742917
1509,6.365745,6.7101537083
1510,6.485435,6.7086505833
1511,7.080961,6.707386125
1512,7.292606,6.7029410833
1513,6.262467,6.6640879583
1514,5.336123,6.653858875
1515,6.068451,6.7527914583
1516,6.805373,6.8350672083
1517,6.233856,6.7963425417
1518,5.877938,6.749325875
1519,6.792301,6.717139125
1520,7.19885,6.6468539167
1521,6.843299,6.386499625
1522,5.915442,6.3944369167
1523,5.003962,6.5309971667
1524,6.161517,6.584231
1525,8.155321,6.4391414583
1526,8.847808,6.360816625
1527,7.017863,6.3220067083
1528,7.017863,6.3069316667
1529,7.017863,6.2223162083
1530,4.851645,6.158191375
1531,8.50114,6.24198575
1532,7.90986,6.1768678333
1533,6.32967,6.0862976667
1534,6.455088,6.040341
1535,6.97428,6.0346205417
1536,6.360131,6.0350908333
1537,6.016969,6.05765625
1538,7.710505,6.0766714167
1539,8.043069,5.9912674167
1540,5.875981,5.893270375
1541,5.105456,5.9123737083
1542,5.105456,5.9747775833
1543,5.105456,6.0400379167
1544,0.950347,6.0951843333
1545,7.033794,6.3296566667
1546,9.192888,6.3233225
1547,6.281574,6.212634875
1548,2.679368,6.206589
1549,6.275525,6.341143625
1550,7.91637,6.3373801667
1551,6.656062,6.293496125
1552,4.987092,6.3085560833
1553,5.478867,6.3843351667
1554,6.86271,6.4291215
1555,6.93831,6.4038071667
1556,5.736176,6.39425625
1557,5.22671,6.465442875
1558,6.317797,6.5395505
1559,6.985567,6.5207563333
1560,6.901701,6.4731847917
1561,6.473333,6.4632596667
1562,5.660809,6.4851877083
1563,5.69114,6.5414274583
1564,6.334461,6.6040308333
1565,6.603149,6.6410015
1566,6.671704,6.6530742917
1567,6.42897,6.6384320417
1568,6.577683,6.6228967083
1569,6.881774,6.624612875
1570,6.536385,6.6368015833
1571,6.136473,6.6577584167
1572,5.908679,6.6751615
1573,6.185202,6.7028452083
1574,6.863153,6.7312095417
1575,7.017501,6.73180825
1576,6.80579,6.7389811667
1577,6.553739,6.7613085
1578,6.255166,6.7749957917
1579,6.709088,6.7950669167
1580,7.444655,6.800454875
1581,7.005293,6.7706498333
1582,5.866737,6.7478764583
1583,5.84385,6.7745205417
1584,6.663498,6.8211981667
1585,6.999606,6.8366025417
1586,7.010563,6.833200625
1587,7.193621,6.8360395
1588,7.221757,6.8358910417
1589,6.892896,6.8184077083
1590,6.32029,6.789662125
1591,6.056122,6.795739375
1592,6.618871,6.8439165833
1593,7.174303,6.8713655417
1594,7.039349,6.8490461667
1595,6.554147,6.823749625
1596,6.573088,6.8246156667
1597,6.865946,6.8189319583
1598,6.877522,6.81305225
1599,7.189651,6.8190507083
1600,7.341646,6.804962625
1601,6.882234,6.7761487083
1602,6.736873,6.7607397083
1603,6.838399,6.7573358333
1604,6.729334,6.75119
1605,6.458732,6.7311594583
1606,6.506195,6.717300125
1607,6.964113,6.7255799583
1608,7.033203,6.7295113333
1609,6.91796,6.6921240833
1610,7.078696,6.6185110417
1611,7.190058,6.5984498333
1612,6.802157,6.6261237917
1613,6.203002,6.6205055417
1614,6.466144,6.5628101667
1615,7.212375,6.5359477917
1616,7.277646,6.532234125
1617,6.638638,6.5290493333
1618,6.432232,6.5402842917
1619,6.574932,6.5395905
1620,6.436679,6.4956069583
1621,6.724833,6.4218346667
1622,7.021485,6.36902925
1623,6.851537,6.3795527917
1624,6.650112,6.404436875
1625,6.512418,6.3784680417
1626,6.65518,6.3730450417
1627,6.690899,6.3968241667
1628,6.248601,6.3926927083
1629,6.126108,6.3969115417
1630,6.704911,6.3972465833
1631,7.058466,6.3109480417
1632,6.135909,6.06425375
1633,5.151247,5.9772223333
1634,6.597227,6.1365705
1635,7.854233,6.2814572083
1636,6.667319,6.3739686667
1637,4.818313,6.515934875
1638,5.821447,6.6594481667
1639,7.123247,6.6872453333
1640,7.201211,6.744985625
1641,6.908277,6.7187895833
1642,6.415581,6.704799125
1643,5.519327,6.5467105833
1644,4.666144,6.5838385
1645,5.457503,6.7088657083
1646,7.27405,6.7913189583
1647,7.448755,6.75771575
1648,6.02686,6.7227082083
1649,6.382266,6.801212875
1650,7.225879,6.8777544167
1651,6.591744,6.7626244167
1652,6.349853,6.6739167083
1653,6.134149,6.5772952083
1654,4.633746,6.6333743333
1655,1.137803,6.7522411667
1656,4.047155,6.9921604583
1657,8.975603,7.0757005
1658,10.074508,6.9407217083
1659,10.074508,6.784322
1660,10.074508,6.657678625
1661,8.262632,6.5339837917
1662,6.488579,6.4678795417
1663,8.509014,6.45420575
1664,6.572506,6.3285370417
1665,6.572506,6.304824375
1666,2.621456,6.3320370417
1667,6.410397,6.52925225
1668,7.666797,6.5321983333
1669,7.436381,6.44935975
1670,6.467573,6.3918152917
1671,6.608574,6.4173896667
1672,7.910972,6.4480148333
1673,8.219263,6.4015669583
1674,4.462759,6.3191910833
1675,4.462759,6.393066375
1676,4.030937,6.4725433333
1677,7.480048,6.574589875
1678,7.48655,6.5524762083
1679,6.895866,6.5423008333
1680,6.052116,6.5472320833
1681,5.736112,6.5744460833
1682,6.320915,6.607906
1683,7.035067,6.616607375
1684,7.105832,6.604667125
1685,6.67613,6.598343
1686,6.160408,6.606613875
1687,5.492965,6.6320117083
1688,6.003402,6.6917113333
1689,7.22561,6.7277540417
1690,7.354621,6.6974812083
1691,6.481103,6.6722408333
1692,5.678671,6.7045962083
1693,6.055314,6.761630875
1694,7.081358,6.7784130833
1695,7.343578,6.7497815417
1696,6.796223,6.734536125
1697,6.242242,6.7568425833
1698,6.235766,6.77955725
1699,6.370206,6.78394375
1700,6.480054,6.809623625
1701,6.94932,6.86319025
1702,7.242341,6.905476625
1703,7.014216,6.90918725
1704,6.705252,6.880990375
1705,6.53915,6.8594810833
1706,6.529748,6.8602657083
1707,6.748501,6.8594541667
1708,6.954053,6.84327175
1709,6.874631,6.8248457083
1710,6.769956,6.8254085417
1711,6.925756,6.8482395417
1712,6.868427,6.8652496667
1713,6.499062,6.857643125
1714,6.748852,6.8309557917
1715,7.257632,6.7890582083
1716,7.047503,6.7553598333
1717,6.458087,6.7534585
1718,6.394201,6.7731669583
1719,6.977688,6.7952929583
1720,7.331578,6.81433475
1721,6.787394,6.8174525
1722,6.341042,6.8018493333
1723,6.986523,6.765112
1724,7.765653,6.696445
1725,7.964193,6.6177537083
1726,7.331396,6.5622977083
1727,6.337491,6.5559267917
1728,6.189029,6.5943645833
1729,6.557981,6.6098265417
1730,6.510271,6.57904375
1731,6.360123,6.5552579167
1732,6.511828,6.5493640833
1733,6.888139,6.5475399167
1734,7.3179,6.5297419583
1735,7.333999,6.47758075
1736,6.68587,6.40962525
1737,5.858566,6.3213288333
1738,5.74331,6.27667975
1739,6.448871,6.4090410833
1740,7.001871,6.567659625
1741,6.93109,6.52252125
1742,6.925225,6.4803320833
1743,7.434691,6.4124622917
1744,7.406404,6.4536555
1745,6.412918,6.4666327917
1746,5.459346,6.33979375
1747,5.338515,6.252686875
1748,5.877062,6.2414959583
1749,6.633249,6.2870594583
1750,7.178494,6.3327399167
1751,7.259998,6.4080288333
1752,6.560116,6.4494113333
1753,5.819194,6.5199555833
1754,5.939411,6.6213715833
1755,6.218671,7.055522
1756,6.468048,7.4780365833
1757,6.460988,7.3863177083
1758,6.066031,7.4097010417
1759,5.703067,7.404448875
1760,4.566756,7.3606913333
1761,4.786988,7.4178800417
1762,8.919982,7.5180628333
1763,10.255716,7.4438729583
1764,5.91855,7.2901395417
1765,5.91855,7.2887181667
1766,5.29635,7.2509587083
1767,8.423328,7.25978675
1768,7.717859,7.1936988333
1769,3.368781,7.1594540833
1770,3.368781,7.25574625
1771,5.069933,7.3542478333
1772,6.970586,7.4379185
1773,7.72958,7.4295728333
1774,8.985428,7.332675
1775,8.253178,7.195057
1776,8.253178,7.1283427083
1777,8.253178,7.064529625
1778,16.359021,7.0038049167
1779,16.359021,6.6262450417
1780,4.266795,6.2195067917
1781,7.022188,6.2626877917
1782,5.939979,6.20567425
1783,4.652886,6.2251949167
1784,5.939285,6.3262360417
1785,7.191375,6.3937641667
1786,7.139425,6.384630125
1787,6.566114,6.3399187917
1788,5.884437,6.3140565417
1789,5.012323,6.3353474583
1790,5.508223,6.4105124583
1791,6.837218,6.4549305833
1792,6.895985,6.4275649583
1793,5.679793,6.4079740833
1794,5.732819,6.4593351667
1795,7.078029,6.525457875
1796,6.77029,6.537183375
1797,5.404032,6.5451842917
1798,5.682596,6.588318
1799,6.652035,6.6167259583
1800,6.721664,6.6229725417
1801,6.795785,6.6347455417
1802,7.297584,6.64111775
1803,6.597303,6.622688625
1804,5.303139,6.6223191667
1805,5.653863,6.6730126667
1806,6.408475,6.710103875
1807,7.077873,6.713096125
1808,7.55996,6.705031125
1809,6.972158,6.6964329583
1810,6.066353,6.711824625
1811,5.94542,6.7515185833
1812,6.395419,6.7788209583
1813,6.816283,6.783368
1814,6.574258,6.7825687083
1815,6.180443,6.7975034167
1816,6.425804,6.8295947917
1817,6.912459,6.84776925
1818,7.319764,6.8360199167
1819,7.359441,6.804567875
1820,6.962312,6.7905418333
1821,6.439241,6.8073227083
1822,6.364387,6.8268401667
1823,6.801953,6.8263673333
1824,7.004216,6.81669975
1825,6.948718,6.814679
1826,6.855285,6.81345
1827,6.588436,6.816728
1828,6.519783,6.823274
1829,6.544052,6.822497875
1830,6.480289,6.834588625
1831,6.884313,6.8564696667
1832,7.353604,6.851025125
1833,7.341558,6.8162314583
1834,7.019008,6.7776975
1835,6.600677,6.760085
1836,6.504548,6.7736864583
1837,6.7971,6.7840561667
1838,6.932691,6.7756784167
1839,6.950636,6.771573625
1840,6.861991,6.7526545417
1841,6.630475,6.707829625
1842,6.564915,6.669117625
1843,7.022816,6.673645625
1844,7.365053,6.6853977917
1845,6.90766,6.6518505
1846,6.353039,6.620811125
1847,6.569931,6.631414
1848,6.955718,6.6118017917
1849,6.919222,6.564171
1850,6.933957,6.5689412083
1851,6.74554,6.5887110833
1852,6.501156,6.5547023333
1853,6.83423,6.5071050417
1854,7.005434,6.5068734583
1855,6.753644,6.512248125
1856,6.518556,6.4827955417
1857,6.416743,6.4341147917
1858,6.596308,6.410725
1859,6.927112,6.3999740833
1860,6.753421,6.390920375
1861,6.596034,6.3714507917
1862,6.834176,6.27855875
1863,6.496578,6.1855101667
1864,5.786193,6.2257199583
1865,5.701387,6.3537867083
1866,6.673587,6.4535769583
1867,7.304868,6.4238092917
1868,6.559918,6.213175125
1869,6.162715,6.0335805417
1870,6.607508,5.9660684167
1871,6.099238,6.0657500833
1872,5.812579,6.343142
1873,7.033707,6.6324780417
1874,7.408434,6.87093375
1875,5.92933,6.9841129167
1876,5.358821,7.2621787083
1877,6.828672,7.2884196667
1878,7.134426,7.2534168333
1879,6.046782,7.0387827083
1880,5.350218,7.1173514583
1881,5.855388,7.2046267083
1882,6.338286,7.1434494583
1883,6.709823,7.0192705417
1884,6.286151,6.9826979167
1885,4.366625,7.0990543333
1886,4.60101,7.3151285417
1887,7.461613,7.3894672083
1888,8.859795,7.218884
1889,8.096353,7.0087057083
1890,5.959163,6.9198663333
1891,2.249648,6.9860819583
1892,2.249648,7.1875262083
1893,4.542424,7.3336030417
1894,8.999868,7.3788195417
1895,12.756644,7.2610539167
1896,12.756644,6.996398875
1897,12.756644,6.7336144167
1898,10.124734,6.4776902083
1899,12.602909,6.352829
1900,5.988604,6.133257375
1901,5.988604,6.1583002917
1902,1.983207,6.138245125
1903,7.932432,6.285529125
1904,7.444824,6.2262067083
1905,4.387134,6.2037300417
1906,3.357992,6.2996714583
1907,5.83208,6.4403795
1908,9.078705,6.4834214167
1909,9.552406,6.3915199167
1910,6.385138,6.2867100417
1911,3.367616,6.3161107083
1912,3.815516,6.4547221667
1913,5.964208,6.555369375
1914,7.548338,6.55493975
1915,7.08431,6.487627625
1916,5.755492,6.4668380833
1917,5.62762,6.5303302917
1918,6.173493,6.5954040417
1919,6.404923,6.6337303333
1920,6.449817,6.67631375
1921,6.614463,6.708277
1922,7.128065,6.694953625
1923,7.33319,6.650018625
1924,6.589634,6.6284832917
1925,5.50728,6.644601375
1926,5.518023,6.6846845
1927,6.508694,6.725679375
1928,6.905384,6.7397539167
1929,6.689728,6.7476319583
1930,6.734985,6.7776123333
1931,6.865086,6.799819
1932,6.873069,6.7936302083
1933,7.036969,6.7779310833
1934,7.090754,6.7623285833
1935,6.694291,6.745549875
1936,6.231049,6.7518282083
1937,5.953897,6.7950753333
1938,5.932847,6.8505782917
1939,6.585361,6.8803559167
1940,7.279305,6.86293925
1941,7.18939,6.8311712917
1942,7.093324,6.8186935417
1943,7.426925,6.8038631667
1944,7.216935,6.762295625
1945,6.294702,6.743765375
1946,6.049625,6.7874979167
1947,6.816342,6.8320478333
1948,6.976468,6.8207909167
1949,6.469275,6.8022265
1950,6.5019,6.8070406667
1951,6.846483,6.804396
1952,7.094457,6.795771125
1953,7.409257,6.789164625
1954,7.267945,6.7769115417
1955,6.716555,6.769369375
1956,6.49629,6.7586254583
1957,6.662509,6.7287020833
1958,6.688065,6.6882596667
1959,6.844971,6.6777215
1960,7.26898,6.6991867083
1961,7.285968,6.68517975
1962,6.64751,6.6155055833
1963,6.167361,6.565820125
1964,6.516874,6.5679345833
1965,6.889924,6.5916917083
1966,6.737395,6.6155366667
1967,6.429304,6.6049039583
1968,6.772209,6.5530480417
1969,7.344283,6.51381375
1970,7.118823,6.511427625
1971,6.546176,6.5368010833
1972,6.530922,6.5152422917
1973,6.584815,6.31047
1974,6.438428,6.223627125
1975,6.639486,6.3053909583
1976,6.935901,6.3593659583
1977,7.115183,6.3342992174
1978,7.086933,6.2988045
1979,6.458701,6.2612745714
1980,5.778129,6.25140325
1981,5.691891,6.2763124211
1982,6.435149,6.3087802778
1983,7.360136,6.3013468235
1984,6.932813,6.2351725
1985,5.613788,6.1886631333
1986,5.455059,6.2297256429
1987,6.218108,6.2893153846
1988,7.087045,6.2952493333
1989,7.462203,6.2232679091
1990,6.48221,6.0993744
1991,5.184762,6.0568371111
1992,5.830586,6.1658465
1993,7.287016,6.2137408571
1994,7.727786,6.0348616667
1995,6.028765,5.6962768
1996,1.616387,5.61315475
1997,4.500586,6.9454106667
1998,8.40076,8.167823
1999,7.934886,7.934886
