0,0,0
1,0,0.0930728592
2,0,0.1860714789
3,0,0.2788474085
4,0,0.3713934789
5,0,0.4638622535
6,0,0.5564619014
7,0,0.649337507
8,0,0.7425509296
9,0,0.8361350282
10,0,0.9301232254
11,0,1.0245221268
12,0,1.1192856761
13,0,1.2143449296
14,0,1.3096739296
15,0,1.4053229718
16,0,1.5013694085
17,0,1.597804662
18,0,1.6944472394
19,0,1.7909765493
20,0,1.8870920845
21,0,1.9826873099
22,0,2.0779048592
23,0,2.1730411972
24,0,2.2683908169
25,0,2.3641400563
26,0,2.4603466338
27,0,2.5569677465
28,0,2.653886338
29,0,2.7509249155
30,0,2.8478795211
31,0,2.9445935634
32,0,3.0410264085
33,0,3.1372431549
34,0,3.2333185915
35,0,3.3292434366
36,0,3.4249314789
37,0,3.5203339296
38,0,3.6155566338
39,0,3.7108499155
40,0,3.8064480423
41,0,3.9023916479
42,0,3.9984926056
43,0,4.0944557887
44,0,4.1900281972
45,0,4.2850619718
46,0,4.3795078873
47,0,4.4734246479
48,0,4.5670110141
49,0,4.6605621268
50,0,4.7542934225
51,0,4.8481463239
52,0,4.9417649296
53,0,5.0346929437
54,0,5.1266375352
55,0,5.2175987324
56,0,5.3078083521
57,0,5.3975985352
58,0,5.4873336901
59,0,5.5773990845
60,0,5.6681391972
61,0,5.7597012676
62,0,5.8518843099
63,0,5.944154338
64,0,6.035888
65,0,6.1267218451
66,0,6.2167647183
67,0,6.3064947606
68,0,6.3963851831
69,0,6.4864794507
70,0,6.5761408028
71,6.608173,6.6641500141
72,6.602902,6.6562061972
73,6.587091,6.6451673521
74,6.570771,6.6325336338
75,6.565283,6.6208220563
76,6.574575,6.6119038028
77,6.594168,6.6058829296
78,6.618153,6.6015131268
79,6.644471,6.5974539296
80,6.673162,6.5931940845
81,6.702322,6.5889340563
82,6.728212,6.5845834366
83,6.749207,6.5787910845
84,6.768359,6.5686624225
85,6.791082,6.5495357042
86,6.819297,6.5095482394
87,6.846903,6.4691633803
88,6.861623,6.4895974225
89,6.853581,6.4881381127
90,6.824203,6.4798420845
91,6.787261,6.4683720141
92,6.760446,6.4552546761
93,6.75468,6.4416665634
94,6.769823,6.4289538169
95,6.798196,6.4183122254
96,6.830667,6.4100780282
97,6.860099,6.4033680282
98,6.88122,6.3964453803
99,6.889739,6.387620662
100,6.883777,6.376201507
101,6.866697,6.3629448451
102,6.846732,6.3496586338
103,6.831389,6.3381744789
104,6.821356,6.3294591831
105,6.810664,6.3234110282
106,6.793851,6.3192174225
107,6.773574,6.3158796901
108,6.760812,6.312627662
109,6.765823,6.3090837887
110,6.787467,6.3051546338
111,6.811996,6.3008033944
112,6.823168,6.2959516479
113,6.813386,6.2906010282
114,6.785641,6.2850206901
115,6.747398,6.2797809577
116,6.70566,6.2755524366
117,6.66809,6.2727858451
118,6.644632,6.2714720423
119,6.642129,6.2711126901
120,6.654922,6.270925338
121,6.663556,6.2702147746
122,6.646921,6.2687457324
123,6.597889,6.2669142113
124,6.528066,6.2656067324
125,6.458245,6.2658100423
126,6.404883,6.2681780141
127,6.375103,6.2727704225
128,6.371196,6.2790387746
129,6.394643,6.2860068451
130,6.442548,6.2925815915
131,6.500907,6.2979257606
132,6.544996,6.3017504507
133,6.551172,6.3043707042
134,6.51309,6.3065116338
135,6.449203,6.3090090563
136,6.393044,6.3125426338
137,6.370833,6.3174434225
138,6.38222,6.323604493
139,6.396693,6.3305820986
140,6.365956,6.3379539577
141,6.248654,6.345815338
142,6.044162,6.3550390986
143,5.819144,6.3668646479
144,5.690097,6.3817963803
145,5.739249,6.3986102817
146,5.932087,6.4146882817
147,6.147093,6.4277555775
148,6.283912,6.437316507
149,6.32995,6.4445106056
150,6.342022,6.4508836479
151,6.3707,6.4572764366
152,6.393428,6.4637143521
153,6.316955,6.4702931549
154,6.030072,6.4781778169
155,5.410362,6.4899910845
156,3.951972,6.5101289014
157,3.951972,6.5502466338
158,8.29772,6.5897953662
159,6.758012,6.5676889718
160,6.264563,6.5670159577
161,6.009828,6.5732014085
162,5.85593,6.5829164648
163,5.79569,6.5946613099
164,5.852075,6.607049338
165,6.01427,6.6185027183
166,6.213568,6.6277324648
167,6.354257,6.6344373803
168,6.368591,6.639528169
169,6.254665,6.6446239014
170,6.078979,6.6511146761
171,5.942554,6.6593094366
172,5.923376,6.6681669577
173,6.031357,6.6758754225
174,6.212603,6.6809823662
175,6.391937,6.6832449014
176,6.512918,6.6836162535
177,6.556872,6.683544662
178,6.54268,6.6841313662
179,6.509197,6.6855684085
180,6.486853,6.6870646479
181,6.478529,6.6872959014
182,6.467522,6.6851644225
183,6.443274,6.6804288028
184,6.417182,6.6738485915
185,6.41362,6.6668222394
186,6.447173,6.6607916197
187,6.509232,6.6567561127
188,6.57481,6.6550382535
189,6.619118,6.6552187183
190,6.628827,6.6562188592
191,6.604472,6.6566514789
192,6.559254,6.6554225493
193,6.516883,6.6522278732
194,6.505058,6.6474660986
195,6.542501,6.6415121408
196,6.626371,6.6339953239
197,6.730944,6.6238150423
198,6.820156,6.6099379437
199,6.865929,6.592480169
200,6.86145,6.5735451549
201,6.821984,6.5573261972
202,6.77246,6.5492413521
203,6.731034,6.5553718732
204,6.703178,6.5897575493
205,6.690407,6.6245355634
206,6.700087,6.6074542113
207,6.741,6.6060885352
208,6.808269,6.6072845352
209,6.87763,6.6059163239
210,6.920095,6.6001849014
211,6.924114,6.5909519155
212,6.903541,6.5807582817
213,6.883776,6.5721029718
214,6.879297,6.5657885352
215,6.883884,6.5604463803
216,6.880787,6.5534574225
217,6.859865,6.5426077042
218,6.825919,6.5276195915
219,6.794693,6.5106579718
220,6.782436,6.4951106197
221,6.79591,6.4834047606
222,6.827792,6.4758628451
223,6.860523,6.4711731127
224,6.876766,6.467485338
225,6.868814,6.4632945634
226,6.840147,6.4578731831
227,6.800331,6.4512959718
228,6.759932,6.4441580563
229,6.728166,6.4371381268
230,6.710228,6.4306603662
231,6.70373,6.4248750423
232,6.699597,6.4199212535
233,6.689814,6.4161608592
234,6.67524,6.4140735634
235,6.665265,6.4138369014
236,6.669582,6.4149638592
237,6.689617,6.416361831
238,6.715703,6.4168333944
239,6.730388,6.4157065775
240,6.71551,6.4131988451
241,6.660807,6.4102993099
242,6.571438,6.4082762394
243,6.470677,6.4081312535
244,6.39395,6.4102448592
245,6.373243,6.4142597183
246,6.418303,6.4191834789
247,6.507835,6.423714507
248,6.598528,6.4267279437
249,6.64471,6.4277574225
250,6.61543,6.4273143521
251,6.503272,6.4269317746
252,6.327194,6.4288010704
253,6.131293,6.4349476197
254,5.976079,6.4462292394
255,5.918311,6.4617424648
256,5.985446,6.4790649859
257,6.160652,6.495240831
258,6.387264,6.5079537042
259,6.587623,6.5162929437
260,6.690128,6.5208830563
261,6.659543,6.5234992394
262,6.517218,6.5263587183
263,6.332432,6.5312595493
264,6.178797,6.538882493
265,6.082327,6.5487191549
266,6.008807,6.5597954648
267,5.903571,6.5716510563
268,5.74567,6.5847465211
269,5.580654,6.5999750986
270,5.521543,6.6175685493
271,5.709904,6.6359898169
272,6.24796,6.6515349718
273,7.207727,6.6590512958
274,9.172417,6.6525304648
275,9.172417,6.6179495211
276,5.477631,6.5832435775
277,6.603124,6.6007612254
278,6.825916,6.6028746761
279,6.711126,6.6023835352
280,6.470699,6.6038319155
281,6.264553,6.6085122254
282,6.200366,6.6154182113
283,6.289014,6.6222589718
284,6.435451,6.6269600423
285,6.500004,6.6290600704
286,6.387668,6.6300939718
287,6.110457,6.6327422535
288,5.795709,6.6392522958
289,5.621644,6.6499033944
290,5.690831,6.6624612113
291,5.95132,6.6733918169
292,6.260434,6.6800946197
293,6.494821,6.6821422817
294,6.598691,6.6809196197
295,6.579221,6.6785662958
296,6.483896,6.6769745634
297,6.373165,6.6771222113
298,6.293539,6.6788866901
299,6.261517,6.6814124225
300,6.268245,6.683832338
301,6.29947,6.6858219859
302,6.352011,6.6874968592
303,6.432609,6.6887030845
304,6.541616,6.6883722676
305,6.658437,6.6846661549
306,6.745279,6.6760444366
307,6.768838,6.6626766338
308,6.723098,6.6471740141
309,6.635699,6.6336790423
310,6.552339,6.6255727324
311,6.509643,6.6236559437
312,6.517169,6.6260581972
313,6.561144,6.6293582676
314,6.620743,6.6299021268
315,6.679005,6.6247542394
316,6.72283,6.6122196338
317,6.740006,6.5921803099
318,6.721789,6.5666130986
319,6.671621,6.5403269718
320,6.613252,6.5210430563
321,6.588267,6.519922493
322,6.635992,6.6225557746
323,6.763599,6.570215507
324,6.932288,6.552032338
325,7.077518,6.540246
326,7.14821,6.5282042958
327,7.133931,6.5139328028
328,7.063266,6.4983209014
329,6.97935,6.4836122676
330,6.913521,6.4716042958
331,6.875877,6.4624135352
332,6.862566,6.4545419718
333,6.865177,6.4459643099
334,6.873661,6.4354526056
335,6.8772,6.4233804789
336,6.868745,6.4114530423
337,6.850554,6.4015029296
338,6.833349,6.3943376761
339,6.826899,6.3894632535
340,6.829789,6.3856272254
341,6.829453,6.3816327887
342,6.81361,6.3768854507
343,6.781619,6.3714223521
344,6.744748,6.3655872254
345,6.71717,6.3597281127
346,6.708295,6.3541125915
347,6.721384,6.3489365493
348,6.753179,6.3442602394
349,6.791045,6.3399407042
350,6.813961,6.3357422958
351,6.803001,6.3315997183
352,6.754878,6.3277825775
353,6.68606,6.3247799296
354,6.62279,6.3229972254
355,6.584553,6.3225231831
356,6.573411,6.3231282394
357,6.575696,6.3244308169
358,6.57267,6.3260661408
359,6.551937,6.3277834085
360,6.513249,6.3295116197
361,6.466904,6.3314143099
362,6.427219,6.3338577606
363,6.405818,6.3372170986
364,6.408012,6.3415980141
365,6.431605,6.3466902254
366,6.466208,6.3519003944
367,6.494379,6.3566965915
368,6.498443,6.3609313521
369,6.472866,6.3649082254
370,6.433331,6.3691209155
371,6.40951,6.3738400704
372,6.418386,6.3788865634
373,6.437653,6.3838585915
374,6.409121,6.3887268592
375,6.278482,6.3943169859
376,6.046295,6.4021842958
377,5.796165,6.4137794507
378,5.668152,6.4292656197
379,5.764955,6.4467632535
380,6.060151,6.4629451268
381,6.416247,6.474908662
382,6.680203,6.4817400704
383,6.751474,6.4846880423
384,6.599758,6.4863929155
385,6.255243,6.4899259155
386,5.789048,6.4979982676
387,5.300038,6.5124005634
388,4.924734,6.5335434789
389,4.855474,6.559833493
390,5.302463,6.5868768873
391,6.533692,6.6073436761
392,13.87523,6.6102950423
393,2.919833,6.5099394789
394,5.472594,6.5642088169
395,6.095458,6.5828055352
396,6.222557,6.592590338
397,6.134934,6.6001977465
398,6.025486,6.608557338
399,6.018953,6.6181744648
400,6.126784,6.627868338
401,6.260977,6.6361328169
402,6.316996,6.6425100845
403,6.253552,6.6479590423
404,6.118846,6.6540517746
405,6.01654,6.6616487606
406,6.030352,6.6700289718
407,6.162287,6.6772541408
408,6.341821,6.6815771831
409,6.487265,6.6826453803
410,6.554541,6.6815092817
411,6.546184,6.6796805211
412,6.492392,6.6781747606
413,6.42573,6.6772088028
414,6.367325,6.6765341268
415,6.328751,6.6759162958
416,6.318468,6.6753183803
417,6.340796,6.6747709718
418,6.389366,6.6742220282
419,6.446492,6.6735465352
420,6.492958,6.6726238732
421,6.519838,6.6713680141
422,6.531984,6.6697663239
423,6.54169,6.6679906479
424,6.559488,6.6664319155
425,6.589133,6.665430507
426,6.627512,6.6647906197
427,6.665894,6.6635282394
428,6.691804,6.6601909296
429,6.694596,6.6536390141
430,6.67464,6.6438337746
431,6.64834,6.6320826197
432,6.640389,6.6204090423
433,6.665732,6.6103676056
434,6.716863,6.6021863803
435,6.769559,6.5946785352
436,6.801527,6.5854945493
437,6.806738,6.5710924648
438,6.795047,6.5452614648
439,6.780801,6.4580092394
440,6.771967,6.4789697042
441,6.768391,6.4687680423
442,6.767811,6.4538623803
443,6.7714,6.4406199014
444,6.7833,6.4311964789
445,6.80602,6.4253410141
446,6.837061,6.4214550986
447,6.869551,6.4174523521
448,6.895683,6.4116294085
449,6.910484,6.4034449014
450,6.913868,6.3937010563
451,6.909562,6.3837549155
452,6.901277,6.3743260986
453,6.889509,6.365069831
454,6.87252,6.3552605211
455,6.850601,6.3447698592
456,6.82838,6.3343212817
457,6.811611,6.3248164225
458,6.801185,6.3165465775
459,6.791325,6.3091087042
460,6.775555,6.3019357887
461,6.755605,6.2948062817
462,6.743239,6.2879141127
463,6.749985,6.2815669014
464,6.772956,6.2758781127
465,6.792961,6.2707433662
466,6.790179,6.2660573662
467,6.762683,6.2618929577
468,6.728465,6.2584527324
469,6.708302,6.2558677183
470,6.707218,6.2540641268
471,6.713562,6.2528159577
472,6.713763,6.2518927183
473,6.703872,6.2511554366
474,6.686136,6.2505805775
475,6.658232,6.2502862394
476,6.611535,6.2505710845
477,6.543339,6.2518599577
478,6.469223,6.254472169
479,6.417663,6.2583196338
480,6.406602,6.2628086338
481,6.424699,6.267134
482,6.439275,6.2708042676
483,6.423809,6.2739620563
484,6.377828,6.2772308169
485,6.323459,6.2812537606
486,6.286299,6.2863131972
487,6.279602,6.2922647042
488,6.301821,6.298715338
489,6.341406,6.3052444789
490,6.380983,6.3115767746
491,6.403792,6.3177107042
492,6.406118,6.3239250423
493,6.405911,6.3305422817
494,6.43102,6.3375368592
495,6.488388,6.3443641549
496,6.543701,6.3503303521
497,6.537883,6.355301831
498,6.428945,6.3601101127
499,6.226618,6.3662334366
500,5.998424,6.3749505352
501,5.840308,6.3865257042
502,5.819516,6.3999444366
503,5.927447,6.4134331549
504,6.084865,6.4254728873
505,6.183806,6.4356125211
506,6.117496,6.4447440423
507,5.778979,6.4551092394
508,4.972737,6.4704138169
509,0.600139,6.4971524366
510,8.268994,6.5854878873
511,6.047649,6.5657189718
512,5.710089,6.5769644225
513,5.827595,6.5924593521
514,6.102337,6.6055845915
515,6.367562,6.6140135634
516,6.53012,6.6178937746
517,6.552866,6.618782831
518,6.456122,6.6188023662
519,6.314583,6.6197774225
520,6.218671,6.6224570423
521,6.207692,6.6263249859
522,6.240116,6.6303613662
523,6.244082,6.6341698873
524,6.193048,6.6383179859
525,6.127683,6.643595338
526,6.108752,6.650040507
527,6.153535,6.6567374225
528,6.224452,6.6625482113
529,6.273096,6.6669550563
530,6.282048,6.6702067746
531,6.26936,6.6728615493
532,6.266261,6.6753082535
533,6.292587,6.6776167042
534,6.346081,6.6796730141
535,6.408389,6.6813762254
536,6.460255,6.6827040986
537,6.494506,6.6835773239
538,6.518427,6.6836015352
539,6.544929,6.6819081268
540,6.580247,6.6773599296
541,6.618598,6.6692314085
542,6.648012,6.6580907324
543,6.661416,6.6461419859
544,6.663057,6.6363049718
545,6.665238,6.6304549296
546,6.678456,6.6282965634
547,6.703045,6.6276045634
548,6.728806,6.6253336056
549,6.742393,6.6188084789
550,6.736382,6.6065088873
551,6.713703,6.588379831
552,6.685288,6.5658659437
553,6.663478,6.5417215211
554,6.655891,6.5192103803
555,6.663457,6.5005552254
556,6.682679,6.4852013099
557,6.708856,6.4520704366
558,6.737597,6.449686169
559,6.76539,6.4430125493
560,6.790999,6.4330441268
561,6.816492,6.4206573662
562,6.84501,6.4071525634
563,6.875942,6.3935479014
564,6.902526,6.3803702113
565,6.915758,6.3679343239
566,6.911988,6.3565103521
567,6.896676,6.3461529155
568,6.879271,6.3365314648
569,6.863701,6.3271215634
570,6.845532,6.3176649155
571,6.820261,6.3084485634
572,6.793038,6.3000821268
573,6.777215,6.2929495775
574,6.782268,6.2868329155
575,6.804779,6.2810197746
576,6.832144,6.2747724507
577,6.853425,6.267784
578,6.865604,6.2603167324
579,6.871179,6.2529644789
580,6.871956,6.2462277887
581,6.865401,6.2402176197
582,6.846076,6.2347051549
583,6.810229,6.2294611972
584,6.759487,6.2245936197
585,6.700794,6.2205783521
586,6.643057,6.217930507
587,6.593243,6.216802493
588,6.554253,6.2168770423
589,6.525351,6.2176355915
590,6.504836,6.2187384366
591,6.493295,6.2201730141
592,6.494275,6.2220583099
593,6.510521,6.2243290282
594,6.538597,6.2266275915
595,6.56774,6.2285030986
596,6.58529,6.2297312394
597,6.584233,6.2305043662
598,6.566101,6.23138
599,6.537338,6.2330376197
600,6.503968,6.2359736901
601,6.470537,6.2402767042
602,6.443076,6.2455856479
603,6.430161,6.2512548732
604,6.438585,6.2566510563
605,6.467009,6.2614259718
606,6.502668,6.2656025352
607,6.522254,6.2694608873
608,6.496225,6.2734132958
609,6.398195,6.2780432958
610,6.222007,6.28422
611,6.003122,6.2929760141
612,5.82761,6.3049311127
613,5.799651,6.3194735915
614,5.962988,6.3344403521
615,6.247704,6.3470266761
616,6.511994,6.3554939577
617,6.629324,6.3602071549
618,6.541807,6.3633303099
619,6.265522,6.3677569014
620,5.869122,6.3760685493
621,5.449219,6.3898952676
622,5.115217,6.4096041268
623,4.971034,6.4340837042
624,5.065187,6.4606990423
625,5.331375,6.4859874507
626,5.573329,6.5073143803
627,4.330387,6.5248378169
628,6.539573,6.5594457887
629,6.26377,6.5626804085
630,6.057632,6.5697963662
631,5.911539,6.5799772676
632,5.857651,6.5923063662
633,5.879079,6.6051861972
634,5.940326,6.6172093521
635,6.019578,6.6276528028
636,6.104656,6.6363896056
637,6.17661,6.6436350563
638,6.213553,6.6497822254
639,6.211168,6.6552325775
640,6.192279,6.6601304507
641,6.191171,6.6641777183
642,6.226244,6.6668174085
643,6.286627,6.667810662
644,6.342932,6.6677750282
645,6.369535,6.668116169
646,6.361219,6.670264507
647,6.335964,6.6747647465
648,6.323249,6.6808616338
649,6.343594,6.6868254225
650,6.392874,6.6908374789
651,6.445234,6.6919498732
652,6.474016,6.6905004648
653,6.473755,6.687664662
654,6.464631,6.6845149014
655,6.474403,6.6813709014
656,6.512797,6.6778959859
657,6.562968,6.6737153662
658,6.598536,6.6689357887
659,6.60811,6.6641411408
660,6.603653,6.6599926761
661,6.606691,6.6568592535
662,6.627151,6.6547140563
663,6.655496,6.6531941549
664,6.673719,6.6516014366
665,6.671758,6.6488154789
666,6.654938,6.6433496056
667,6.640182,6.6338165211
668,6.646403,6.6198402535
669,6.683792,6.6030123662
670,6.745799,6.5869323662
671,6.809482,6.5756412535
672,6.847472,6.5715086197
673,6.845591,6.5737950845
674,6.81329,6.5736583944
675,6.777604,6.608600831
676,6.763545,6.6283294366
677,6.776611,6.6391588451
678,6.802875,6.6397629718
679,6.824955,6.6308272817
680,6.836741,6.6155732958
681,6.843684,6.598108493
682,6.851934,6.5812401831
683,6.860126,6.5658188028
684,6.862291,6.5517800845
685,6.856617,6.5394491831
686,6.848881,6.5298367324
687,6.846631,6.5237368592
688,6.851068,6.5206638732
689,6.856095,6.5187792676
690,6.855649,6.5158683521
691,6.850819,6.5105532676
692,6.848548,6.5028720986
693,6.853267,6.4938610282
694,6.860723,6.484592
695,6.860664,6.4755610845
696,6.845587,6.466790493
697,6.817493,6.4582560282
698,6.787553,6.4501528873
699,6.769231,6.4428392817
700,6.769003,6.4366044225
701,6.780476,6.4315246901
702,6.786905,6.4275398451
703,6.772119,6.4246208169
704,6.732723,6.4227940423
705,6.681811,6.4219644225
706,6.639891,6.4217415211
707,6.619083,6.4215237606
708,6.613059,6.4208610704
709,6.600528,6.4198193521
710,6.558917,6.4190264789
711,6.479635,6.4193613803
712,6.378589,6.421529169
713,6.296765,6.4257417324
714,6.284097,6.4315481972
715,6.367153,6.437846507
716,6.522067,6.4432054085
717,6.680736,6.4464994789
718,6.768843,6.4475241127
719,6.746678,6.4471738873
720,6.62845,6.447046338
721,6.471854,6.4486647465
722,6.342326,6.4527392113
723,6.272674,6.4589301831
724,6.250122,6.4662889155
725,6.241407,6.4740060563
726,6.227684,6.4818460282
727,6.215973,6.4899997746
728,6.223618,6.4986190282
729,6.258116,6.5074901831
730,6.313569,6.5160872535
731,6.38118,6.523867493
732,6.454382,6.5305200845
733,6.519238,6.5360447465
734,6.542413,6.5407586338
735,6.475916,6.5453581831
736,6.283681,6.5509963803
737,5.978089,6.5591746056
738,5.647867,6.5712536901
739,5.451623,6.5875642254
740,5.542112,6.6064713944
741,5.94413,6.6243201831
742,6.516065,6.6369841127
743,7.009811,6.6420090986
744,6.835886,6.640118831
745,9.294203,6.6402373944
746,8.178335,6.6049784225
747,7.532433,6.5846723662
748,6.819504,6.5729240845
749,6.168441,6.5709613099
750,5.741922,6.5781187746
751,5.59674,6.5913092817
752,5.646034,6.6065040141
753,5.757016,6.620771507
754,5.863377,6.6330084507
755,5.986797,6.6431629577
756,6.174133,6.651137493
757,6.41579,6.6564270704
758,6.628449,6.6587155211
759,6.717261,6.6586303521
760,6.64942,6.657721338
761,6.478278,6.6576301408
762,6.305456,6.6591390704
763,6.208762,6.6618359437
764,6.195166,6.664682662
765,6.219528,6.6669878451
766,6.237952,6.6688640986
767,6.23964,6.6708591408
768,6.24217,6.6732838592
769,6.268287,6.675851831
770,6.326556,6.6778268451
771,6.408342,6.6784696761
772,6.497552,6.6774105493
773,6.579654,6.6747223099
774,6.642418,6.6707867324
775,6.67382,6.6661836338
776,6.665985,6.6616413803
777,6.62443,6.6578614366
778,6.572032,6.6551304366
779,6.539097,6.6529620986
780,6.544234,6.6501337746
781,6.582695,6.6452238169
782,6.633548,6.6373760845
783,6.677681,6.6268605211
784,6.709024,6.6151266056
785,6.731277,6.6042691549
786,6.747635,6.59609
787,6.755946,6.5911751268
788,6.753485,6.5882391831
789,6.743977,6.5833936479
790,6.737622,6.5676859859
791,6.743357,6.499837507
792,6.761141,6.4319082535
793,6.781885,6.479428831
794,6.795144,6.4865673521
795,6.798039,6.4744396761
796,6.798045,6.4542499014
797,6.8066,6.4352960845
798,6.82794,6.422480493
799,6.85347,6.4159564789
800,6.868508,6.4130710563
801,6.865966,6.4104049859
802,6.853514,6.4052937042
803,6.846633,6.3967724085
804,6.853924,6.3857112394
805,6.868981,6.3739408028
806,6.876228,6.3629458592
807,6.864335,6.3532039014
808,6.835704,6.3444161127
809,6.805915,6.3360546338
810,6.794032,6.3277705352
811,6.809376,6.3195837324
812,6.843269,6.3118804648
813,6.872839,6.3052017746
814,6.875602,6.2998968873
815,6.844304,6.2958695634
816,6.790816,6.2926053944
817,6.736605,6.2894582394
818,6.698305,6.285997
819,6.680147,6.2821761408
820,6.676621,6.2782475211
821,6.678448,6.2745732254
822,6.675566,6.2715399014
823,6.659026,6.2695553099
824,6.625839,6.2689536901
825,6.584347,6.2697731408
826,6.552989,6.2715991268
827,6.549693,6.2736776479
828,6.57827,6.2752742676
829,6.622402,6.276033493
830,6.652721,6.2760968732
831,6.642945,6.2759631831
832,6.585412,6.2762640563
833,6.496934,6.2775894648
834,6.410879,6.2803579859
835,6.358834,6.2846876197
836,6.352742,6.2903059437
837,6.3796,6.2966115493
838,6.411795,6.3029295211
839,6.424496,6.3088307324
840,6.408513,6.3143039859
841,6.372197,6.319668831
842,6.333144,6.3253074366
843,6.306687,6.3314203239
844,6.300228,6.3379640704
845,6.315598,6.3447495775
846,6.35132,6.3515588732
847,6.397609,6.3582046761
848,6.430529,6.3645969718
849,6.41808,6.3708807324
850,6.338286,6.3775627887
851,6.195627,6.3854679718
852,6.025506,6.3954516338
853,5.886943,6.4079386479
854,5.844573,6.4224735775
855,5.938145,6.4375578028
856,6.150557,6.451042493
857,6.398679,6.4610605493
858,6.547494,6.4670625211
859,6.409452,6.4705579296
860,5.628733,6.4757876056
861,1.92038,6.4920005493
862,1.92038,6.5605411408
863,10.135102,6.6291538732
864,7.28872,6.5819959155
865,5.934079,6.5746880563
866,5.364565,6.5861391972
867,5.452324,6.6053603662
868,5.896693,6.6232589155
869,6.364735,6.634912493
870,6.648605,6.6398629859
871,6.679217,6.6403497746
872,6.503065,6.6395815915
873,6.248502,6.6404383521
874,6.06129,6.6444600563
875,6.018223,6.651351169
876,6.08834,6.6594633521
877,6.184549,6.6670089859
878,6.240402,6.6729892113
879,6.242039,6.6773463099
880,6.217744,6.6806264648
881,6.212769,6.6834866197
882,6.262444,6.6862331831
883,6.369082,6.6886117042
884,6.496192,6.6900279155
885,6.589662,6.6900657042
886,6.612548,6.6888733521
887,6.567368,6.6870839577
888,6.490857,6.6853221549
889,6.427024,6.6836961268
890,6.401215,6.681732831
891,6.415746,6.6788575915
892,6.463082,6.6749870141
893,6.53466,6.6706557183
894,6.616311,6.6665615352
895,6.68402,6.6630179437
896,6.713992,6.6598338169
897,6.700564,6.6566077746
898,6.663053,6.6530544648
899,6.632175,6.6490712535
900,6.626902,6.6445309296
901,6.643229,6.6390054085
902,6.664307,6.6316642958
903,6.679516,6.6214317746
904,6.693499,6.6073422254
905,6.718283,6.5891098732
906,6.757735,6.568118338
907,6.80044,6.5490140423
908,6.828176,6.5423202535
909,6.830781,6.5822160563
910,6.813097,6.622075169
911,6.789417,6.5309456761
912,6.772538,6.5011911268
913,6.767159,6.4882831127
914,6.771293,6.4838406338
915,6.781999,6.4836033239
916,6.799058,6.4854574507
917,6.823172,6.4883945211
918,6.851462,6.4914389577
919,6.876676,6.4928655634
920,6.892506,6.4901116901
921,6.899554,6.4805452676
922,6.904467,6.462984662
923,6.912084,6.4393654225
924,6.918923,6.4148073521
925,6.915553,6.3946455775
926,6.895558,6.3812860986
927,6.861839,6.3740488592
928,6.824819,6.370733169
929,6.795668,6.3690640423
930,6.780759,6.3674397606
931,6.779852,6.3650386761
932,6.786762,6.3615971831
933,6.791884,6.3571920563
934,6.786887,6.3521496761
935,6.769862,6.3469790282
936,6.74711,6.3422067606
937,6.729268,6.3381479155
938,6.723121,6.3347684225
939,6.724097,6.3317637606
940,6.71622,6.3288315775
941,6.683167,6.3259666197
942,6.624676,6.323549
943,6.563895,6.3221025493
944,6.534043,6.3218560704
945,6.550559,6.3224787183
946,6.594188,6.3233051408
947,6.62408,6.3239262254
948,6.609145,6.3246110282
949,6.549756,6.3261485211
950,6.47493,6.3292328028
951,6.420815,6.3339089577
952,6.407775,6.3395116761
953,6.431319,6.3450942394
954,6.469633,6.3499729859
955,6.498875,6.3539942254
956,6.505005,6.3574147183
957,6.485501,6.3606030986
958,6.44228,6.363878
959,6.375409,6.3676154648
960,6.28763,6.3724273803
961,6.197073,6.3790601972
962,6.140935,6.3879242394
963,6.15556,6.3986134789
964,6.243973,6.4099142535
965,6.364716,6.4204258169
966,6.457947,6.4293494507
967,6.484943,6.4368443521
968,6.448279,6.4437451408
969,6.380245,6.4509093099
970,6.309812,6.4586876479
971,6.23459,6.4669356197
972,6.12201,6.4755689437
973,5.937798,6.485164831
974,5.679158,6.4970426479
975,5.399002,6.512679169
976,5.227884,6.532701831
977,5.40133,6.5556686338
978,6.325181,6.5766067183
979,9.660778,6.5846895634
980,9.660778,6.5456115211
981,0.342903,6.5059930423
982,4.676844,6.5968033803
983,5.856069,6.6257342394
984,6.451743,6.6374860704
985,6.754444,6.6407075634
986,6.913642,6.6398517746
987,7.00759,6.636968507
988,7.039327,6.6327252113
989,6.952751,6.6276648732
990,6.681151,6.6232680845
991,6.21329,6.6222085775
992,5.652751,6.6274805352
993,5.227501,6.6405514648
994,5.168461,6.6594244085
995,5.487437,6.6786299718
996,5.96703,6.6925671127
997,6.381714,6.6990037465
998,6.626425,6.699231831
999,6.706311,6.6961211127
1000,6.680344,6.6922439437
1001,6.610282,6.6889994789
1002,6.535506,6.6867299296
1003,6.473998,6.6853080141
1004,6.433875,6.6846216479
1005,6.419771,6.6846813662
1006,6.431031,6.6854080423
1007,6.458932,6.6863113239
1008,6.489324,6.6862820423
1009,6.50979,6.6837094366
1010,6.515912,6.6770999437
1011,6.512808,6.6661708592
1012,6.511516,6.6528192394
1013,6.521978,6.6407044789
1014,6.546395,6.6331019718
1015,6.578251,6.6311089577
1016,6.609235,6.6337728169
1017,6.638285,6.6391597324
1018,6.672701,6.6449681972
1019,6.718307,6.6484132113
1020,6.76874,6.6460880563
1021,6.806937,6.6346083521
1022,6.818608,6.6122468451
1023,6.804137,6.5811241549
1024,6.77771,6.5481690141
1025,6.755141,6.5215457042
1026,6.74173,6.5053993803
1027,6.73138,6.4963670986
1028,6.718019,6.4949831127
1029,6.70764,6.4952436197
1030,6.717055,6.4934229155
1031,6.75856,6.4875287606
1032,6.82642,6.4777440704
1033,6.899871,6.4659638451
1034,6.957915,6.4543990423
1035,6.990294,6.4442979577
1036,6.998294,6.4357
1037,6.990085,6.4279668592
1038,6.974899,6.4203576338
1039,6.956935,6.4122757465
1040,6.932507,6.4033297606
1041,6.895418,6.3934782958
1042,6.847556,6.3831935915
1043,6.803318,6.3733020986
1044,6.781123,6.3644338169
1045,6.789351,6.3565518873
1046,6.820611,6.3490579718
1047,6.858527,6.3413710423
1048,6.887934,6.3334278732
1049,6.899063,6.3257218873
1050,6.886237,6.3189733803
1051,6.847866,6.3137685634
1052,6.790437,6.3103483099
1053,6.730935,6.3085065352
1054,6.690449,6.3075766901
1055,6.680469,6.3066050423
1056,6.693683,6.3047481408
1057,6.70893,6.3016976761
1058,6.706316,6.2978286479
1059,6.680043,6.2939664085
1060,6.640579,6.2909570141
1061,6.605926,6.2893075634
1062,6.587599,6.2890588592
1063,6.580787,6.2899271831
1064,6.56748,6.2916250423
1065,6.532056,6.2941313662
1066,6.476974,6.2976682676
1067,6.424031,6.3023658592
1068,6.397908,6.3079068873
1069,6.405564,6.3135233944
1070,6.431032,6.3184245775
1071,6.449987,6.3223153239
1072,6.449144,6.3255641268
1073,6.43455,6.3289006901
1074,6.425266,6.3329107324
1075,6.438115,6.3377002394
1076,6.471365,6.3429284648
1077,6.495164,6.3481731268
1078,6.456853,6.3534333662
1079,6.306669,6.359493507
1080,6.040516,6.3678569155
1081,5.739947,6.3800597887
1082,5.564843,6.3964610563
1083,5.651368,6.415181338
1084,5.9822,6.4324699437
1085,6.404891,6.4448405634
1086,6.767385,6.4509219859
1087,6.991706,6.451463507
1088,7.050686,6.4483900986
1089,6.917297,6.4441754789
1090,6.553221,6.4418115634
1091,5.953681,6.444847662
1092,5.21927,6.4568267606
1093,4.608897,6.4797751408
1094,4.464322,6.5119294789
1095,4.887455,6.5464796056
1096,5.608752,6.5749302535
1097,6.100438,6.5925192958
1098,6.633117,6.6021799859
1099,6.736515,6.6035048169
1100,6.57837,6.6030584507
1101,6.29857,6.6050158732
1102,6.063847,6.6112550563
1103,5.990024,6.6209896338
1104,6.07877,6.6317159437
1105,6.240738,6.6410015915
1106,6.379839,6.6477475775
1107,6.449241,6.6521550423
1108,6.44983,6.6549889014
1109,6.401085,6.6570172958
1110,6.32177,6.6589128592
1111,6.233053,6.6613442817
1112,6.165204,6.664890662
1113,6.14526,6.6697446761
1114,6.17367,6.6755221831
1115,6.221506,6.6814399296
1116,6.257283,6.686712662
1117,6.274839,6.6908051972
1118,6.294562,6.6934128451
1119,6.340809,6.6943499718
1120,6.419919,6.6935501831
1121,6.516695,6.6911752394
1122,6.605028,6.6876737183
1123,6.659671,6.6837046338
1124,6.664916,6.679986338
1125,6.621462,6.6771317042
1126,6.548629,6.675452831
1127,6.4771,6.6747490141
1128,6.434229,6.6742269296
1129,6.432097,6.6727489155
1130,6.466376,6.6694135493
1131,6.523468,6.6641447324
1132,6.588268,6.6578013239
1133,6.64925,6.6516020563
1134,6.701335,6.6462817746
1135,6.745429,6.6416492817
1136,6.783176,6.6367795915
1137,6.810503,6.6305777183
1138,6.817444,6.6223399718
1139,6.79668,6.6120913803
1140,6.753548,6.6007000704
1141,6.707275,6.5898662254
1142,6.680652,6.5819592676
1143,6.68604,6.5798216479
1144,6.719263,6.5967761972
1145,6.765321,6.5966278028
1146,6.809319,6.6015108592
1147,6.843736,6.6062933944
1148,6.868641,6.6075800704
1149,6.887123,6.6033772535
1150,6.900471,6.5934313803
1151,6.90692,6.5789794507
1152,6.904437,6.5620422676
1153,6.893983,6.5448427042
1154,6.878859,6.5295462535
1155,6.860514,6.517898662
1156,6.836672,6.5105793944
1157,6.805833,6.5067751127
1158,6.773494,6.5044621549
1159,6.751448,6.501334507
1160,6.749459,6.4959238592
1161,6.768784,6.4882830845
1162,6.804197,6.4796820282
1163,6.848605,6.4714720986
1164,6.891855,6.4641321127
1165,6.917381,6.4572622817
1166,6.907451,6.4502996338
1167,6.857574,6.4432227465
1168,6.786347,6.4366779437
1169,6.72718,6.4314705915
1170,6.704823,6.4278974789
1171,6.717347,6.4255177887
1172,6.741552,6.4234998169
1173,6.755002,6.4211443521
1174,6.751592,6.4181652817
1175,6.738051,6.4146681127
1176,6.719703,6.4110059155
1177,6.692769,6.4076480423
1178,6.650445,6.4050694648
1179,6.593846,6.4036410141
1180,6.53567,6.4035453803
1181,6.494401,6.4047428873
1182,6.484846,6.4069683662
1183,6.509839,6.4097520704
1184,6.555463,6.412523338
1185,6.59383,6.4148409155
1186,6.59587,6.4166495634
1187,6.547853,6.4183676479
1188,6.459982,6.4207201268
1189,6.361098,6.4244240282
1190,6.284024,6.4298993099
1191,6.251298,6.4371090986
1192,6.268087,6.4455615775
1193,6.323223,6.4544735211
1194,6.395672,6.4630384648
1195,6.462237,6.4706743944
1196,6.502262,6.4771477183
1197,6.498658,6.482587493
1198,6.440032,6.4874706197
1199,6.32929,6.4925808169
1200,6.195286,6.4988265493
1201,6.09229,6.5068415352
1202,6.073086,6.5165329577
1203,6.14812,6.5269775634
1204,6.27151,6.5369132817
1205,6.372428,6.5454990704
1206,6.399681,6.5527244789
1207,6.342843,6.5592596056
1208,6.225623,6.566026338
1209,6.089794,6.5738306761
1210,5.987897,6.5831436901
1211,5.984345,6.593874
1212,6.145881,6.6050194507
1213,6.528881,6.6144224366
1214,7.889813,6.6187943944
1215,6.708727,6.6039180141
1216,7.112018,6.6051168732
1217,7.148879,6.5998434085
1218,6.93509,6.5934136479
1219,6.570241,6.589791493
1220,6.180966,6.5915380563
1221,5.874384,6.5991833803
1222,5.70438,6.6114267465
1223,5.683268,6.6259808028
1224,5.807935,6.6403361549
1225,6.05188,6.6521595493
1226,6.340846,6.6597430563
1227,6.566568,6.6626884225
1228,6.641613,6.6622748028
1229,6.551431,6.6609745634
1230,6.367292,6.6612498169
1231,6.206964,6.6642690141
1232,6.158109,6.669311662
1233,6.221292,6.6743611127
1234,6.327466,6.677549831
1235,6.404097,6.6783212817
1236,6.423033,6.6775167042
1237,6.404992,6.6765817887
1238,6.392893,6.6765822535
1239,6.416625,6.6776719577
1240,6.473489,6.679277831
1241,6.535865,6.6806965634
1242,6.574071,6.6814729859
1243,6.574314,6.6812123239
1244,6.543488,6.6791119437
1245,6.503293,6.6738703662
1246,6.478035,6.6644427746
1247,6.481294,6.6514497887
1248,6.50969,6.6379951127
1249,6.549025,6.6282461972
1250,6.587056,6.6246014366
1251,6.620693,6.6262983662
1252,6.65241,6.6300477606
1253,6.682489,6.6315789718
1254,6.706599,6.6273145915
1255,6.720011,6.6157326338
1256,6.722244,6.5979562535
1257,6.717854,6.5771146056
1258,6.714879,6.5567264507
1259,6.722959,6.5396218451
1260,6.749843,6.5290015915
1261,6.795919,6.5365307042
1262,6.851424,6.5434108592
1263,6.900835,6.5019901268
1264,6.931334,6.4759045915
1265,6.937823,6.4568720141
1266,6.921843,6.4422083803
1267,6.888486,6.4306920563
1268,6.84536,6.4220133239
1269,6.802856,6.4161318451
1270,6.772737,6.4125046197
1271,6.76435,6.4098307746
1272,6.780381,6.4065229577
1273,6.814653,6.4014468732
1274,6.853556,6.394326
1275,6.881101,6.3856034085
1276,6.885432,6.376045338
1277,6.863675,6.3664531831
1278,6.823281,6.3575335493
1279,6.779731,6.3497760282
1280,6.751018,6.3433100282
1281,6.749749,6.3378608592
1282,6.775672,6.3328741127
1283,6.813493,6.3277535634
1284,6.83929,6.3221258873
1285,6.83359,6.3160530563
1286,6.793846,6.3100651127
1287,6.737602,6.304895338
1288,6.692366,6.3010142676
1289,6.677917,6.2983151127
1290,6.694247,6.2962402254
1291,6.723784,6.2942428451
1292,6.743663,6.2921832113
1293,6.737718,6.2903596338
1294,6.702498,6.2892045493
1295,6.647396,6.2889082958
1296,6.590309,6.2892378732
1297,6.549967,6.2896662254
1298,6.537201,6.2897270423
1299,6.549296,6.2893537324
1300,6.570974,6.2889555352
1301,6.581655,6.2891914648
1302,6.564992,6.2906483521
1303,6.51662,6.2936367606
1304,6.447691,6.2981336056
1305,6.382239,6.3038013803
1306,6.346972,6.3100686479
1307,6.356654,6.3163074225
1308,6.405025,6.3220715775
1309,6.470262,6.3272397042
1310,6.530642,6.3319322394
1311,6.574219,6.3362894507
1312,6.590991,6.3403594507
1313,6.555564,6.344266662
1314,6.425187,6.3485808028
1315,6.171336,6.354565338
1316,5.833934,6.3639269014
1317,5.555533,6.3778748592
1318,5.526012,6.3957465493
1319,5.817517,6.4143174789
1320,6.290247,6.4292889296
1321,6.707538,6.4380780845
1322,6.8869,6.4411366338
1323,6.761126,6.4413505915
1324,6.379718,6.4426932817
1325,5.88428,6.4487891549
1326,5.457888,6.4615903239
1327,5.242487,6.480522338
1328,5.270295,6.5027544789
1329,5.500452,6.5246605493
1330,5.968921,6.5430584648
1331,7.28441,6.5544445775
1332,7.28441,6.5470705775
1333,3.910552,6.5398173803
1334,5.048762,6.5804097465
1335,5.580021,6.6051535352
1336,5.896705,6.6221753944
1337,6.104184,6.6340680423
1338,6.272296,6.642194169
1339,6.427775,6.6472615915
1340,6.545323,6.6497882958
1341,6.582894,6.6506093099
1342,6.529495,6.6509827465
1343,6.419979,6.6521882817
1344,6.309071,6.6549922394
1345,6.234252,6.6594074789
1346,6.202478,6.6648644507
1347,6.204389,6.670576507
1348,6.230381,6.6758524366
1349,6.272497,6.6803047042
1350,6.320645,6.6839511831
1351,6.364127,6.6871182535
1352,6.39569,6.690142493
1353,6.412113,6.6931022113
1354,6.413928,6.695800169
1355,6.408119,6.6979207324
1356,6.408446,6.6991061549
1357,6.426792,6.6988910282
1358,6.462046,6.696735
1359,6.500726,6.6923472394
1360,6.5306,6.6860890141
1361,6.552433,6.6789878732
1362,6.57755,6.6721938732
1363,6.614189,6.6662998169
1364,6.655707,6.6611211268
1365,6.681464,6.6560506338
1366,6.670796,6.6505962254
1367,6.620722,6.6447101268
1368,6.554285,6.6388487042
1369,6.510696,6.6338948732
1370,6.521024,6.63093
1371,6.587725,6.6306854648
1372,6.685094,6.6327812958
1373,6.777169,6.6352499859
1374,6.835896,6.6346889014
1375,6.850103,6.6269073239
1376,6.827215,6.607461169
1377,6.789925,6.5700848169
1378,6.765909,6.5332336761
1379,6.771962,6.4967207887
1380,6.803432,6.5050419577
1381,6.840004,6.4946532958
1382,6.863189,6.4770929296
1383,6.868403,6.4563705211
1384,6.861868,6.4348066338
1385,6.850089,6.4136178451
1386,6.836007,6.3932076056
1387,6.824239,6.3739497887
1388,6.824423,6.3569579014
1389,6.844548,6.3440189014
1390,6.88049,6.3365425775
1391,6.914277,6.3344509859
1392,6.924695,6.3359694366
1393,6.902091,6.3383456479
1394,6.856457,6.3389439718
1395,6.812525,6.3361411972
1396,6.793163,6.3296424085
1397,6.802061,6.3201981972
1398,6.820969,6.3091177746
1399,6.825626,6.2979539155
1400,6.806704,6.2882363099
1401,6.777335,6.2809780282
1402,6.760856,6.2761600563
1403,6.769433,6.2727023944
1404,6.79261,6.2691005775
1405,6.805571,6.2643609296
1406,6.788573,6.2586250282
1407,6.741083,6.2530645352
1408,6.681139,6.2491005775
1409,6.632083,6.2474826761
1410,6.607171,6.2478663521
1411,6.603615,6.2491164225
1412,6.609408,6.2500306479
1413,6.615088,6.2499600986
1414,6.61906,6.248969
1415,6.622553,6.2475566056
1416,6.621697,6.2462765211
1417,6.608034,6.2455610423
1418,6.57898,6.2457314085
1419,6.546492,6.2469727887
1420,6.531397,6.2492077746
1421,6.545507,6.252053493
1422,6.578848,6.2550315634
1423,6.60583,6.257914169
1424,6.603668,6.260893493
1425,6.564488,6.2644241408
1426,6.492284,6.2689148169
1427,6.393172,6.2745617324
1428,6.273714,6.2814231549
1429,6.150515,6.2895506761
1430,6.056392,6.298923662
1431,6.026419,6.3091891972
1432,6.070059,6.3195391972
1433,6.159072,6.3290260845
1434,6.246502,6.3371472113
1435,6.295702,6.344190338
1436,6.294201,6.3510697465
1437,6.252883,6.3588229437
1438,6.204561,6.3680820704
1439,6.202563,6.378688338
1440,6.30019,6.3895128732
1441,6.503662,6.3986753239
1442,6.736529,6.4043853099
1443,6.860371,6.4061388873
1444,6.737332,6.4054989859
1445,6.283404,6.406000338
1446,5.469426,6.4124057183
1447,4.173494,6.4299968592
1448,4.173494,6.465858831
1449,4.173494,6.5019864648
1450,7.362765,6.5384576338
1451,6.065837,6.5302781408
1452,5.593218,6.5405134085
1453,5.391898,6.5574457042
1454,5.337367,6.5771237183
1455,5.357464,6.597294831
1456,5.400962,6.616727493
1457,5.468702,6.6350190563
1458,5.617815,6.6518858028
1459,5.905754,6.6662913944
1460,6.313729,6.6763720423
1461,6.731987,6.6805299155
1462,7.022087,6.6787476197
1463,7.093406,6.6729137465
1464,6.944572,6.6659873521
1465,6.65746,6.6606859437
1466,6.351111,6.6584955493
1467,6.122624,6.6594654789
1468,6.015351,6.6627173803
1469,6.028335,6.6671198873
1470,6.135676,6.671623831
1471,6.291366,6.6753272817
1472,6.435259,6.6776142254
1473,6.515362,6.6783938451
1474,6.513704,6.6782235915
1475,6.456095,6.6781710563
1476,6.398322,6.6793319577
1477,6.393778,6.6820127183
1478,6.459642,6.684990507
1479,6.566268,6.6855804366
1480,6.659324,6.6808092958
1481,6.695926,6.6692251831
1482,6.668525,6.6524067746
1483,6.604399,6.634840169
1484,6.54472,6.6213420282
1485,6.51878,6.6141203944
1486,6.531667,6.6123285493
1487,6.570898,6.6136211549
1488,6.62013,6.6158164085
1489,6.667118,6.6177088873
1490,6.705176,6.6189899155
1491,6.733443,6.6196337887
1492,6.75695,6.6191790845
1493,6.783513,6.6161774507
1494,6.817362,6.6076235775
1495,6.854344,6.5861494507
1496,6.883326,6.5641544507
1497,6.893215,6.6109989437
1498,6.880333,6.6219910845
1499,6.850768,6.6233171972
1500,6.815997,6.6201727042
1501,6.785245,6.6149710986
1502,6.761269,6.6089909155
1503,6.743628,6.6027376056
1504,6.735672,6.5962495352
1505,6.746564,6.5894009155
1506,6.78414,6.5820342676
1507,6.844678,6.5739564085
1508,6.910281,6.5650200704
1509,6.957606,6.5553493662
1510,6.971105,6.5454577465
1511,6.950724,6.5360215352
1512,6.909071,6.5274485915
1513,6.861033,6.5196518592
1514,6.814938,6.5122594225
1515,6.772928,6.5050623521
1516,6.738186,6.4982653944
1517,6.718397,6.4923024085
1518,6.719694,6.4874241127
1519,6.738556,6.4834707606
1520,6.762947,6.4799849859
1521,6.782021,6.4764646479
1522,6.792541,6.472530493
1523,6.795411,6.4680095775
1524,6.789037,6.463031831
1525,6.769516,6.4580894085
1526,6.737183,6.453890662
1527,6.699663,6.4510068028
1528,6.666241,6.449580507
1529,6.640612,6.4493535634
1530,6.62148,6.4499443803
1531,6.608938,6.451052169
1532,6.605444,6.4524017746
1533,6.607882,6.4536208592
1534,6.601632,6.4543719718
1535,6.568172,6.4547367042
1536,6.501942,6.455446662
1537,6.419976,6.4575932676
1538,6.353509,6.4619383662
1539,6.327929,6.4683641972
1540,6.348115,6.4758825352
1541,6.398621,6.4831458873
1542,6.453739,6.4890969296
1543,6.490612,6.493419
1544,6.503274,6.4965771972
1545,6.509974,6.4993879859
1546,6.538519,6.5023618873
1547,6.588656,6.5053817465
1548,6.605201,6.5081537324
1549,6.501527,6.5111545493
1550,6.227517,6.5161577606
1551,5.836852,6.5256341408
1552,5.501819,6.5411384507
1553,5.421296,6.5615788592
1554,5.646031,6.5829332535
1555,6.031984,6.600513338
1556,6.391559,6.6118659718
1557,6.623442,6.6174552394
1558,6.726761,6.6194119859
1559,6.754496,6.6199962535
1560,6.758071,6.6206658451
1561,6.750891,6.6219402817
1562,6.701159,6.6238658169
1563,6.543834,6.6267059437
1564,6.176188,6.6315708873
1565,5.292699,6.6411481831
1566,5.292699,6.6626849155
1567,10.209285,6.6839260282
1568,7.673657,6.6358125493
1569,6.974487,6.6233050141
1570,6.627509,6.6203535493
1571,6.446683,6.6218195915
1572,6.360652,6.6253822394
1573,6.317284,6.6299392958
1574,6.282975,6.6351693099
1575,6.24942,6.6410702254
1576,6.223532,6.6475251408
1577,6.210612,6.6541631831
1578,6.210198,6.6605256197
1579,6.223661,6.6662599155
1580,6.255301,6.6711351831
1581,6.301134,6.6749788732
1582,6.342045,6.6777272817
1583,6.355503,6.6795638169
1584,6.33617,6.6809485211
1585,6.303946,6.6824387324
1586,6.290344,6.6843845634
1587,6.314814,6.6866842817
1588,6.372038,6.688800507
1589,6.439006,6.6901053944
1590,6.491066,6.6903487606
1591,6.513003,6.6898707887
1592,6.502696,6.6893303099
1593,6.471556,6.6891287887
1594,6.441991,6.6890049155
1595,6.438125,6.6881394366
1596,6.471405,6.6857226056
1597,6.532429,6.6816062535
1598,6.598396,6.6765263239
1599,6.650128,6.6716572817
1600,6.68256,6.6678699014
1601,6.700133,6.6653012254
1602,6.70476,6.6634448028
1603,6.691999,6.6615070845
1604,6.661211,6.6586676056
1605,6.627528,6.6541027746
1606,6.618579,6.646964507
1607,6.654351,6.6366304085
1608,6.728478,6.6232464648
1609,6.809743,6.6080187465
1610,6.861731,6.5926035775
1611,6.863813,6.5777502535
1612,6.821145,6.5616206901
1613,6.760606,6.5323774085
1614,6.714844,6.5904790986
1615,6.70284,6.5949611408
1616,6.721121,6.5898409437
1617,6.752929,6.579244507
1618,6.785467,6.5664367746
1619,6.818259,6.5546271831
1620,6.856755,6.545901169
1621,6.90034,6.5406407324
1622,6.937658,6.5378689437
1623,6.953088,6.5359369155
1624,6.937458,6.5330011831
1625,6.894217,6.5272869859
1626,6.838021,6.5175061408
1627,6.788397,6.5036049577
1628,6.762371,6.4873222113
1629,6.768244,6.4715524507
1630,6.802037,6.458553662
1631,6.848556,6.4487597465
1632,6.887604,6.4412100423
1633,6.902808,6.4347416479
1634,6.889245,6.4288112254
1635,6.856176,6.4234951549
1636,6.821807,6.418933493
1637,6.800818,6.4148687606
1638,6.793228,6.410737831
1639,6.785622,6.4061905634
1640,6.764933,6.4014786479
1641,6.731598,6.3972802394
1642,6.699631,6.3941115915
1643,6.684203,6.3919145211
1644,6.688615,6.3902025211
1645,6.70194,6.3885618592
1646,6.707719,6.3869807887
1647,6.694833,6.3857237465
1648,6.662345,6.3849770141
1649,6.617333,6.3846848028
1650,6.569805,6.3847114085
1651,6.528203,6.3851060282
1652,6.496271,6.3861787746
1653,6.472439,6.3883156761
1654,6.453817,6.3917041268
1655,6.441975,6.3961712254
1656,6.4421,6.4012142535
1657,6.453624,6.4062175634
1658,6.465066,6.4107835493
1659,6.464685,6.4149654225
1660,6.456285,6.4191574507
1661,6.45713,6.4236831268
1662,6.474629,6.4284798732
1663,6.488388,6.4332430986
1664,6.462761,6.4379113944
1665,6.380542,6.4429746197
1666,6.26653,6.4492377887
1667,6.179144,6.4571746479
1668,6.171754,6.4663849718
1669,6.252694,6.4756675352
1670,6.381224,6.4837400423
1671,6.500184,6.4900129155
1672,6.568327,6.4948175493
1673,6.567182,6.4991212958
1674,6.490396,6.5041681127
1675,6.337108,6.5112753662
1676,6.120711,6.5216298873
1677,5.884858,6.5358747606
1678,5.704091,6.5535758592
1679,5.64731,6.572963338
1680,5.715266,6.5914236056
1681,5.807145,6.6068578873
1682,5.718614,6.6192500986
1683,4.744872,6.6319417887
1684,10.885826,6.6583201549
1685,7.033069,6.5988663803
1686,6.339306,6.5945586761
1687,5.968774,6.6005912817
1688,5.84358,6.6117158169
1689,5.946986,6.6237649718
1690,6.198712,6.6332264648
1691,6.483264,6.6383785352
1692,6.703543,6.6396283099
1693,6.800484,6.6387663662
1694,6.744651,6.6379387324
1695,6.53175,6.6390080282
1696,6.199777,6.6432908873
1697,5.851037,6.6512842394
1698,5.632322,6.6622277183
1699,5.642718,6.6739612535
1700,5.84533,6.6838445634
1701,6.106669,6.6904200986
1702,6.312527,6.6940710563
1703,6.428348,6.6960792676
1704,6.481748,6.6973395493
1705,6.511804,6.6978504648
1706,6.532298,6.6971143239
1707,6.533211,6.6948732113
1708,6.507522,6.6914475915
1709,6.470372,6.6874265634
1710,6.451076,6.6831560423
1711,6.466846,6.678674662
1712,6.506624,6.6742474648
1713,6.543639,6.6708648592
1714,6.562651,6.6698780704
1715,6.572128,6.6718570845
1716,6.589684,6.6757666338
1717,6.618469,6.6793338169
1718,6.641815,6.680377169
1719,6.641598,6.6779912958
1720,6.619222,6.6725693803
1721,6.597823,6.6648011127
1722,6.604368,6.6549061268
1723,6.647991,6.6429947324
1724,6.713019,6.629977831
1725,6.770981,6.617645831
1726,6.80003,6.6074380986
1727,6.797335,6.5989276901
1728,6.777809,6.588868169
1729,6.761979,6.5696032254
1730,6.762319,6.5084257183
1731,6.777608,6.4472434225
1732,6.797699,6.4720397746
1733,6.812818,6.4751474366
1734,6.819837,6.4696701831
1735,6.82225,6.4610665634
1736,6.825227,6.452227831
1737,6.830047,6.4442827606
1738,6.833077,6.4371235634
1739,6.830816,6.430009493
1740,6.825842,6.422181507
1741,6.826598,6.413310169
1742,6.841313,6.4036060563
1743,6.873893,6.393566
1744,6.925506,6.383558
1745,6.995011,6.3735583803
1746,7.072279,6.363209507
1747,7.132097,6.352137169
1748,7.141636,6.3403361831
1749,7.080602,6.3284090282
1750,6.957989,6.3174956056
1751,6.8111,6.3088517324
1752,6.686992,6.3032267746
1753,6.619724,6.3003911408
1754,6.617736,6.2991495352
1755,6.664608,6.2978806901
1756,6.727222,6.2953354366
1757,6.767621,6.2912933803
1758,6.758616,6.2866838592
1759,6.69907,6.2830037887
1760,6.618752,6.2813494225
1761,6.564509,6.2817054789
1762,6.571998,6.2829420282
1763,6.642345,6.2834818592
1764,6.741722,6.2821795211
1765,6.820571,6.2788594225
1766,6.835833,6.2743109577
1767,6.767305,6.2699578732
1768,6.628024,6.2674342676
1769,6.465403,6.2680722535
1770,6.344433,6.2723140141
1771,6.312193,6.2793478732
1772,6.365887,6.2873870423
1773,6.45511,6.2945990282
1774,6.517828,6.3000731127
1775,6.518023,6.304136493
1776,6.459538,6.3078836479
1777,6.373179,6.3123548592
1778,6.289992,6.317967338
1779,6.222029,6.3245355634
1780,6.167165,6.3317277042
1781,6.132898,6.3394570986
1782,6.152515,6.3477935211
1783,6.266459,6.3564527465
1784,6.473577,6.3644342254
1785,6.703161,6.3703995634
1786,6.849706,6.3736437042
1787,6.842954,6.3747888873
1788,6.692547,6.3755729577
1789,6.472418,6.3779025775
1790,6.256642,6.3829144225
1791,6.067675,6.3907901268
1792,5.895279,6.4013233521
1793,5.758659,6.4143567042
1794,5.723791,6.4294352113
1795,5.837447,6.4451799718
1796,6.046232,6.4595007324
1797,6.195791,6.470939493
1798,6.083109,6.4801290423
1799,5.409998,6.4906149437
1800,2.418376,6.5103020704
1801,2.418376,6.5719819718
1802,8.538149,6.6336452535
1803,7.018343,6.6091180986
1804,6.423933,6.6059330563
1805,6.20898,6.6109751831
1806,6.1947,6.6188375775
1807,6.261127,6.6266307606
1808,6.321744,6.6331498873
1809,6.327978,6.6384540423
1810,6.275029,6.6433840282
1811,6.195977,6.6489151408
1812,6.137606,6.6555017887
1813,6.128469,6.6627631408
1814,6.163325,6.6697262958
1815,6.215533,6.6754326479
1816,6.260241,6.6794580986
1817,6.286143,6.6820649014
1818,6.294227,6.6839922254
1819,6.294808,6.6860227465
1820,6.305749,6.6885219577
1821,6.344274,6.6912058451
1822,6.411728,6.693326493
1823,6.485662,6.6942117324
1824,6.53157,6.6937927746
1825,6.527648,6.6926988873
1826,6.483895,6.691824
1827,6.440236,6.6916870563
1828,6.440345,6.6920416479
1829,6.497331,6.6919986761
1830,6.58161,6.6905690423
1831,6.644032,6.6872326056
1832,6.652304,6.6821636761
1833,6.610326,6.6760509577
1834,6.549879,6.6696788873
1835,6.505995,6.6635118592
1836,6.49763,6.6575562535
1837,6.526764,6.651639831
1838,6.588129,6.6458793803
1839,6.673321,6.6408419859
1840,6.766568,6.6371162676
1841,6.843837,6.634604338
1842,6.882974,6.6321574085
1843,6.877938,6.6278387465
1844,6.84377,6.6196694085
1845,6.806328,6.6066529014
1846,6.784071,6.5899265775
1847,6.776994,6.5738683944
1848,6.771665,6.5768695493
1849,6.756336,6.5538296761
1850,6.732671,6.5426208028
1851,6.715952,6.5364560282
1852,6.724784,6.5309208451
1853,6.76732,6.5225712676
1854,6.833144,6.5100244085
1855,6.897116,6.4942257042
1856,6.933495,6.477457493
1857,6.931014,6.4620779577
1858,6.898623,6.4499669437
1859,6.85795,6.4423107465
1860,6.828259,6.4391346197
1861,6.815817,6.4389384648
1862,6.815534,6.4391041549
1863,6.820647,6.437067
1864,6.829233,6.4315697183
1865,6.841669,6.4231561127
1866,6.854221,6.4134758451
1867,6.858384,6.403986831
1868,6.848249,6.3952487887
1869,6.827608,6.3871791408
1870,6.807784,6.3796506479
1871,6.797649,6.3728158592
1872,6.796469,6.3670277465
1873,6.796721,6.3625535634
1874,6.792205,6.3593169577
1875,6.781924,6.3568093662
1876,6.76721,6.3542470986
1877,6.748016,6.3509633099
1878,6.723985,6.3468364366
1879,6.698339,6.3424226901
1880,6.678007,6.3386274648
1881,6.667738,6.3361664366
1882,6.663629,6.335267169
1883,6.653162,6.3357756338
1884,6.622853,6.3374325352
1885,6.568476,6.340015831
1886,6.50134,6.3432677324
1887,6.445324,6.3467515211
1888,6.422983,6.3498537606
1889,6.438394,6.3520514507
1890,6.472252,6.3533258873
1891,6.496305,6.3543710845
1892,6.49484,6.3563151549
1893,6.47458,6.3600871127
1894,6.455916,6.3658701831
1895,6.453904,6.3729910563
1896,6.465531,6.3802880563
1897,6.474172,6.3867219296
1898,6.465412,6.3918590704
1899,6.437294,6.3959587465
1900,6.395827,6.3996983239
1901,6.344723,6.4038317042
1902,6.284138,6.4090259437
1903,6.218301,6.4158200986
1904,6.157909,6.4245129155
1905,6.11202,6.434992831
1906,6.083147,6.4467194789
1907,6.077564,6.4589162535
1908,6.117772,6.4707599859
1909,6.230474,6.4814002394
1910,6.408795,6.4899792394
1911,6.588221,6.4959438873
1912,6.670105,6.499561662
1913,6.576349,6.5021827183
1914,6.297915,6.5059620282
1915,5.919598,6.5131098028
1916,5.618759,6.5248386197
1917,5.64394,6.5401884225
1918,6.990076,6.5549466338
1919,5.135834,6.5509419155
1920,5.960506,6.5735604648
1921,6.294972,6.5851525493
1922,6.322954,6.5924424366
1923,6.131964,6.5993662535
1924,5.876493,6.6085965352
1925,5.711436,6.6208132958
1926,5.706573,6.6348257183
1927,5.841548,6.6487094366
1928,6.071132,6.6608431831
1929,6.355033,6.6699919296
1930,6.632445,6.6744913429
1931,6.814332,6.6751007101
1932,6.827581,6.6730531912
1933,6.670896,6.670746806
1934,6.43034,6.6707445455
1935,6.231867,6.6744430769
1936,6.15437,6.6813583281
1937,6.180501,6.6897232222
1938,6.237983,6.6979364839
1939,6.275304,6.7054767049
1940,6.293085,6.71264625
1941,6.322514,6.7197574576
1942,6.386693,6.7266064828
1943,6.478802,6.7325698772
1944,6.566922,6.7371014464
1945,6.614166,6.7401956182
1946,6.600003,6.7425295
1947,6.534061,6.7452186792
1948,6.455008,6.7492794038
1949,6.410609,6.7550494314
1950,6.428878,6.76193824
1951,6.503274,6.7687353878
1952,6.60389,6.7742658333
1953,6.69973,6.7778908511
1954,6.770802,6.77959
1955,6.806267,6.7797852889
1956,6.799361,6.7791834318
1957,6.748689,6.778714186
1958,6.665583,6.7794290714
1959,6.579019,6.7822058049
1960,6.528879,6.787285475
1961,6.546461,6.7939112821
1962,6.634334,6.8004231316
1963,6.762649,6.804912027
1964,6.885178,6.806086
1965,6.961498,6.8038262286
1966,6.971991,6.7991888235
1967,6.922336,6.7939523939
1968,6.838909,6.7899404063
1969,6.756489,6.7883607742
1970,6.702804,6.7894231667
1971,6.689297,6.7924100345
1972,6.713514,6.7960926429
1973,6.766523,6.7991511111
1974,6.835491,6.8004060385
1975,6.901983,6.79900264
1976,6.944612,6.7947117917
1977,6.949118,6.7881943913
1978,6.918469,6.7808796818
1979,6.87323,6.7743278095
1980,6.839583,6.7693827
1981,6.832285,6.7656879474
1982,6.845083,6.7619881111
1983,6.8562,6.7571001765
1984,6.84468,6.7509064375
1985,6.805407,6.7446548667
1986,6.752344,6.7403154286
1987,6.708595,6.7393901538
1988,6.691773,6.7419564167
1989,6.705741,6.7465185455
1990,6.741751,6.7505963
1991,6.783544,6.7515791111
1992,6.812554,6.7475835
1993,6.814545,6.738302
1994,6.787314,6.7255948333
1995,6.743883,6.713251
1996,6.706318,6.705593
1997,6.692317,6.7053513333
1998,6.703044,6.7118685
1999,6.720693,6.720693
