0,0,0
1,0,0.0404706727
2,0,0.080824097
3,0,0.1210542485
4,0,0.161156903
5,0,0.2011301636
6,0,0.240975
7,0,0.2806956424
8,0,0.3202997152
9,0,0.3597978485
10,0,0.3992027879
11,0,0.4385279697
12,0,0.4777857333
13,0,0.5169854485
14,0,0.5561318303
15,0,0.5952237394
16,0,0.6342536061
17,0,0.6732076485
18,0,0.7120667818
19,0,0.7508082242
20,0,0.7894076364
21,0,0.8278416121
22,0,0.8660903939
23,0,0.904140497
24,0,0.9419869455
25,0,0.9796347758
26,0,1.0170993939
27,0,1.0544056061
28,0,1.0915851576
29,0,1.1286730788
30,0,1.1657032121
31,0,1.2027036303
32,0,1.2396925636
33,0,1.2766753273
34,0,1.3136423091
35,0,1.3505672909
36,0,1.3874039939
37,0,1.4240742667
38,0,1.4604224788
39,0,1.4959714061
40,0,1.5246065515
41,0,1.5645117273
42,0,1.6027534
43,0,1.6405097879
44,0,1.6780306485
45,0,1.7154215394
46,0,1.7527441273
47,0,1.7900412788
48,0,1.8273458788
49,0,1.8646849939
50,0,1.9020824364
51,0,1.9395604
52,0,1.9771402667
53,0,2.0148424727
54,0,2.0526855212
55,0,2.0906844364
56,0,2.1288490727
57,0,2.1671828485
58,0,2.2056822303
59,0,2.2443372545
60,0,2.2831329758
61,0,2.3220516
62,0,2.3610748788
63,0,2.4001863273
64,0,2.4393728545
65,0,2.4786256364
66,0,2.5179401879
67,0,2.5573157697
68,0,2.5967544303
69,0,2.6362599818
70,0,2.6758371818
71,0,2.7154912485
72,0,2.7552277152
73,0,2.7950524424
74,0,2.8349716303
75,0,2.8749915758
76,0,2.9151180909
77,0,2.9553556424
78,0,2.9957063455
79,0,3.0361691636
80,0,3.0767395515
81,0,3.117409697
82,0,3.1581694788
83,0,3.1990078788
84,0,3.2399146242
85,0,3.2808816121
86,0,3.3219038545
87,0,3.3629796545
88,0,3.4041100364
89,0,3.4452975212
90,0,3.4865446
91,0,3.5278522121
92,0,3.5692185939
93,0,3.6106387091
94,0,3.6521043333
95,0,3.6936047333
96,0,3.7351277515
97,0,3.7766610303
98,0,3.8181931879
99,0,3.8597146364
100,0,3.9012180242
101,0,3.9426981576
102,0,3.9841515273
103,0,4.0255755758
104,0,4.0669678242
105,0,4.1083251576
106,0,4.1496433576
107,0,4.1909170061
108,0,4.2321398121
109,0,4.2733052061
110,0,4.3144071273
111,0,4.3554407576
112,0,4.3964030545
113,0,4.4372929394
114,0,4.4781110606
115,0,4.5188592
116,0,4.5595393758
117,0,4.6001528667
118,0,4.6406993333
119,0,4.6811762364
120,0,4.7215787333
121,0,4.7619000303
122,0,4.8021321879
123,0,4.8422671455
124,0,4.8822977576
125,0,4.9222184909
126,0,4.9620256
127,0,5.0017167212
128,0,5.0412899576
129,0,5.0807428303
130,0,5.1200714727
131,0,5.1592705212
132,0,5.1983339394
133,0,5.2372567758
134,0,5.2760374848
135,0,5.3146802727
136,0,5.3531966545
137,0,5.3916056788
138,0,5.4299323455
139,0,5.4682043697
140,0,5.5064477939
141,0,5.5446823394
142,0,5.582917497
143,0,5.6211502667
144,0,5.6593650121
145,0,5.697535497
146,0,5.7356287091
147,0,5.7736097455
148,0,5.8114468364
149,0,5.8491155939
150,0,5.8866016121
151,0,5.9239006606
152,0,5.9610156848
153,0,5.9979494485
154,0,6.0346892485
155,0,6.0711704485
156,0,6.1071482485
157,0,6.1412122667
158,0,6.1874744424
159,0,6.2268897939
160,0,6.2655189636
161,0,6.3038512303
162,0,6.3420144727
163,0,6.3800487273
164,0,6.4179651152
165,6.677661,6.4557668303
166,6.658315,6.4529884061
167,6.637975,6.4502301273
168,6.616938,6.4475197273
169,6.595588,6.4448922606
170,6.574398,6.4423873333
171,6.553906,6.4400448121
172,6.534672,6.4378999697
173,6.517192,6.4359789939
174,6.501815,6.4342961455
175,6.488655,6.432853097
176,6.477531,6.4316407939
177,6.467953,6.4306434424
178,6.459153,6.429843697
179,6.450165,6.4292279636
180,6.439928,6.4287906667
181,6.427417,6.4285366606
182,6.411757,6.4284813212
183,6.392338,6.4286484545
184,6.368903,6.4290665273
185,6.341606,6.4297639818
186,6.311049,6.4307645818
187,6.278267,6.4320834182
188,6.244664,6.4337242182
189,6.211892,6.4356781697
190,6.181662,6.4379243273
191,6.155525,6.4404315212
192,6.134626,6.4431614485
193,6.119507,6.4460727273
194,6.109972,6.4491253818
195,6.105069,6.4522854424
196,6.103174,6.455529103
197,6.102156,6.4588461091
198,6.099552,6.4622420727
199,6.092622,6.4657398424
200,6.078056,6.4693805273
201,6.050595,6.4732261939
202,5.997455,6.4773705818
203,5.865573,6.4819832121
204,4.724799,6.4875516727
205,6.584354,6.5001953515
206,6.309876,6.5017282606
207,6.229804,6.5050737636
208,6.190942,6.5090355697
209,6.169497,6.5133391394
210,6.158227,6.5178495333
211,6.15403,6.5224737697
212,6.155259,6.5271385394
213,6.160954,6.5317837636
214,6.170578,6.5363601273
215,6.183864,6.5408272909
216,6.200678,6.5451521455
217,6.220864,6.5493072182
218,6.244103,6.5532696303
219,6.269821,6.5570208
220,6.297165,6.560546903
221,6.325073,6.5638398
222,6.352398,6.566897897
223,6.378079,6.5697265576
224,6.401294,6.5723376727
225,6.421573,6.5747483091
226,6.438841,6.5769785333
227,6.453389,6.5790488
228,6.465777,6.5809772545
229,6.476709,6.5827774909
230,6.486901,6.5844570242
231,6.496971,6.5860167333
232,6.507379,6.5874512606
233,6.518416,6.5887501394
234,6.530238,6.5898994
235,6.542921,6.590883297
236,6.556517,6.5916858364
237,6.57108,6.5922920121
238,6.586666,6.5926886848
239,6.603291,6.5928652303
240,6.620875,6.5928141212
241,6.639196,6.5925315455
242,6.657866,6.5920180121
243,6.676365,6.591278903
244,6.694114,6.5903245394
245,6.710574,6.5891696667
246,6.725364,6.587832103
247,6.738336,6.5863305879
248,6.749613,6.584682103
249,6.759553,6.5828990909
250,6.76867,6.5809871758
251,6.777507,6.5789438364
252,6.786513,6.5767584848
253,6.795935,6.5744140424
254,6.805768,6.5718899515
255,6.815756,6.5691660909
256,6.825453,6.5662270788
257,6.834319,6.5630661273
258,6.841828,6.5596877455
259,6.847566,6.5561086545
260,6.851298,6.5523565879
261,6.852991,6.5484669939
262,6.852806,6.5444781455
263,6.851039,6.5404255333
264,6.848059,6.5363366667
265,6.844222,6.5322273576
266,6.839806,6.5281002788
267,6.834968,6.5239460061
268,6.829721,6.5197461333
269,6.82396,6.5154774667
270,6.817503,6.5111156061
271,6.810152,6.5066355152
272,6.801763,6.5020038848
273,6.79229,6.4971445939
274,6.781817,6.4917467515
275,6.770549,6.4776192424
276,6.758779,6.4748739394
277,6.746831,6.4714313152
278,6.73499,6.467863
279,6.723443,6.4643119818
280,6.712229,6.4608399697
281,6.701226,6.4574802303
282,6.690167,6.4542537636
283,6.678689,6.4511766606
284,6.666412,6.4482639818
285,6.653014,6.4455314788
286,6.638306,6.4429956121
287,6.622268,6.4406722606
288,6.605051,6.438574697
289,6.586921,6.4367115152
290,6.568173,6.4350852242
291,6.549035,6.4336920667
292,6.529584,6.4325232364
293,6.509724,6.431567303
294,6.489226,6.4308132909
295,6.467843,6.4302535333
296,6.445464,6.4298855394
297,6.422268,6.4297122303
298,6.398817,6.4297404121
299,6.37606,6.4299778545
300,6.355203,6.4304297091
301,6.337489,6.4310953394
302,6.3239,6.4319664727
303,6.314884,6.4330273636
304,6.310165,6.4342570667
305,6.3087,6.435633303
306,6.308801,6.437137097
307,6.308407,6.4387570182
308,6.305433,6.4404920485
309,6.29813,6.4423524788
310,6.28538,6.4443586182
311,6.266871,6.4465376061
312,6.24312,6.448919
313,6.215345,6.4515299515
314,6.185193,6.4543909455
315,6.154343,6.4575129576
316,6.123979,6.4608969515
317,6.094071,6.4645365758
318,6.062067,6.4684253697
319,6.019398,6.472572097
320,5.936337,6.4770374667
321,5.620563,6.4820627818
322,7.633259,6.4890557818
323,6.503533,6.4839030545
324,6.373813,6.4856493273
325,6.324824,6.4882346788
326,6.296935,6.4911709879
327,6.275652,6.4943311818
328,6.256204,6.4976748364
329,6.237283,6.5011884848
330,6.219221,6.5048640788
331,6.203199,6.5086888545
332,6.190759,6.5126403455
333,6.183406,6.516684697
334,6.182275,6.5207776848
335,6.187882,6.5248678909
336,6.200007,6.5289014061
337,6.217711,6.5328271576
338,6.239522,6.5366019455
339,6.263712,6.5401940606
340,6.288625,6.5435849636
341,6.312968,6.5467686848
342,6.335995,6.5497491758
343,6.357557,6.5525364121
344,6.378011,6.5551420364
345,6.398017,6.5575755455
346,6.418286,6.5598417879
347,6.439334,6.5619400848
348,6.46132,6.5638649879
349,6.483983,6.5656082303
350,6.506705,6.5671611515
351,6.528657,6.5685168909
352,6.548999,6.5696717879
353,6.567066,6.5706256606
354,6.582508,6.5713810485
355,6.595349,6.5719417455
356,6.605963,6.5723111455
357,6.614987,6.5724908061
358,6.623195,6.572479703
359,6.631382,6.5722741758
360,6.640273,6.5718685515
361,6.65048,6.5712560788
362,6.66249,6.5704299091
363,6.676684,6.5693838848
364,6.693335,6.5681129879
365,6.712591,6.5666136606
366,6.734419,6.564884097
367,6.758539,6.5629248364
368,6.784369,6.5607396545
369,6.811006,6.5583366606
370,6.837284,6.5557293273
371,6.861884,6.5529369758
372,6.883502,6.5499843697
373,6.901031,6.5469002364
374,6.913712,6.543714703
375,6.921226,6.540456103
376,6.923717,6.5371476667
377,6.921721,6.5338046848
378,6.916054,6.5304328364
379,6.90766,6.5270279091
380,6.897465,6.5235769939
381,6.886265,6.520060897
382,6.874662,6.5164572182
383,6.863046,6.5127433818
384,6.851628,6.5088988788
385,6.840493,6.5049060061
386,6.829659,6.5007483394
387,6.819127,6.4964058303
388,6.808913,6.4918439091
389,6.799049,6.4869883515
390,6.78956,6.4816539879
391,6.780435,6.4752467939
392,6.771584,6.4636055758
393,6.762816,6.4690852788
394,6.753832,6.4684379273
395,6.744253,6.466707903
396,6.733668,6.4645713636
397,6.721694,6.4622519758
398,6.708044,6.4598508606
399,6.692581,6.4574220788
400,6.67534,6.4549981939
401,6.656536,6.4526012303
402,6.636531,6.4502481091
403,6.615796,6.4479536
404,6.594858,6.4457318364
405,6.57425,6.4435970061
406,6.554463,6.4415634424
407,6.535913,6.4396453879
408,6.518895,6.4378566
409,6.50356,6.4362100606
410,6.489876,6.4347178788
411,6.477614,6.4333915273
412,6.466336,6.4322423818
413,6.455416,6.4312824727
414,6.444087,6.4305252727
415,6.431519,6.4299862545
416,6.416924,6.4296830545
417,6.39968,6.4296350364
418,6.37946,6.4298621636
419,6.356331,6.4303831818
420,6.330819,6.4312133273
421,6.303896,6.4323617455
422,6.276886,6.4338291212
423,6.251278,6.4356059636
424,6.228475,6.4376720545
425,6.209515,6.4399974606
426,6.194831,6.4425451758
427,6.184125,6.4452752545
428,6.176376,6.4481496848
429,6.170023,6.4511372606
430,6.163254,6.4542173697
431,6.154351,6.4573821333
432,6.141989,6.4606364242
433,6.125391,6.4639960545
434,6.104253,6.4674848545
435,6.078288,6.4711319636
436,6.045933,6.4749715636
437,5.99998,6.4790500667
438,5.901646,6.4834594485
439,4.450778,6.4885274606
440,6.317574,6.5024610121
441,6.190746,6.5051609818
442,6.158059,6.5087149697
443,6.149072,6.5125537758
444,6.150561,6.5165310364
445,6.157872,6.520576497
446,6.168859,6.5246445273
447,6.182445,6.5286997636
448,6.198097,6.5327117455
449,6.215549,6.5366528848
450,6.234596,6.5404981212
451,6.254953,6.5442256788
452,6.27617,6.5478183636
453,6.297626,6.5512649818
454,6.318583,6.5545612727
455,6.338302,6.5577100242
456,6.356178,6.5607200727
457,6.371855,6.5636041879
458,6.385312,6.5663761333
459,6.396866,6.5690473697
460,6.407124,6.5716240364
461,6.416868,6.5741046788
462,6.426918,6.576479303
463,6.437995,6.5787297758
464,6.450616,6.5808316303
465,6.465032,6.5827568364
466,6.481226,6.5844771455
467,6.498947,6.5859674121
468,6.517785,6.5872084485
469,6.537244,6.5881890061
470,6.556826,6.5889067091
471,6.576088,6.5893678364
472,6.594687,6.5895861515
473,6.612404,6.5895809212
474,6.629143,6.5893744545
475,6.644913,6.5889895758
476,6.659801,6.5884473152
477,6.673927,6.5877651394
478,6.687409,6.5869559333
479,6.700325,6.5860277697
480,6.712702,6.5849843455
481,6.724517,6.5838258485
482,6.735722,6.5825499333
483,6.746277,6.5811524727
484,6.756184,6.579627903
485,6.765514,6.5779691455
486,6.774408,6.5761672
487,6.783059,6.5742107576
488,6.791668,6.5720862121
489,6.800396,6.5697783818
490,6.809315,6.5672720303
491,6.818367,6.5645540485
492,6.827355,6.5616159697
493,6.835956,6.5584560606
494,6.843756,6.5550804788
495,6.850309,6.5515029091
496,6.855195,6.5477425394
497,6.858077,6.5438206606
498,6.858749,6.5397564727
499,6.857159,6.5355629636
500,6.853412,6.5312437576
501,6.847756,6.5267914121
502,6.840551,6.5221872606
503,6.832221,6.5174022061
504,6.823211,6.5123972
505,6.813939,6.5071208182
506,6.804749,6.5014984
507,6.795889,6.4953969212
508,6.787485,6.4884996909
509,6.77954,6.4796189455
510,6.771947,6.4707863515
511,6.764505,6.4712354242
512,6.756943,6.4688305697
513,6.748955,6.4656331212
514,6.740215,6.4621304545
515,6.730402,6.45853
516,6.719215,6.4549470424
517,6.706388,6.4514555091
518,6.691705,6.4481067333
519,6.675023,6.444938
520,6.6563,6.4419770909
521,6.635607,6.4392448848
522,6.613155,6.4367569455
523,6.589283,6.4345243455
524,6.564454,6.4325541515
525,6.539215,6.4308496364
526,6.514162,6.4294104667
527,6.489896,6.4282329333
528,6.466986,6.4273102909
529,6.445946,6.4266331394
530,6.427213,6.4261898303
531,6.411141,6.4259668485
532,6.397984,6.4259491455
533,6.387875,6.4261204424
534,6.380796,6.4264636545
535,6.376546,6.4269614909
536,6.374704,6.4275972485
537,6.37462,6.4283559333
538,6.375418,6.4292255152
539,6.376043,6.4301982667
540,6.375334,6.4312719394
541,6.372125,6.4324506303
542,6.365366,6.4337451333
543,6.354241,6.4351726424
544,6.338259,6.4367557697
545,6.317309,6.4385209515
546,6.291658,6.4404963939
547,6.261879,6.4427098364
548,6.228703,6.4451865212
549,6.192804,6.4479478242
550,6.154478,6.4510110182
551,6.113145,6.4543909576
552,6.06641,6.4581048182
553,6.007746,6.4621827818
554,5.918879,6.4666930364
555,5.732373,6.4718132121
556,4.859634,6.4781288424
557,7.675735,6.4897924788
558,6.656003,6.4844414303
559,6.468378,6.4853178242
560,6.391724,6.4873741455
561,6.350969,6.4899342424
562,6.32551,6.492777503
563,6.307295,6.4958084303
564,6.29264,6.4989802303
565,6.279841,6.5022681394
566,6.268271,6.5056573152
567,6.257937,6.5091363394
568,6.249205,6.5126934606
569,6.242611,6.5163145333
570,6.238712,6.5199820485
571,6.237984,6.5236750303
572,6.240763,6.5273694424
573,6.247216,6.5310389455
574,6.25735,6.5346558121
575,6.271028,6.5381918121
576,6.288005,6.5416190303
577,6.307951,6.5449105636
578,6.330478,6.5480410667
579,6.355149,6.5509871697
580,6.381491,6.5537277939
581,6.409001,6.5562443636
582,6.437156,6.558520903
583,6.465428,6.5605441091
584,6.493305,6.5623033455
585,6.520308,6.5637906606
586,6.546013,6.5650008667
587,6.570065,6.5659317455
588,6.592183,6.5665844182
589,6.612167,6.5669638848
590,6.629888,6.5670796182
591,6.645294,6.5669461879
592,6.658406,6.5665835455
593,6.669326,6.5660168061
594,6.678241,6.5652752242
595,6.68544,6.5643902848
596,6.691309,6.563392903
597,6.696328,6.5623100667
598,6.701043,6.5611614485
599,6.706026,6.5599566364
600,6.711822,6.5586936
601,6.718886,6.5573588303
602,6.727528,6.5559293212
603,6.737868,6.5543761152
604,6.749814,6.5526688788
605,6.763069,6.5507807576
606,6.777154,6.5486926424
607,6.791462,6.5463962121
608,6.80532,6.5438952061
609,6.818062,6.5412047758
610,6.829097,6.5383490788
611,6.837973,6.5353575333
612,6.844422,6.5322603636
613,6.848385,6.5290841273
614,6.850013,6.5258479273
615,6.849643,6.5225607576
616,6.847746,6.5192203273
617,6.844862,6.5158134
618,6.841514,6.5123173455
619,6.838127,6.5087025455
620,6.83496,6.5049348485
621,6.832057,6.5009772061
622,6.829226,6.4967891333
623,6.826066,6.4923216
624,6.822016,6.4875007394
625,6.81643,6.4821764545
626,6.808681,6.4759039939
627,6.798246,6.4657642727
628,6.784801,6.4691025394
629,6.768275,6.4670619879
630,6.748883,6.4641076606
631,6.72712,6.4608475394
632,6.703718,6.4575186545
633,6.679577,6.4542577515
634,6.655665,6.4511575152
635,6.632912,6.4482816485
636,6.61211,6.4456689152
637,6.593824,6.4433345818
638,6.578337,6.441272297
639,6.565638,6.439457503
640,6.55544,6.4378525091
641,6.547242,6.4364127697
642,6.540408,6.4350935273
643,6.534262,6.4338559818
644,6.52816,6.4326721576
645,6.52155,6.4315279939
646,6.513991,6.4304243636
647,6.505141,6.4293761636
648,6.494723,6.428409897
649,6.482489,6.4275602121
650,6.468193,6.4268660545
651,6.451595,6.4263669091
652,6.432509,6.4260995273
653,6.410876,6.4260952727
654,6.386848,6.4263781697
655,6.360848,6.4269636424
656,6.333584,6.4278579273
657,6.30597,6.4290581576
658,6.278985,6.4305533576
659,6.253457,6.4323262364
660,6.229848,6.4343559636
661,6.208085,6.4366215939
662,6.187486,6.4391057636
663,6.16682,6.4417981273
664,6.14449,6.444697897
665,6.118775,6.4478150182
666,6.088071,6.4511698788
667,6.051017,6.4547918121
668,6.006395,6.4587172424
669,5.952608,6.4629888121
670,5.88624,6.4676580121
671,5.798005,6.472796703
672,5.657846,6.4785332303
673,5.322162,6.485178703
674,5.322162,6.4939153576
675,6.846044,6.5027067879
676,6.367704,6.5023159818
677,6.229364,6.5048765091
678,6.171015,6.5083265091
679,6.14614,6.5121794182
680,6.139214,6.5162297758
681,6.143112,6.5203652121
682,6.15384,6.5245154909
683,6.168864,6.5286336242
684,6.186473,6.5326871939
685,6.205486,6.5366536667
686,6.225097,6.5405174606
687,6.244776,6.5442679636
688,6.264201,6.5478980848
689,6.283209,6.5514030727
690,6.301752,6.5547795152
691,6.319869,6.5580244545
692,6.33766,6.5611345515
693,6.355256,6.5641053576
694,6.3728,6.5669308667
695,6.390421,6.569603297
696,6.40822,6.5721132485
697,6.426248,6.5744502242
698,6.444505,6.5766034606
699,6.462939,6.578562897
700,6.481446,6.5803201636
701,6.499887,6.5818694182
702,6.518101,6.583207897
703,6.535922,6.5843361273
704,6.553199,6.5852577455
705,6.569818,6.5859789879
706,6.585718,6.5865078303
707,6.600905,6.5868529333
708,6.615457,6.5870224424
709,6.629514,6.5870228182
710,6.643257,6.5868578667
711,6.656876,6.5865281576
712,6.670532,6.5860310061
713,6.684318,6.5853610545
714,6.698231,6.5845114667
715,6.712168,6.583475503
716,6.725932,6.5822482121
717,6.739274,6.580827897
718,6.751938,6.5792170364
719,6.763708,6.577422503
720,6.774452,6.5754550485
721,6.784134,6.5733281758
722,6.792812,6.5710566848
723,6.800608,6.5686551818
724,6.807671,6.5661367212
725,6.81414,6.5635118182
726,6.820107,6.5607877636
727,6.825613,6.5579683273
728,6.830642,6.5550536909
729,6.835145,6.5520406788
730,6.839055,6.5489232
731,6.84231,6.5456929091
732,6.844862,6.5423400727
733,6.846682,6.538854503
734,6.847751,6.5352262667
735,6.848054,6.5314460242
736,6.847562,6.5275045394
737,6.846231,6.5233912182
738,6.843999,6.5190911515
739,6.84079,6.5145800303
740,6.836519,6.5098149939
741,6.831108,6.5047156242
742,6.824484,6.4991153939
743,6.816585,6.4925976182
744,6.807352,6.4835792606
745,6.796725,6.4746168606
746,6.78463,6.4772813697
747,6.770985,6.4765247152
748,6.755702,6.4747677273
749,6.738712,6.4725772121
750,6.719992,6.4701848788
751,6.699608,6.4677127697
752,6.677756,6.4652345818
753,6.654795,6.4627983939
754,6.631263,6.4604372788
755,6.607872,6.4581751273
756,6.585458,6.4560300485
757,6.564894,6.4540163091
758,6.546965,6.4521452242
759,6.532226,6.4504254424
760,6.520872,6.4488630424
761,6.512641,6.4474617818
762,6.506806,6.4462238061
763,6.502249,6.4451506788
764,6.497625,6.4442445818
765,6.491585,6.4435094182
766,6.483017,6.4429513818
767,6.471249,6.442578897
768,6.456174,6.4424018
769,6.438274,6.4424299333
770,6.41853,6.4426714061
771,6.398243,6.4431308303
772,6.378796,6.4438078909
773,6.361399,6.4446966
774,6.346872,6.4457854545
775,6.335492,6.4470585697
776,6.32694,6.4484978
777,6.320343,6.4500854848
778,6.314412,6.4518075091
779,6.30763,6.4536560788
780,6.298472,6.4556317636
781,6.285603,6.4577444182
782,6.268013,6.4600127879
783,6.245072,6.4624630061
784,6.216457,6.4651263394
785,6.181949,6.4680369273
786,6.141025,6.4712305273
787,6.092083,6.4747455818
788,6.030624,6.4786291576
789,5.943509,6.4829541879
790,5.781474,6.487871897
791,5.135627,6.4938311636
792,7.34906,6.5037587939
793,6.44811,6.5003209879
794,6.280811,6.5023892364
795,6.210963,6.505515297
796,6.177854,6.5091084242
797,6.165669,6.5129472182
798,6.168038,6.5169068424
799,6.181147,6.5209008909
800,6.201811,6.5248649273
801,6.226945,6.5287518424
802,6.253547,6.5325306545
803,6.278896,6.5361857333
804,6.300814,6.5397152303
805,6.317883,6.5431282424
806,6.329567,6.5464409394
807,6.336213,6.5496721273
808,6.338931,6.5528388424
809,6.339373,6.5559525697
810,6.339451,6.5590166061
811,6.341038,6.5620248364
812,6.345707,6.5649620061
813,6.354525,6.5678052727
814,6.367953,6.5705267697
815,6.385834,6.5730966364
816,6.407477,6.5754861515
817,6.431807,6.5776704303
818,6.457554,6.5796304182
819,6.483451,6.5813540061
820,6.508405,6.5828361455
821,6.531622,6.5840781455
822,6.552678,6.585086297
823,6.57151,6.5858700606
824,6.588362,6.5864402485
825,6.603677,6.5868073455
826,6.617973,6.5869803091
827,6.631726,6.5869659455
828,6.645282,6.5867689091
829,6.658815,6.5863922182
830,6.672327,6.5858380242
831,6.68569,6.585108497
832,6.698713,6.5842064667
833,6.711204,6.583135697
834,6.723026,6.5819007152
835,6.734124,6.5805062424
836,6.744532,6.578956497
837,6.754349,6.5772545091
838,6.76371,6.5754018485
839,6.772748,6.5733988364
840,6.781561,6.5712453212
841,6.790191,6.5689418545
842,6.798614,6.5664910121
843,6.806745,6.5638984242
844,6.814449,6.5611732061
845,6.821561,6.5583275333
846,6.827908,6.5553753758
847,6.833332,6.5523305273
848,6.837703,6.5492044121
849,6.840941,6.5460041576
850,6.843012,6.5427313818
851,6.84393,6.5393822061
852,6.843746,6.5359485333
853,6.842524,6.5324205515
854,6.840322,6.5287900606
855,6.837167,6.5250539758
856,6.833035,6.5212171636
857,6.827843,6.5172934667
858,6.821465,6.5133034182
859,6.813751,6.5092657394
860,6.804563,6.5051733394
861,6.793821,6.5009036606
862,6.781532,6.4953666727
863,6.767812,6.4950217455
864,6.752888,6.4930152606
865,6.737073,6.4908785455
866,6.720736,6.4887806545
867,6.704259,6.4867368
868,6.687989,6.4847145212
869,6.672204,6.4826650667
870,6.657077,6.4805406848
871,6.64266,6.4783071515
872,6.628874,6.4759525879
873,6.615519,6.4734922364
874,6.602297,6.470968497
875,6.588855,6.4684462909
876,6.574846,6.4660045515
877,6.55999,6.4637254364
878,6.544136,6.4616834848
879,6.527297,6.4599366909
880,6.509665,6.4585209758
881,6.49158,6.4574486061
882,6.473482,6.456710303
883,6.45584,6.4562799939
884,6.439078,6.4561210242
885,6.423518,6.4561926061
886,6.409338,6.4564554303
887,6.396564,6.456875897
888,6.385062,6.4574286061
889,6.374562,6.4580973939
890,6.364671,6.4588751394
891,6.3549,6.4597629152
892,6.344698,6.4607687758
893,6.333495,6.4619064788
894,6.320761,6.4631941818
895,6.306057,6.4646530121
896,6.289092,6.4663055636
897,6.269743,6.4681741394
898,6.248023,6.4702790061
899,6.224011,6.4726369697
900,6.197709,6.4752606303
901,6.168864,6.4781588
902,6.13672,6.4813384303
903,6.099664,6.4848084848
904,6.054559,6.4885863515
905,5.995123,6.4927085455
906,5.90707,6.4972513697
907,5.749051,6.5023807879
908,5.328556,6.5085174545
909,5.328556,6.5172532364
910,7.236369,6.5260449333
911,6.659782,6.5233384
912,6.481082,6.5242004303
913,6.394267,6.526228897
914,6.343977,6.5288736848
915,6.312094,6.5319159455
916,6.290707,6.5352412424
917,6.275785,6.5387773394
918,6.265211,6.5424711273
919,6.258008,6.5462782485
920,6.253934,6.5501579152
921,6.253191,6.5540704364
922,6.256165,6.5579764485
923,6.263201,6.5618373515
924,6.27443,6.565616497
925,6.289664,6.5692807212
926,6.308375,6.5728017939
927,6.32974,6.5761574242
928,6.352743,6.5793316606
929,6.376323,6.5823146424
930,6.399509,6.585101703
931,6.421557,6.5876921333
932,6.442028,6.5900876303
933,6.460816,6.5922908424
934,6.478117,6.5943040485
935,6.494335,6.5961281939
936,6.509958,6.5977624121
937,6.525433,6.5992040182
938,6.54106,6.6004489212
939,6.556936,6.6014924
940,6.572965,6.6023299879
941,6.588908,6.6029582545
942,6.604477,6.6033753879
943,6.619426,6.6035814
944,6.633618,6.6035780364
945,6.64706,6.6033684788
946,6.659884,6.6029569636
947,6.672299,6.6023484727
948,6.684522,6.6015485879
949,6.696704,6.6005634364
950,6.708893,6.5993997091
951,6.721009,6.598064503
952,6.732873,6.5965649515
953,6.744254,6.5949074485
954,6.754931,6.5930966121
955,6.764753,6.5911342
956,6.773686,6.5890182182
957,6.781822,6.586742697
958,6.789371,6.5842984242
959,6.796611,6.5816748242
960,6.803829,6.578862903
961,6.811255,6.5758588727
962,6.819007,6.5726677273
963,6.827056,6.5693058667
964,6.835213,6.5658018727
965,6.843152,6.5621948667
966,6.850449,6.5585302667
967,6.856635,6.5548535515
968,6.861263,6.5512031273
969,6.863961,6.5476036364
970,6.864478,6.5440610061
971,6.862713,6.5405599818
972,6.858721,6.5370641636
973,6.852696,6.5335176727
974,6.844939,6.5298466121
975,6.835809,6.5259564667
976,6.825671,6.5217169697
977,6.814846,6.5169071939
978,6.803572,6.5109913152
979,6.791981,6.5014404424
980,6.780104,6.5248779515
981,6.767883,6.5256417273
982,6.755205,6.5244895455
983,6.741946,6.522641297
984,6.728004,6.5204697636
985,6.713335,6.5181484
986,6.697967,6.5157747818
987,6.681999,6.5134080727
988,6.665591,6.5110843818
989,6.648933,6.5088249818
990,6.632216,6.5066420242
991,6.615603,6.5045430485
992,6.599215,6.5025347212
993,6.583128,6.5006256242
994,6.567373,6.4988279515
995,6.551955,6.4971580909
996,6.536855,6.4956359636
997,6.522036,6.494283497
998,6.507432,6.493122503
999,6.492938,6.4921724061
1000,6.478416,6.491448297
1001,6.463704,6.4909595091
1002,6.44866,6.4907089939
1003,6.433213,6.4906934182
1004,6.417418,6.4909039394
1005,6.401489,6.4913274848
1006,6.385802,6.4919483333
1007,6.370837,6.4927498182
1008,6.357084,6.4937160606
1009,6.344913,6.4948335515
1010,6.334455,6.4960925333
1011,6.325508,6.4974879758
1012,6.317523,6.4990201273
1013,6.309661,6.5006944485
1014,6.300933,6.5025209394
1015,6.290398,6.5045128303
1016,6.277374,6.5066846848
1017,6.261629,6.5090501333
1018,6.243493,6.5116194121
1019,6.223868,6.5143970848
1020,6.204093,6.5173802788
1021,6.185625,6.5205579758
1022,6.169485,6.523912097
1023,6.155248,6.5274214182
1024,6.138505,6.5310709576
1025,6.100066,6.5348759091
1026,5.880218,6.5389703636
1027,6.724619,6.5444575394
1028,6.436742,6.5448908121
1029,6.40033,6.5471339333
1030,6.390921,6.5496612848
1031,6.3835,6.5523040061
1032,6.370583,6.5550412545
1033,6.349829,6.5578945879
1034,6.321681,6.5608978667
1035,6.288544,6.5640817636
1036,6.254157,6.567463303
1037,6.222916,6.5710390727
1038,6.199102,6.5747822242
1039,6.186133,6.5786436545
1040,6.185968,6.5825571697
1041,6.198792,6.5864476727
1042,6.223068,6.5902408303
1043,6.255915,6.593872097
1044,6.293704,6.5972934242
1045,6.332724,6.6004765758
1046,6.36976,6.6034128606
1047,6.402481,6.606109897
1048,6.42961,6.6085866182
1049,6.450889,6.6108676788
1050,6.466884,6.6129783152
1051,6.478715,6.6149403515
1052,6.487761,6.6167695818
1053,6.495412,6.6184746121
1054,6.50289,6.6200567879
1055,6.511154,6.6215109515
1056,6.520867,6.6228266788
1057,6.532419,6.6239897818
1058,6.545966,6.6249839152
1059,6.561468,6.6257921636
1060,6.578728,6.6263985879
1061,6.597407,6.6267895818
1062,6.617046,6.6269549636
1063,6.637087,6.626888697
1064,6.656915,6.6265891879
1065,6.675907,6.626059097
1066,6.693503,6.6253048242
1067,6.709279,6.6243357333
1068,6.723012,6.6231632727
1069,6.734721,6.6218001212
1070,6.744689,6.6202594
1071,6.753424,6.6185538909
1072,6.761601,6.6166953091
1073,6.76996,6.614693503
1074,6.779186,6.6125556606
1075,6.789791,6.6102856667
1076,6.802017,6.6078837818
1077,6.815779,6.6053468727
1078,6.830657,6.6026693152
1079,6.84595,6.5998446
1080,6.860768,6.5968673879
1081,6.874163,6.593735697
1082,6.88526,6.5904527394
1083,6.893386,6.5870279818
1084,6.898153,6.5834770545
1085,6.8995,6.579820503
1086,6.897683,6.5760814788
1087,6.893214,6.572282703
1088,6.88676,6.5684432485
1089,6.879027,6.5645756121
1090,6.870641,6.5606832485
1091,6.862054,6.5567586
1092,6.853489,6.5527807697
1093,6.844935,6.5487105212
1094,6.836188,6.5444756364
1095,6.82693,6.5399178848
1096,6.816814,6.5345041636
1097,6.805558,6.5184939091
1098,6.792995,6.5174474242
1099,6.779101,6.5149569455
1100,6.763981,6.5120542242
1101,6.747823,6.5089826727
1102,6.730842,6.5058569273
1103,6.713234,6.5027536545
1104,6.695138,6.4997333091
1105,6.676629,6.4968456061
1106,6.657735,6.4941300909
1107,6.638469,6.4916154667
1108,6.618871,6.489319297
1109,6.599041,6.4872486848
1110,6.57916,6.4854019939
1111,6.559483,6.4837713697
1112,6.540318,6.4823455636
1113,6.521972,6.4811125212
1114,6.504689,6.4800614424
1115,6.488584,6.4791840667
1116,6.473583,6.4784752727
1117,6.459385,6.4779331273
1118,6.445466,6.4775587333
1119,6.431133,6.4773559879
1120,6.415616,6.4773313212
1121,6.398225,6.4774934182
1122,6.378517,6.4778526
1123,6.356477,6.4784197939
1124,6.332644,6.4792047939
1125,6.308164,6.4802140061
1126,6.284716,6.4814478424
1127,6.2643,6.4828983273
1128,6.248897,6.4845476545
1129,6.240057,6.4863683152
1130,6.238493,6.4883253091
1131,6.243791,6.490380503
1132,6.254315,6.4924985758
1133,6.267347,6.4946536364
1134,6.279427,6.4968351576
1135,6.286809,6.4990521939
1136,6.285903,6.5013351091
1137,6.27355,6.5037348606
1138,6.246971,6.5063206909
1139,6.203065,6.5091779939
1140,6.136292,6.5124102727
1141,6.032058,6.5161536364
1142,5.838726,6.5206311879
1143,5.227678,6.5263769758
1144,10.65917,6.5359142121
1145,6.906127,6.5126104121
1146,6.577773,6.5121160667
1147,6.450244,6.5136604848
1148,6.383643,6.5160109939
1149,6.344979,6.5187834848
1150,6.321688,6.5217956909
1151,6.30746,6.5249442485
1152,6.29859,6.5281672242
1153,6.29279,6.5314281818
1154,6.288745,6.5347069939
1155,6.285885,6.5379930182
1156,6.284229,6.5412796242
1157,6.284214,6.5445597758
1158,6.286512,6.5478229697
1159,6.291846,6.5510536303
1160,6.300804,6.5542309212
1161,6.313698,6.5573298364
1162,6.330472,6.5603231939
1163,6.350666,6.5631840909
1164,6.37346,6.5658884242
1165,6.397766,6.5684170182
1166,6.422369,6.5707571576
1167,6.44609,6.5729032545
1168,6.467949,6.5748565818
1169,6.487303,6.576624097
1170,6.503929,6.5782164727
1171,6.518047,6.5796456
1172,6.530267,6.5809219273
1173,6.54147,6.5820520848
1174,6.552645,6.5830372303
1175,6.564703,6.5838724364
1176,6.578313,6.5845472788
1177,6.593786,6.585047497
1178,6.611032,6.5853574364
1179,6.629595,6.5854627455
1180,6.648754,6.5853528242
1181,6.667673,6.5850225818
1182,6.68556,6.5844732485
1183,6.701809,6.5837121636
1184,6.716095,6.5827516788
1185,6.728413,6.5816073879
1186,6.739055,6.5802959636
1187,6.748523,6.5788328485
1188,6.757422,6.5772301152
1189,6.766322,6.5754945939
1190,6.775651,6.5736266606
1191,6.785602,6.5716197636
1192,6.796109,6.5694610364
1193,6.806857,6.5671329697
1194,6.817343,6.5646162182
1195,6.82697,6.5618932606
1196,6.835146,6.5589523818
1197,6.841383,6.5557913455
1198,6.84537,6.5524198727
1199,6.847024,6.548860303
1200,6.846498,6.5451458788
1201,6.844159,6.5413168
1202,6.840536,6.5374146
1203,6.836238,6.5334760182
1204,6.831863,6.5295277576
1205,6.827901,6.5255833818
1206,6.824663,6.5216431879
1207,6.822227,6.5176970303
1208,6.820434,6.5137295636
1209,6.818924,6.5097265273
1210,6.817211,6.5056805879
1211,6.814771,6.5015951636
1212,6.81114,6.4974844485
1213,6.805985,6.4933651697
1214,6.799144,6.4891967394
1215,6.79062,6.4858405576
1216,6.780538,6.4822347636
1217,6.769091,6.4787662909
1218,6.756471,6.4754880606
1219,6.742827,6.472419303
1220,6.728249,6.4695619455
1221,6.712779,6.4669061879
1222,6.696451,6.4644349939
1223,6.679327,6.4621282667
1224,6.661528,6.4599666
1225,6.643242,6.4579341394
1226,6.624695,6.4560204061
1227,6.606112,6.4542211152
1228,6.587668,6.4525380242
1229,6.56945,6.4509781394
1230,6.551452,6.4495524545
1231,6.533603,6.4482744909
1232,6.515823,6.4471587879
1233,6.498092,6.4462194727
1234,6.480502,6.4454689333
1235,6.46328,6.4449167273
1236,6.446758,6.4445687515
1237,6.431303,6.4444268303
1238,6.417216,6.4444887333
1239,6.404637,6.4447487152
1240,6.39348,6.4451984788
1241,6.383427,6.4458284303
1242,6.373982,6.4466289515
1243,6.364579,6.4475915091
1244,6.35471,6.4487093939
1245,6.344039,6.4499779879
1246,6.332475,6.451394697
1247,6.320175,6.4529585515
1248,6.307483,6.4546698061
1249,6.294822,6.4565295818
1250,6.282561,6.4585396788
1251,6.270885,6.4607025818
1252,6.259704,6.4630216424
1253,6.2486,6.4655014061
1254,6.236787,6.468148103
1255,6.223074,6.4709705394
1256,6.205712,6.4739816667
1257,6.181898,6.4772016364
1258,6.146179,6.4806644667
1259,6.084159,6.4844347939
1260,5.933666,6.4886630121
1261,4.175122,6.4938757879
1262,6.632888,6.5098096061
1263,6.382066,6.5109025818
1264,6.300152,6.5135629515
1265,6.257175,6.5167606667
1266,6.232075,6.5202543333
1267,6.218802,6.5239309273
1268,6.214877,6.5277145273
1269,6.218667,6.5315443455
1270,6.228569,6.5353692727
1271,6.242822,6.5391474
1272,6.259601,6.5428467455
1273,6.27722,6.5464455879
1274,6.294337,6.5499317212
1275,6.310107,6.5533006667
1276,6.324225,6.5565530485
1277,6.336866,6.5596918
1278,6.348544,6.5627196182
1279,6.359922,6.5656371394
1280,6.371633,6.5684420303
1281,6.384129,6.5711289455
1282,6.39761,6.5736902303
1283,6.412013,6.5761169879
1284,6.427063,6.5784002303
1285,6.442362,6.5805318909
1286,6.45749,6.5825055091
1287,6.472104,6.5843166061
1288,6.486002,6.5859626545
1289,6.499164,6.5874428545
1290,6.511747,6.5887577091
1291,6.524046,6.5899084848
1292,6.536439,6.5908967455
1293,6.549306,6.5917238788
1294,6.562961,6.5923908061
1295,6.5776,6.5928978606
1296,6.593273,6.5932447455
1297,6.6099,6.5934306545
1298,6.627298,6.5934542667
1299,6.645238,6.5933136727
1300,6.66349,6.5930060424
1301,6.681862,6.5925271212
1302,6.700212,6.5918705697
1303,6.718426,6.5910273939
1304,6.736391,6.5899857333
1305,6.753947,6.5887311939
1306,6.770854,6.5872479394
1307,6.786781,6.5855205576
1308,6.801322,6.5835364667
1309,6.814043,6.5812886121
1310,6.82456,6.5787779273
1311,6.832602,6.5760150061
1312,6.838078,6.5730207879
1313,6.841104,6.5698258788
1314,6.841993,6.5664686485
1315,6.8412,6.5629924242
1316,6.839251,6.5594422121
1317,6.836648,6.5558614121
1318,6.833794,6.5522890182
1319,6.830939,6.5487574727
1320,6.828175,6.5452913152
1321,6.825454,6.5419064061
1322,6.822641,6.5386097758
1323,6.819571,6.5354000303
1324,6.816099,6.5322685818
1325,6.812125,6.529202103
1326,6.807602,6.5261871212
1327,6.80252,6.5232180303
1328,6.796881,6.5203120667
1329,6.790678,6.5175421576
1330,6.783889,6.5151362667
1331,6.776475,6.5140096061
1332,6.768389,6.5545227152
1333,6.759589,6.5467910545
1334,6.750045,6.5408943212
1335,6.739735,6.5356484727
1336,6.728641,6.530845103
1337,6.716743,6.5264535818
1338,6.704019,6.5224909333
1339,6.690454,6.5189804909
1340,6.676052,6.5159339394
1341,6.660849,6.5133432364
1342,6.644926,6.5111786061
1343,6.628408,6.5093908485
1344,6.611458,6.5079168182
1345,6.594264,6.5066868182
1346,6.577033,6.5056326788
1347,6.559981,6.5046951636
1348,6.543329,6.5038296485
1349,6.527287,6.5030092667
1350,6.512028,6.5022252242
1351,6.497641,6.5014846121
1352,6.484072,6.5008064545
1353,6.471061,6.5002171455
1354,6.458113,6.4997463273
1355,6.444513,6.4994238545
1356,6.429412,6.499278103
1357,6.411978,6.499335297
1358,6.391593,6.4996192121
1359,6.368055,6.5001506424
1360,6.341725,6.5009461697
1361,6.313575,6.5020163152
1362,6.28509,6.5033634667
1363,6.258041,6.5049804
1364,6.234144,6.5068500303
1365,6.2147,6.5089470545
1366,6.200296,6.5112414
1367,6.19067,6.5137030182
1368,6.184775,6.5163069212
1369,6.181041,6.5190372121
1370,6.177769,6.5218890424
1371,6.173547,6.5248678727
1372,6.167595,6.5279861394
1373,6.159933,6.5312580061
1374,6.151344,6.534693503
1375,6.143116,6.5382933879
1376,6.136503,6.5420461879
1377,6.131459,6.5459290545
1378,6.118194,6.5499167818
1379,6.245374,6.5540423515
1380,6.195664,6.5574382545
1381,6.20824,6.5611623697
1382,6.228183,6.564826503
1383,6.250126,6.5683796909
1384,6.271363,6.5718080848
1385,6.290049,6.5751183394
1386,6.305032,6.5783312061
1387,6.315841,6.5814756242
1388,6.322652,6.5845826606
1389,6.326172,6.5876797455
1390,6.327476,6.5907860909
1391,6.327812,6.5939097515
1392,6.328402,6.5970467576
1393,6.330287,6.6001822364
1394,6.334212,6.6032930788
1395,6.340588,6.6063516121
1396,6.349512,6.6093294606
1397,6.360836,6.612200897
1398,6.374253,6.6149451212
1399,6.389388,6.617547297
1400,6.405864,6.6199982727
1401,6.423341,6.6222933939
1402,6.441517,6.6244307636
1403,6.460113,6.6264095576
1404,6.478848,6.6282286667
1405,6.497422,6.6298860061
1406,6.515513,6.6313784303
1407,6.532804,6.6327021636
1408,6.54903,6.6338534364
1409,6.564028,6.6348289758
1410,6.577796,6.6356262121
1411,6.590511,6.6362429879
1412,6.602532,6.6366769576
1413,6.614346,6.6369248242
1414,6.626488,6.6369818
1415,6.63944,6.6368416
1416,6.65353,6.636497103
1417,6.668865,6.6359417455
1418,6.685305,6.6351713091
1419,6.702489,6.6341857091
1420,6.71991,6.6329902424
1421,6.737007,6.6315958061
1422,6.753265,6.6300178727
1423,6.768283,6.6282742545
1424,6.781815,6.6263820061
1425,6.793774,6.6243540848
1426,6.804202,6.6221964485
1427,6.813229,6.619906297
1428,6.821027,6.6174719636
1429,6.827775,6.614874703
1430,6.83363,6.6120922606
1431,6.838713,6.6091038485
1432,6.843096,6.6058957636
1433,6.846797,6.6024667879
1434,6.84978,6.5988322364
1435,6.85196,6.5950257939
1436,6.853214,6.5910983939
1437,6.85341,6.5871140545
1438,6.852432,6.583143103
1439,6.850213,6.579253903
1440,6.84675,6.5755043879
1441,6.842119,6.5719348727
1442,6.836456,6.5685629515
1443,6.829935,6.5653808364
1444,6.822729,6.5623543394
1445,6.814974,6.5594214545
1446,6.806741,6.5564848545
1447,6.798025,6.5533792848
1448,6.788748,6.5497095939
1449,6.778787,6.5429943576
1450,6.768009,6.5453293879
1451,6.756321,6.5445812485
1452,6.743702,6.543161
1453,6.730235,6.5414153152
1454,6.716115,6.5394706121
1455,6.701625,6.5373976909
1456,6.687109,6.535247503
1457,6.672916,6.5330612848
1458,6.659349,6.5308736727
1459,6.646625,6.5287136606
1460,6.634836,6.5266050788
1461,6.623948,6.5245672061
1462,6.613796,6.5226156121
1463,6.6041,6.5207631879
1464,6.594479,6.5190213212
1465,6.584468,6.5174010182
1466,6.573531,6.5159139273
1467,6.561088,6.5145731697
1468,6.546552,6.5133939091
1469,6.529392,6.5123935758
1470,6.50921,6.5115916848
1471,6.485836,6.5110092424
1472,6.459406,6.5106676061
1473,6.430426,6.510587
1474,6.39978,6.5107846061
1475,6.368678,6.511272503
1476,6.338556,6.5120557455
1477,6.310918,6.5131307818
1478,6.287161,6.5144846121
1479,6.268416,6.516094903
1480,6.255415,6.517931097
1481,6.248419,6.5199565758
1482,6.247203,6.5221315212
1483,6.251089,6.5244162303
1484,6.259023,6.5267744242
1485,6.269665,6.5291761576
1486,6.28151,6.5316000424
1487,6.293033,6.5340344364
1488,6.302882,6.5364774545
1489,6.31013,6.5389355515
1490,6.314653,6.5414205091
1491,6.317702,6.5439442545
1492,6.323036,6.5465105091
1493,6.339846,6.5490999576
1494,6.393706,6.5516379879
1495,6.59799,6.5538961939
1496,13.461138,6.5549609152
1497,5.492665,6.5144755333
1498,5.786628,6.5223307091
1499,5.88448,6.5284542424
1500,5.947179,6.5340378303
1501,6.00404,6.5392963273
1502,6.062906,6.5442644667
1503,6.124796,6.5489263152
1504,6.187773,6.5532565758
1505,6.248586,6.5572390909
1506,6.303685,6.5608759091
1507,6.349946,6.5641904364
1508,6.385193,6.5672261697
1509,6.408508,6.570041903
1510,6.420331,6.5727045212
1511,6.422343,6.5752805758
1512,6.417171,6.5778280485
1513,6.407966,6.5803895636
1514,6.39792,6.5829881333
1515,6.389827,6.5856260061
1516,6.385745,6.5882865758
1517,6.386836,6.5909388364
1518,6.393376,6.5935431879
1519,6.404905,6.5960575212
1520,6.420464,6.5984424606
1521,6.438849,6.6006651091
1522,6.458824,6.6027010242
1523,6.479279,6.6045345697
1524,6.499317,6.6061580364
1525,6.518299,6.6075699879
1526,6.535855,6.6087732182
1527,6.551884,6.6097726848
1528,6.56653,6.6105735818
1529,6.580153,6.6111798606
1530,6.593267,6.6115931879
1531,6.606463,6.6118125455
1532,6.620314,6.6118344606
1533,6.635273,6.6116538121
1534,6.651593,6.6112651091
1535,6.669276,6.6106639455
1536,6.688061,6.6098484121
1537,6.707453,6.6088201455
1538,6.72679,6.6075849212
1539,6.745325,6.6061525818
1540,6.762328,6.6045365091
1541,6.777176,6.6027526061
1542,6.789434,6.600818097
1543,6.798913,6.5987503333
1544,6.805698,6.5965657091
1545,6.810143,6.5942788727
1546,6.812822,6.5919022
1547,6.814459,6.5894456061
1548,6.815811,6.5869164364
1549,6.817555,6.5843195091
1550,6.820172,6.581657097
1551,6.823861,6.5789288242
1552,6.828502,6.5761315273
1553,6.833671,6.5732590848
1554,6.838719,6.5703023939
1555,6.84288,6.5672494848
1556,6.845418,6.564085897
1557,6.845756,6.5607951333
1558,6.843576,6.557359
1559,6.83887,6.5537574545
1560,6.831933,6.5499672667
1561,6.823299,6.5459582121
1562,6.813633,6.5416839455
1563,6.803612,6.5370594909
1564,6.793799,6.5318970424
1565,6.784559,6.5256576727
1566,6.776007,6.5155020182
1567,6.768018,6.5324889576
1568,6.760266,6.5331101333
1569,6.752309,6.5320197697
1570,6.743672,6.5303088061
1571,6.733929,6.5282975636
1572,6.722764,6.5261177273
1573,6.709994,6.5238303455
1574,6.695572,6.5214650727
1575,6.679564,6.5190384727
1576,6.662116,6.516565
1577,6.64343,6.5140642545
1578,6.623747,6.5115652364
1579,6.603355,6.5091076303
1580,6.582598,6.5067400848
1581,6.561896,6.5045159758
1582,6.541743,6.5024874788
1583,6.522681,6.5006993273
1584,6.505237,6.4991835879
1585,6.489828,6.4979565697
1586,6.476648,6.4970184545
1587,6.465568,6.4963557333
1588,6.456062,6.4959457697
1589,6.447208,6.4957626848
1590,6.437764,6.495783297
1591,6.426327,6.4959921515
1592,6.411564,6.4963846485
1593,6.392479,6.4969678182
1594,6.368672,6.4977585333
1595,6.340542,6.4987795152
1596,6.309379,6.5000537394
1597,6.277315,6.5015982364
1598,6.247096,6.5034183091
1599,6.221717,6.5055033697
1600,6.203939,6.5078251939
1601,6.195798,6.5103392242
1602,6.198203,6.5129888364
1603,6.210714,6.515712
1604,6.231543,6.5184490909
1605,6.25778,6.5211506727
1606,6.285752,6.5237838606
1607,6.311407,6.5263366242
1608,6.330563,6.5288199515
1609,6.338803,6.5312687636
1610,6.330435,6.5337436545
1611,6.294322,6.5363391273
1612,6.192526,6.5392171394
1613,5.680734,6.5427700727
1614,7.164067,6.549478
1615,6.644566,6.5472458
1616,6.52198,6.5482099576
1617,6.455664,6.5499647333
1618,6.409359,6.5521707091
1619,6.374083,6.5547099818
1620,6.346844,6.5575206182
1621,6.326383,6.5605598303
1622,6.31196,6.5637925818
1623,6.302947,6.5671871939
1624,6.298709,6.5707131273
1625,6.298587,6.5743394
1626,6.301935,6.5780332909
1627,6.308146,6.5817593515
1628,6.316692,6.5854790667
1629,6.327129,6.5891512545
1630,6.339098,6.5927334061
1631,6.352306,6.5961837939
1632,6.36651,6.599464103
1633,6.381497,6.6025420424
1634,6.39708,6.6053935394
1635,6.413107,6.6080040182
1636,6.429466,6.6103684545
1637,6.446106,6.6124903515
1638,6.463031,6.614379697
1639,6.480283,6.6160504545
1640,6.497913,6.6175180182
1641,6.515937,6.6187970121
1642,6.5343,6.6198996606
1643,6.552859,6.6208347939
1644,6.571388,6.6216073455
1645,6.589619,6.6222182848
1646,6.607285,6.6226647394
1647,6.62418,6.6229404242
1648,6.640191,6.6230363091
1649,6.655309,6.6229415939
1650,6.669606,6.622645
1651,6.683185,6.6221362485
1652,6.696131,6.6214075758
1653,6.708468,6.6204549758
1654,6.720148,6.6192790303
1655,6.731071,6.6178851758
1656,6.741134,6.6162834424
1657,6.750295,6.614487903
1658,6.758621,6.6125159091
1659,6.76631,6.6103874606
1660,6.773669,6.6081246545
1661,6.78105,6.6057512121
1662,6.788769,6.6032918788
1663,6.797011,6.6007714061
1664,6.805772,6.5982130182
1665,6.814831,6.5956363152
1666,6.823783,6.5930548727
1667,6.832111,6.5904739212
1668,6.839289,6.5878885515
1669,6.844888,6.5852829394
1670,6.848661,6.5826307455
1671,6.850582,6.5798967394
1672,6.850842,6.5770393758
1673,6.849789,6.5740138303
1674,6.84784,6.5707748909
1675,6.84538,6.5672789697
1676,6.842676,6.5634843939
1677,6.839821,6.5593490121
1678,6.83673,6.5548234364
1679,6.833169,6.5498361576
1680,6.828821,6.5442601636
1681,6.823368,6.5378244424
1682,6.816554,6.5297965091
1683,6.808241,6.5168567333
1684,6.79842,6.5039673394
1685,6.787201,6.5075457939
1686,6.774775,6.5074843939
1687,6.761359,6.5061665576
1688,6.747151,6.5042353636
1689,6.732289,6.5019664848
1690,6.716832,6.4995099394
1691,6.700767,6.4969612545
1692,6.684032,6.4943887091
1693,6.666566,6.4918455879
1694,6.648352,6.4893760727
1695,6.629461,6.4870180545
1696,6.610079,6.4848042364
1697,6.590507,6.4827622182
1698,6.571137,6.4809141212
1699,6.552401,6.4792760788
1700,6.534713,6.4778579576
1701,6.518397,6.4766634
1702,6.503641,6.4756904545
1703,6.490454,6.4749325818
1704,6.478673,6.4743801091
1705,6.467984,6.4740217818
1706,6.457982,6.4738462606
1707,6.448253,6.4738433333
1708,6.43845,6.4740045515
1709,6.42837,6.4743234
1710,6.417992,6.474794903
1711,6.407484,6.4754149939
1712,6.397146,6.4761798667
1713,6.387318,6.477085697
1714,6.378257,6.478128903
1715,6.370007,6.4793070182
1716,6.362307,6.4806200606
1717,6.354549,6.4820720303
1718,6.345817,6.4836721333
1719,6.334989,6.4854352545
1720,6.320888,6.4873815697
1721,6.302442,6.4895351879
1722,6.278794,6.4919222182
1723,6.249321,6.4945687818
1724,6.213489,6.4974997576
1725,6.170439,6.5007392242
1726,6.118045,6.5043140848
1727,6.050598,6.5082637818
1728,5.951808,6.5126640424
1729,5.764303,6.5176927091
1730,5.108876,6.5238798182
1731,9.578852,6.5340584061
1732,6.870512,6.5171668788
1733,6.580356,6.5167147758
1734,6.47,6.5180525818
1735,6.411817,6.5200965697
1736,6.374256,6.5225347939
1737,6.345346,6.5252437394
1738,6.319724,6.5281691697
1739,6.295183,6.5312862303
1740,6.271441,6.5345810303
1741,6.249493,6.5380399879
1742,6.231092,6.5416432242
1743,6.218242,6.545360903
1744,6.21271,6.5491523515
1745,6.21562,6.5529677212
1746,6.227194,6.5567517333
1747,6.246698,6.5604487455
1748,6.272584,6.564008
1749,6.302779,6.5673880485
1750,6.335039,6.5705595697
1751,6.367299,6.5735061576
1752,6.397924,6.5762232121
1753,6.425853,6.5787153576
1754,6.450609,6.580993103
1755,6.472225,6.5830694061
1756,6.491089,6.5849566667
1757,6.507787,6.5866646364
1758,6.522947,6.5881992424
1759,6.537134,6.5895623818
1760,6.550789,6.5907523455
1761,6.564221,6.591764703
1762,6.577627,6.592593297
1763,6.591131,6.5932312303
1764,6.604818,6.593671697
1765,6.618754,6.5939087273
1766,6.632984,6.5939378303
1767,6.647525,6.5937566182
1768,6.662334,6.5933653152
1769,6.677304,6.5927672182
1770,6.692256,6.5919688606
1771,6.706958,6.5909798606
1772,6.721156,6.5898123333
1773,6.734617,6.588479897
1774,6.74716,6.5869963515
1775,6.758688,6.5853742545
1776,6.769194,6.5836235273
1777,6.77876,6.5817504
1778,6.787542,6.5797567697
1779,6.795754,6.5776400909
1780,6.803652,6.5753938242
1781,6.811518,6.5730083576
1782,6.81965,6.5704723333
1783,6.828339,6.5677742727
1784,6.837838,6.5649043091
1785,6.848314,6.5618559697
1786,6.859787,6.5586278061
1787,6.872071,6.5552247697
1788,6.884726,6.5516591333
1789,6.897044,6.5479508788
1790,6.908079,6.5441274545
1791,6.916735,6.5402229455
1792,6.921899,6.5362767394
1793,6.922603,6.5323319758
1794,6.918184,6.5284341636
1795,6.908412,6.5246306667
1796,6.893557,6.5209722061
1797,6.87437,6.5175189515
1798,6.851994,6.5143584909
1799,6.827809,6.5116644424
1800,6.803239,6.5099775455
1801,6.779579,6.5150579091
1802,6.757848,6.5077029394
1803,6.738706,6.5028011333
1804,6.722431,6.4986419818
1805,6.708947,6.4949190121
1806,6.697874,6.4915319879
1807,6.688597,6.4884406364
1808,6.68033,6.4856257212
1809,6.672193,6.4830740485
1810,6.663284,6.4807716909
1811,6.652773,6.4787013212
1812,6.640001,6.4768421394
1813,6.624563,6.4751714303
1814,6.606371,6.4736671333
1815,6.585662,6.4723105515
1816,6.562954,6.4710886848
1817,6.538952,6.4699957091
1818,6.514437,6.4690333212
1819,6.490162,6.468209897
1820,6.466785,6.4675385636
1821,6.44487,6.4670344848
1822,6.424916,6.4667116788
1823,6.407427,6.4665799212
1824,6.392947,6.4666421273
1825,6.382051,6.4668927576
1826,6.37526,6.4673175455
1827,6.372891,6.4678947758
1828,6.374877,6.4685980364
1829,6.380616,6.4694001333
1830,6.388893,6.470277497
1831,6.397926,6.4712144242
1832,6.405525,6.4722062848
1833,6.409363,6.4732612424
1834,6.407276,6.4744001818
1835,6.39755,6.4756550303
1836,6.379117,6.4761312805
1837,6.351627,6.4767264601
1838,6.315364,6.477498679
1839,6.271013,6.4785057267
1840,6.219275,6.4798025563
1841,6.160338,6.4814410943
1842,6.093101,6.4834733924
1843,6.013829,6.4859598408
1844,5.91313,6.4889863205
1845,5.766927,6.4927015226
1846,5.498759,6.4974143442
1847,4.681491,6.5039415033
1848,4.681491,6.5159313092
1849,7.388865,6.5280799205
1850,6.77707,6.5223413533
1851,6.557332,6.5206317651
1852,6.442712,6.5203837905
1853,6.372786,6.5209121701
1854,6.326959,6.5219267329
1855,6.296299,6.5232713379
1856,6.276297,6.5248475347
1857,6.264417,6.5265856503
1858,6.259096,6.5284319085
1859,6.259279,6.5303420922
1860,6.264181,6.5322782571
1861,6.273146,6.5342070144
1862,6.285571,6.5360987609
1863,6.30086,6.5379274307
1864,6.318411,6.5396705735
1865,6.337611,6.5413095333
1866,6.357861,6.5428296716
1867,6.378592,6.5442204135
1868,6.399296,6.5454751742
1869,6.419549,6.5465910458
1870,6.439023,6.5475682923
1871,6.457499,6.5484097287
1872,6.474854,6.5491199688
1873,6.49106,6.5497047402
1874,6.506168,6.5501701746
1875,6.520307,6.550522192
1876,6.533688,6.5507658629
1877,6.546608,6.5509047073
1878,6.559447,6.5509399262
1879,6.572646,6.5508696198
1880,6.586659,6.55068815
1881,6.601882,6.5503858739
1882,6.618566,6.5499494661
1883,6.636732,6.549363
1884,6.656131,6.548609819
1885,6.676235,6.5476748522
1886,6.696302,6.5465471316
1887,6.715477,6.5452218673
1888,6.732932,6.5437017321
1889,6.748001,6.541996955
1890,6.760291,6.5401241909
1891,6.769745,6.5381043119
1892,6.776641,6.5359594907
1893,6.781538,6.5337101308
1894,6.785176,6.5313721321
1895,6.788343,6.5289549524
1896,6.79175,6.5264608365
1897,6.795915,6.5238852136
1898,6.801094,6.5212182549
1899,6.807258,6.5184472079
1900,6.814124,6.5155591
1901,6.821232,6.5125432929
1902,6.828042,6.5093934082
1903,6.834039,6.5061083711
1904,6.838825,6.5026924271
1905,6.842169,6.4991541895
1906,6.844027,6.4955050957
1907,6.844509,6.4917575484
1908,6.843831,6.4879232935
1909,6.842246,6.4840122198
1910,6.839982,6.4800318444
1911,6.837201,6.4759874607
1912,6.833975,6.4718827614
1913,6.830292,6.4677207816
1914,6.82608,6.4635048372
1915,6.821226,6.4592392471
1916,6.815613,6.454929881
1917,6.809128,6.4505843012
1918,6.801681,6.4462118171
1919,6.793199,6.4418233086
1920,6.783623,6.4374311125
1921,6.772904,6.4330489367
1922,6.760997,6.4286918205
1923,6.747865,6.4243761688
1924,6.733478,6.4201197368
1925,6.717828,6.4159416267
1926,6.700939,6.4118620811
1927,6.682886,6.4079021233
1928,6.663808,6.4040829028
1929,6.643928,6.4004248028
1930,6.623556,6.3969461857
1931,6.603084,6.3936619855
1932,6.58296,6.39058225
1933,6.563648,6.3877109403
1934,6.545575,6.3850452273
1935,6.529071,6.3825755385
1936,6.514316,6.3802865469
1937,6.501304,6.3781590952
1938,6.489832,6.3761728871
1939,6.479514,6.374309623
1940,6.469818,6.3725562167
1941,6.460128,6.3709077119
1942,6.449811,6.369369431
1943,6.43829,6.3679581754
1944,6.42512,6.36670225
1945,6.41005,6.3656401091
1946,6.393074,6.3648177037
1947,6.37447,6.364284566
1948,6.354795,6.3640886923
1949,6.334862,6.3642709216
1950,6.315667,6.3648591
1951,6.298286,6.3658630204
1952,6.283741,6.367270875
1953,6.272864,6.3690481064
1954,6.266179,6.3711390652
1955,6.263835,6.3734715111
1956,6.265611,6.37596325
1957,6.271013,6.3785295814
1958,6.279464,6.3810895
1959,6.290607,6.3835681707
1960,6.304766,6.3858922
1961,6.32377,6.387972359
1962,6.352894,6.3896618947
1963,6.407476,6.3906556216
1964,6.549471,6.3901883889
1965,7.641499,6.3856374571
1966,5.566009,6.3487003529
1967,5.94905,6.3724182727
1968,6.052446,6.3856485313
1969,6.108141,6.396397
1970,6.150088,6.4060055333
1971,6.187801,6.4148302759
1972,6.224136,6.4229384643
1973,6.259304,6.4303015185
1974,6.292304,6.4368783462
1975,6.321673,6.44266132
1976,6.346008,6.4477025
1977,6.364334,6.452124
1978,6.376354,6.4561144545
1979,6.382535,6.4599125714
1980,6.384054,6.46378145
1981,6.382613,6.4679776316
1982,6.380158,6.4727201111
1983,6.378572,6.4781649412
1984,6.379392,6.4843895
1985,6.383612,6.4913893333
1986,6.391607,6.4990877143
1987,6.403176,6.5073554615
1988,6.417691,6.5160370833
1989,6.434301,6.5249776364
1990,6.452141,6.5340453
1991,6.470503,6.5431457778
1992,6.488929,6.552226125
1993,6.507223,6.5612685714
1994,6.525381,6.5702761667
1995,6.543486,6.5792552
1996,6.561583,6.5881975
1997,6.579593,6.597069
1998,6.597288,6.605807
1999,6.614326,6.614326
