0,0,0
1,0,0.0577461102
2,0,0.1155655932
3,0,0.1734666102
4,0,0.2314419492
5,0,0.2894706864
6,0,0.3475228475
7,0,0.4055653898
8,0,0.4635678729
9,0,0.5215067203
10,0,0.5793676695
11,0,0.6371464915
12,0,0.6948482627
13,0,0.7524852881
14,0,0.8100735508
15,0,0.867628
16,0,0.9251572712
17,0,0.9826594661
18,0,1.0401203559
19,0,1.0975151525
20,0,1.1548134915
21,0,1.2119860763
22,0,1.2690105339
23,0,1.3258742119
24,0,1.3825728136
25,0,1.4391053644
26,0,1.495467839
27,0,1.5516484661
28,0,1.6076273814
29,0,1.6633814915
30,0,1.7188933559
31,0,1.7741609746
32,0,1.8292046525
33,0,1.8840678983
34,0,1.9388111525
35,0,1.9934997034
36,0,2.0481891949
37,0,2.1029131864
38,0,2.1576764661
39,0,2.2124556271
40,0,2.2672057288
41,0,2.3218695085
42,0,2.3763848814
43,0,2.4306881525
44,0,2.4847131864
45,0,2.5383902627
46,0,2.5916497034
47,0,2.6444337966
48,0,2.6967161441
49,0,2.7485222034
50,0,2.7999414322
51,0,2.8511224915
52,0,2.9022489746
53,0,2.9535016271
54,0,3.0050189322
55,0,3.0568678559
56,0,3.1090306525
57,0,3.1614060932
58,0,3.2138186356
59,0,3.2660263559
60,0,3.3177130508
61,0,3.3684233051
62,0,3.4172372542
63,0,3.4599522966
64,0,3.5358817458
65,0,3.5921802373
66,0,3.6457882627
67,0,3.6982532966
68,0,3.7501663814
69,0,3.8018678475
70,0,3.8535684746
71,0,3.9053787373
72,0,3.9573265678
73,0,4.0093830847
74,0,4.0614973983
75,0,4.1136332966
76,0,4.1657971356
77,0,4.2180476102
78,0,4.2704840085
79,0,4.3232176864
80,0,4.3763385085
81,0,4.4298892203
82,0,4.483856161
83,0,4.5381770424
84,0,4.5927603983
85,0,4.6475086695
86,0,4.7023381017
87,0,4.7571916186
88,0,4.8120437966
89,0,4.8668989237
90,0,4.9217837712
91,0,4.9767367203
92,0,5.0317954915
93,0,5.0869860932
94,0,5.1423163305
95,0,5.1977761356
96,0,5.2533451102
97,0,5.3090049237
98,0,5.3647518898
99,0,5.4206044661
100,0,5.4766019153
101,0,5.5327937119
102,0,5.5892230847
103,0,5.6459108136
104,0,5.7028454492
105,0,5.7599836356
106,0,5.8172603983
107,0,5.874605839
108,0,5.9319628729
109,0,5.9893007203
110,0,6.0466206102
111,0,6.1039524746
112,0,6.1613441441
113,0,6.2188464661
114,0,6.2764989153
115,0,6.3343195678
116,0,6.3923018305
117,0,6.4504176695
118,6.814041,6.5086252881
119,6.822699,6.5091319576
120,6.83232,6.5095665847
121,6.84109,6.5098850932
122,6.847391,6.5100695254
123,6.850155,6.5101277373
124,6.84902,6.5100890169
125,6.844293,6.5099968559
126,6.836784,6.5098998559
127,6.827592,6.5098415424
128,6.817901,6.5098507373
129,6.808809,6.5099344831
130,6.801169,6.5100757203
131,6.795415,6.5102368729
132,6.791425,6.5103690085
133,6.788454,6.5104243729
134,6.785259,6.5103690085
135,6.780385,6.5101917542
136,6.772586,6.5099072458
137,6.761204,6.5095523644
138,6.746365,6.5091776017
139,6.728886,6.5088362458
140,6.709914,6.5085743644
141,6.690435,6.5084237034
142,6.670841,6.5083983898
143,6.650772,6.5084952712
144,6.629314,6.5086971271
145,6.605512,6.508977822
146,6.578985,6.5093084492
147,6.5504,6.5096637034
148,6.521579,6.5100270339
149,6.495154,6.5103930169
150,6.473863,6.5107652966
151,6.459704,6.5111492203
152,6.453249,6.5115405085
153,6.45336,6.5119136695
154,6.457431,6.5122152627
155,6.462067,6.5123665424
156,6.463941,6.5122770932
157,6.460512,6.5118679237
158,6.450326,6.5110992627
159,6.432814,6.5099963983
160,6.407786,6.5086659407
161,6.374954,6.5072948898
162,6.333895,6.5061282373
163,6.284614,6.5054262203
164,6.228523,6.5054098898
165,6.169317,6.5062082373
166,6.113115,6.5078202797
167,6.067469,6.5101019237
168,6.039365,6.5127818559
169,6.032925,6.5155047627
170,6.047813,6.5178937627
171,6.079042,6.5196187627
172,6.118173,6.5204558475
173,6.15521,6.5203271525
174,6.180302,6.5193178983
175,6.18468,6.517673339
176,6.160511,6.5157803136
177,6.09903,6.5141396271
178,5.98381,6.5133449746
179,5.760046,6.5141240932
180,5.040375,6.5177184153
181,8.959675,6.5305682542
182,6.643222,6.5066088644
183,6.325747,6.5034196864
184,6.190874,6.5034277712
185,6.125744,6.5048207034
186,6.100773,6.5068221695
187,6.100674,6.5089554831
188,6.113611,6.5109066017
189,6.129844,6.5124796525
190,6.142669,6.5135718983
191,6.149489,6.514155822
192,6.152036,6.5142662797
193,6.155333,6.5139893559
194,6.165556,6.5134475847
195,6.187495,6.5127775424
196,6.222574,6.5121014068
197,6.268257,6.5115005339
198,6.318984,6.5110009576
199,6.368099,6.5105763729
200,6.409864,6.5101664661
201,6.440836,6.5097032627
202,6.460296,6.5091366864
203,6.469873,6.5084527373
204,6.472715,6.5076803644
205,6.472557,6.5068861441
206,6.472905,6.5061588305
207,6.476412,6.5055880847
208,6.484448,6.5052433051
209,6.496935,6.505158178
210,6.512491,6.5053245763
211,6.528968,6.5056967542
212,6.544257,6.5062035
213,6.557139,6.506764161
214,6.567858,6.5073037881
215,6.578142,6.5077634153
216,6.590604,6.5081037627
217,6.607699,6.5083027712
218,6.630632,6.5083498729
219,6.658666,6.5082405593
220,6.689152,6.5079744322
221,6.718287,6.5075576441
222,6.742306,6.507008678
223,6.758658,6.5063647966
224,6.766762,6.5056862627
225,6.76813,6.5050556441
226,6.765866,6.5045702542
227,6.763747,6.5043273136
228,6.76516,6.5044037881
229,6.772217,6.5048362627
230,6.785274,6.5056077966
231,6.802989,6.5066475847
232,6.822837,6.507844822
233,6.841907,6.5090728729
234,6.857669,6.5102160508
235,6.868499,6.5111911864
236,6.873828,6.5119584831
237,6.873985,6.5125203729
238,6.869904,6.5129108305
239,6.862853,6.5131796949
240,6.85426,6.5133768475
241,6.845586,6.5135399831
242,6.838145,6.5136878814
243,6.832847,6.5138196356
244,6.829903,6.5139188729
245,6.828677,6.5139617203
246,6.827783,6.5139261949
247,6.825475,6.5138010254
248,6.820185,6.5135917034
249,6.811007,6.5133224068
250,6.797958,6.5130332627
251,6.781921,6.5127731949
252,6.764343,6.5125897288
253,6.746813,6.5125178051
254,6.73071,6.5125702627
255,6.716982,6.5127325169
256,6.706085,6.5129631949
257,6.697984,6.5132010847
258,6.692136,6.5133771356
259,6.687448,6.5134289661
260,6.682273,6.5133142627
261,6.674591,6.5130199237
262,6.662436,6.5125642373
263,6.644526,6.5119916695
264,6.620905,6.5113613983
265,6.593273,6.5107326695
266,6.564765,6.5101509153
267,6.539083,6.5096386102
268,6.519166,6.5091938475
269,6.505876,6.5087979153
270,6.497282,6.508430161
271,6.488948,6.5080854322
272,6.475282,6.5077877458
273,6.451512,6.5075937119
274,6.415659,6.5075821356
275,6.36981,6.507829839
276,6.320188,6.5083782119
277,6.27582,6.5091994407
278,6.246002,6.5101745847
279,6.237289,6.5110962966
280,6.251057,6.5117037627
281,6.282687,6.5117468983
282,6.322728,6.5110629661
283,6.359538,6.5096399831
284,6.382349,6.5076414746
285,6.383701,6.5053787119
286,6.360668,6.5032352542
287,6.314827,6.5015673136
288,6.251363,6.5006126864
289,6.177818,6.5004356949
290,6.102987,6.5009199831
291,6.036118,6.5018035847
292,5.986244,6.5027401356
293,5.961303,6.5033674407
294,5.96691,6.5033668475
295,6.005261,6.5024992797
296,6.075746,6.5005991186
297,6.184176,6.4974621356
298,6.556656,6.491933661
299,6.132467,6.4899743136
300,6.266899,6.4889745508
301,6.326701,6.4868121017
302,6.35524,6.4843920763
303,6.361917,6.482018
304,6.352504,6.4798460763
305,6.330906,6.4779627542
306,6.299231,6.4764191441
307,6.258729,6.4752562034
308,6.211572,6.4745210932
309,6.162523,6.4742687119
310,6.119359,6.4745453475
311,6.091404,6.4753595424
312,6.086491,6.4766537458
313,6.107711,6.4782937288
314,6.151671,6.4800861356
315,6.209307,6.4818207458
316,6.268883,6.4833207797
317,6.31973,6.4844816017
318,6.355206,6.4852852627
319,6.37398,6.4857894068
320,6.37959,6.4860977627
321,6.378733,6.486323322
322,6.378997,6.4865552203
323,6.386734,6.486837678
324,6.405557,6.4871649746
325,6.435728,6.4874921017
326,6.474403,6.4877563729
327,6.51657,6.4879030508
328,6.556408,6.4879071017
329,6.588764,6.4877846441
330,6.610415,6.4875906441
331,6.620815,6.4874037119
332,6.622094,6.4873030763
333,6.618303,6.4873458898
334,6.614087,6.4875527627
335,6.613257,6.4879067542
336,6.617733,6.4883653305
337,6.627263,6.4888798983
338,6.639971,6.4894141102
339,6.653509,6.4899534237
340,6.666328,6.4905021441
341,6.678591,6.4910698898
342,6.692349,6.4916534153
343,6.710854,6.4922214831
344,6.737199,6.4927096441
345,6.772771,6.4930285169
346,6.816192,6.4930846441
347,6.863258,6.4928077797
348,6.907969,6.4921753729
349,6.944263,6.491225178
350,6.967747,6.4900509407
351,6.976802,6.4887824576
352,6.972735,6.4875565593
353,6.95904,6.4864882542
354,6.940131,6.4856502542
355,6.920059,6.4850656864
356,6.90163,6.4847137966
357,6.886117,6.4845444322
358,6.87351,6.4844953983
359,6.863038,6.4845072797
360,6.853692,6.4845329068
361,6.844557,6.484541161
362,6.834959,6.4845168983
363,6.824485,6.4844587203
364,6.813013,6.4843760678
365,6.800775,6.4842857288
366,6.788408,6.4842075
367,6.776888,6.4841589068
368,6.76727,6.4841496949
369,6.760272,6.4841779492
370,6.755856,6.4842298814
371,6.753003,6.4842844407
372,6.749856,6.4843219407
373,6.744202,6.4843335424
374,6.734156,6.4843274915
375,6.718758,6.4843286949
376,6.698252,6.4843709831
377,6.673913,6.4844846949
378,6.647541,6.4846845508
379,6.62082,6.4849626949
380,6.594873,6.4852898051
381,6.570154,6.4856234322
382,6.546715,6.4859199322
383,6.524626,6.4861448644
384,6.504313,6.4862779831
385,6.486601,6.4863114237
386,6.472446,6.4862429661
387,6.462481,6.4860685847
388,6.456604,6.4857787542
389,6.453821,6.4853612542
390,6.452386,6.4848097542
391,6.450146,6.4841346271
392,6.444888,6.4833714407
393,6.434518,6.4825839915
394,6.417093,6.4818616186
395,6.390887,6.4813124661
396,6.354764,6.4810545932
397,6.30897,6.4812043305
398,6.256147,6.4818594153
399,6.201983,6.4830745847
400,6.154816,6.4848318814
401,6.123714,6.4870148644
402,6.115343,6.4894017203
403,6.130773,6.4916906271
404,6.163851,6.4935600254
405,6.202181,6.4947495424
406,6.230478,6.4951345169
407,6.234964,6.4947664237
408,6.207252,6.4938629661
409,6.146631,6.492748839
410,6.060266,6.4917634915
411,5.961233,6.4911610254
412,5.864537,6.4910255424
413,5.781042,6.491206178
414,5.705582,6.4912017542
415,5.531816,6.4893587373
416,6.325453,6.4889883136
417,6.014495,6.4923409915
418,6.01173,6.4957892712
419,6.041138,6.4986326441
420,6.075099,6.501076
421,6.10563,6.5032382966
422,6.130272,6.5051711949
423,6.14876,6.5068806949
424,6.162004,6.5083510254
425,6.171986,6.5095642373
426,6.181791,6.5105082288
427,6.195166,6.5111729915
428,6.215434,6.5115424576
429,6.24412,6.5115919322
430,6.280009,6.5112968644
431,6.319215,6.5106503475
432,6.356355,6.5096803898
433,6.386311,6.5084573136
434,6.40586,6.5070872119
435,6.414562,6.5056940932
436,6.414695,6.5043976949
437,6.410366,6.5032940339
438,6.406206,6.5024434068
439,6.406097,6.5018673136
440,6.412327,6.5015532797
441,6.425355,6.5014650593
442,6.444158,6.5015549492
443,6.466912,6.5017746864
444,6.491711,6.5020826017
445,6.517048,6.5024459661
446,6.541958,6.5028397288
447,6.565872,6.5032439831
448,6.588357,6.5036424492
449,6.60894,6.5040228814
450,6.627146,6.5043785424
451,6.642714,6.5047083136
452,6.655858,6.5050139153
453,6.667369,6.505294178
454,6.678452,6.5055388814
455,6.6903,6.5057256949
456,6.70361,6.5058229661
457,6.718258,6.5057985593
458,6.733322,6.5056317119
459,6.747447,6.5053232797
460,6.759381,6.5048999237
461,6.768457,6.5044106186
462,6.774826,6.503916661
463,6.779394,6.5034788644
464,6.783522,6.5031458559
465,6.788634,6.5029463644
466,6.795846,6.5028864407
467,6.805703,6.5029510254
468,6.818066,6.5031084915
469,6.832146,6.5033168644
470,6.846675,6.5035305508
471,6.860156,6.5037067373
472,6.871152,6.5038109322
473,6.878536,6.5038209407
474,6.881645,6.5037290254
475,6.880331,6.5035424322
476,6.874912,6.5032823729
477,6.866062,6.5029818136
478,6.854666,6.5026820932
479,6.841694,6.5024283559
480,6.828094,6.5022637712
481,6.814732,6.5022231441
482,6.802353,6.5023267119
483,6.791544,6.5025754915
484,6.782674,6.5029491525
485,6.775801,6.5034071102
486,6.770604,6.5038929661
487,6.7664,6.5043415508
488,6.762294,6.5046873305
489,6.757428,6.5048725
490,6.751225,6.5048532542
491,6.743488,6.5046035339
492,6.734298,6.5041165508
493,6.723748,6.5034049746
494,6.71167,6.5025008305
495,6.697496,6.5014550847
496,6.680362,6.5003362797
497,6.659419,6.499226661
498,6.634241,6.498214822
499,6.605141,6.4973848559
500,6.573257,6.4968038475
501,6.540334,6.4965108898
502,6.508259,6.4965112119
503,6.478523,6.4967779576
504,6.451869,6.4972617881
505,6.428281,6.4979053559
506,6.407339,6.4986576102
507,6.388744,6.4994825169
508,6.372721,6.5003587627
509,6.36009,6.5012705932
510,6.351969,6.5021931102
511,6.349278,6.5030777542
512,6.352293,6.5038439068
513,6.360458,6.5043810593
514,6.372433,6.504563339
515,6.38627,6.5042752373
516,6.399537,6.5034440593
517,6.409344,6.5020711356
518,6.412408,6.5002512119
519,6.405363,6.4981692712
520,6.385434,6.496069
521,6.351362,6.4941972288
522,6.304214,6.4927393136
523,6.247608,6.4917656695
524,6.187043,6.4912067034
525,6.128356,6.4908640932
526,6.075785,6.4904560085
527,6.03036,6.4896835763
528,5.989175,6.4882982373
529,5.945246,6.4861451102
530,5.885852,6.4831565424
531,5.78052,6.4792570169
532,5.488106,6.4739878898
533,5.488106,6.4628149746
534,6.721069,6.486377661
535,6.421392,6.4837311949
536,6.347248,6.4813962458
537,6.329454,6.4789661441
538,6.33025,6.4764643644
539,6.333712,6.4739702119
540,6.331993,6.4715908051
541,6.322259,6.4694406525
542,6.305163,6.4676187119
543,6.283377,6.4661914153
544,6.260233,6.4651869237
545,6.238763,6.4645997203
546,6.221272,6.4644002881
547,6.209302,6.4645438559
548,6.20372,6.4649754322
549,6.20476,6.4656323051
550,6.212032,6.4664472119
551,6.224639,6.4673542373
552,6.241472,6.468296322
553,6.261587,6.4692308644
554,6.284463,6.4701303983
555,6.309992,6.4709780847
556,6.338227,6.471761
557,6.369041,6.4724651441
558,6.401917,6.4730748983
559,6.435962,6.4735762797
560,6.470087,6.4739612797
561,6.503246,6.4742303051
562,6.534588,6.4743914322
563,6.563512,6.4744573559
564,6.58966,6.474442
565,6.612891,6.4743582712
566,6.633248,6.4742172203
567,6.650908,6.4740281864
568,6.666059,6.4737995
569,6.678775,6.4735402034
570,6.688929,6.4732631017
571,6.696244,6.4729888136
572,6.700496,6.4727488305
573,6.701778,6.4725848559
574,6.70073,6.472542678
575,6.69857,6.4726611186
576,6.696927,6.472959661
577,6.697491,6.4734296271
578,6.701643,6.4740329746
579,6.71017,6.4747096017
580,6.723166,6.4753906102
581,6.740099,6.4760126864
582,6.759982,6.4765287627
583,6.781563,6.4769124492
584,6.803467,6.4771565678
585,6.824284,6.4772683136
586,6.842654,6.4772641102
587,6.857361,6.4771660169
588,6.867465,6.4769999661
589,6.872451,6.4767950169
590,6.872333,6.4765823475
591,6.86769,6.4763933305
592,6.859627,6.4762565763
593,6.849644,6.4761942458
594,6.839446,6.4762184661
595,6.830695,6.4763285932
596,6.824725,6.4765101949
597,6.822273,6.4767362966
598,6.8233,6.4769711186
599,6.826953,6.4771757712
600,6.831709,6.4773151102
601,6.835636,6.4773644661
602,6.836713,6.4773151186
603,6.833132,6.4771773729
604,6.823537,6.4769802966
605,6.807202,6.4767676441
606,6.784144,6.4765903729
607,6.755157,6.4764970763
608,6.721758,6.4765246271
609,6.686024,6.476691178
610,6.650332,6.4769926525
611,6.617059,6.4774027288
612,6.588272,6.4778752627
613,6.565477,6.4783484237
614,6.549427,6.4787508136
615,6.540022,6.4790108136
616,6.536305,6.4790699831
617,6.536582,6.4788991864
618,6.538688,6.4785129492
619,6.540372,6.4779752712
620,6.539735,6.4773911017
621,6.535615,6.4768823051
622,6.52781,6.4765538814
623,6.517047,6.4764615169
624,6.504678,6.4765923136
625,6.492141,6.4768661102
626,6.480317,6.4771573983
627,6.468947,6.4773312034
628,6.456357,6.4772824915
629,6.439684,6.4769682881
630,6.415677,6.4764242712
631,6.381967,6.475762
632,6.338437,6.475147339
633,6.288191,6.4747645932
634,6.237532,6.4747732797
635,6.194593,6.4752670424
636,6.166739,6.4762453644
637,6.157531,6.4776081525
638,6.164565,6.4791780169
639,6.179328,6.4807459407
640,6.189324,6.482126822
641,6.18165,6.4832082373
642,6.146615,6.4839796102
643,6.080202,6.4845365339
644,5.984638,6.4850605339
645,5.86689,6.4857776186
646,5.735106,6.4869001441
647,5.592595,6.4885578898
648,5.425708,6.4907181525
649,5.158763,6.4930323898
650,4.169702,6.4938679831
651,8.268503,6.5030854492
652,6.408786,6.4928047712
653,6.145868,6.4937397373
654,6.060496,6.4950556695
655,6.034244,6.4959262881
656,6.03594,6.4962335
657,6.052942,6.4960854068
658,6.078275,6.4956948898
659,6.10727,6.4953065763
660,6.136742,6.4951390932
661,6.164847,6.4953420932
662,6.190943,6.495971322
663,6.21523,6.4969836186
664,6.238213,6.4982517712
665,6.260228,6.4995963305
666,6.281231,6.5008271525
667,6.300919,6.5017843475
668,6.319061,6.5023677712
669,6.335805,6.5025481102
670,6.351748,6.5023593475
671,6.367732,6.5018790847
672,6.38449,6.5012062034
673,6.402376,6.5004432288
674,6.421316,6.499685661
675,6.440992,6.4990157712
676,6.46108,6.4984970085
677,6.481392,6.4981675339
678,6.501832,6.4980344576
679,6.522259,6.4980723898
680,6.542367,6.4982288559
681,6.5617,6.4984366102
682,6.57978,6.4986297034
683,6.596247,6.4987587966
684,6.610942,6.4988014915
685,6.623923,6.4987649492
686,6.635462,6.4986804407
687,6.646077,6.4985916525
688,6.656563,6.4985401186
689,6.667926,6.4985519153
690,6.681147,6.4986295339
691,6.696801,6.4987512119
692,6.714706,6.4988781695
693,6.733798,6.4989672627
694,6.752383,6.498985
695,6.768686,6.4989177712
696,6.781485,6.4987749153
697,6.790529,6.4985837797
698,6.796571,6.4983794068
699,6.800996,6.4981932542
700,6.805257,6.4980454068
701,6.810369,6.4979424492
702,6.816653,6.4978802797
703,6.823788,6.4978494237
704,6.831079,6.4978398814
705,6.837767,6.4978438814
706,6.843281,6.4978564492
707,6.847356,6.4978745932
708,6.850029,6.4978958729
709,6.851553,6.4979169831
710,6.852272,6.4979326525
711,6.852502,6.4979353814
712,6.852441,6.4979165424
713,6.852124,6.4978688983
714,6.851405,6.4977896271
715,6.849982,6.4976824407
716,6.847449,6.4975571864
717,6.843395,6.4974264237
718,6.837533,6.4972998559
719,6.829813,6.4971789831
720,6.820459,6.497054322
721,6.809877,6.4969068305
722,6.798444,6.4967133559
723,6.786284,6.4964543559
724,6.773135,6.4961209915
725,6.758408,6.495719161
726,6.741411,6.4952690932
727,6.721598,6.494801322
728,6.698721,6.4943514407
729,6.672818,6.4939563475
730,6.644105,6.4936532542
731,6.612959,6.4934804576
732,6.580107,6.4934764661
733,6.547004,6.4936739153
734,6.516151,6.4940869322
735,6.491006,6.4946950339
736,6.475242,6.4954306695
737,6.47144,6.4961790593
738,6.479697,6.4967956271
739,6.496861,6.4971393051
740,6.516911,6.4971117627
741,6.532481,6.4966882542
742,6.536986,6.4959277966
743,6.526513,6.4949584407
744,6.500826,6.4939434407
745,6.463199,6.493040822
746,6.419281,6.4923698051
747,6.37549,6.4919929576
748,6.337529,6.4919155847
749,6.309437,6.4920973305
750,6.293273,6.4924677034
751,6.289216,6.4929385085
752,6.295796,6.4934107288
753,6.310035,6.4937785424
754,6.327548,6.4939360169
755,6.342775,6.4937909153
756,6.34958,6.4932861695
757,6.342272,6.4924238305
758,6.316931,6.4912822034
759,6.272672,6.4900151864
760,6.212332,6.4888259322
761,6.142034,6.4879145085
762,6.069254,6.4874103983
763,5.999348,6.4873095508
764,5.93072,6.4874365339
765,5.847506,6.4874346949
766,5.698788,6.4867308898
767,5.257363,6.484139822
768,5.257363,6.4716750085
769,7.055383,6.5067041949
770,6.519112,6.5059414237
771,6.301148,6.5061008305
772,6.163229,6.5066476695
773,6.070495,6.5077568136
774,6.018465,6.5094881017
775,6.006861,6.511702
776,6.032454,6.5140950678
777,6.087507,6.5162893305
778,6.160696,6.5179359746
779,6.239096,6.5188005254
780,6.310394,6.5188089831
781,6.364872,6.5180491525
782,6.396871,6.5167348559
783,6.405465,6.5151488898
784,6.39418,6.5135829068
785,6.369763,6.5122881356
786,6.340341,6.5114438983
787,6.313531,6.5111440678
788,6.295077,6.511397661
789,6.288332,6.5121389322
790,6.294459,6.5132434068
791,6.312983,6.5145485085
792,6.342269,6.5158780593
793,6.379778,6.5170695
794,6.422202,6.5180003136
795,6.465689,6.5186080678
796,6.506308,6.518898339
797,6.540722,6.5189372712
798,6.566882,6.5188301186
799,6.584485,6.5186917203
800,6.595013,6.5186173559
801,6.601285,6.5186619831
802,6.60663,6.5188328051
803,6.613951,6.5190958644
804,6.624985,6.5193930593
805,6.639996,6.5196633559
806,6.657955,6.5198613814
807,6.677085,6.5199684746
808,6.695505,6.5199942458
809,6.711782,6.5199701017
810,6.725219,6.5199377373
811,6.735891,6.5199363983
812,6.74445,6.5199921186
813,6.751829,6.5201114915
814,6.758931,6.5202812034
815,6.766413,6.5204731356
816,6.774605,6.5206532881
817,6.78355,6.5207915424
818,6.793108,6.520869339
819,6.803033,6.5208832627
820,6.813012,6.5208444492
821,6.822662,6.5207747627
822,6.831551,6.5207015847
823,6.83925,6.5206524915
824,6.845422,6.5206508729
825,6.849867,6.5207126695
826,6.85252,6.5208446441
827,6.853402,6.5210440763
828,6.852594,6.5212996864
829,6.850279,6.5215932203
830,6.846819,6.5219011271
831,6.84277,6.5221962119
832,6.838757,6.5224497712
833,6.835202,6.5226349492
834,6.832019,6.5227315763
835,6.82846,6.5227316186
836,6.82327,6.5226433051
837,6.815103,6.522491661
838,6.803055,6.5223143983
839,6.787047,6.5221538051
840,6.767882,6.5220470847
841,6.746947,6.5220182712
842,6.725719,6.5220740254
843,6.7053,6.5222041271
844,6.686214,6.5223858898
845,6.668512,6.5225905424
846,6.6521,6.5227895932
847,6.637053,6.5229595169
848,6.623715,6.5230839661
849,6.612488,6.5231535763
850,6.603406,6.5231640678
851,6.59574,6.5231142203
852,6.587907,6.5230053305
853,6.577811,6.5228430085
854,6.563552,6.5226407966
855,6.544195,6.5224232881
856,6.520251,6.5222259661
857,6.493611,6.5220899237
858,6.466937,6.5220520424
859,6.442747,6.5221335932
860,6.422602,6.5223315847
861,6.406743,6.5226163475
862,6.394317,6.5229363559
863,6.384019,6.5232286271
864,6.374813,6.5234316525
865,6.36636,6.5234978051
866,6.358975,6.5234033136
867,6.353141,6.5231544153
868,6.348828,6.5227886525
869,6.344938,6.5223706695
870,6.339198,6.5219825847
871,6.328617,6.5217103814
872,6.310426,6.5216286102
873,6.283215,6.5217855932
874,6.247824,6.5221904153
875,6.20756,6.5228029576
876,6.167423,6.5235297373
877,6.13234,6.5242308814
878,6.104784,6.5247452542
879,6.082549,6.5249390339
880,6.057354,6.524776822
881,6.014332,6.524407161
882,5.930503,6.5242542712
883,5.764457,6.5251356102
884,5.393042,6.5285614068
885,3.786515,6.538313839
886,9.390807,6.6162218559
887,6.965376,6.5817097627
888,6.537922,6.5728270339
889,6.365675,6.5699478051
890,6.294108,6.5701177542
891,6.274787,6.5719382203
892,6.279705,6.5744565847
893,6.289243,6.5769697373
894,6.291377,6.5789787627
895,6.281811,6.5801705085
896,6.262713,6.5804057797
897,6.240094,6.5797121695
898,6.220734,6.5782737627
899,6.209785,6.5764023644
900,6.209727,6.5744775254
901,6.220679,6.5728610763
902,6.241397,6.5718123644
903,6.270143,6.5714355085
904,6.304961,6.5716748814
905,6.343455,6.5723542458
906,6.382547,6.5732411441
907,6.41866,6.574114322
908,6.448461,6.5748152034
909,6.46987,6.575271661
910,6.482859,6.5754922373
911,6.489614,6.5755379915
912,6.493917,6.5754849831
913,6.499941,6.5753915593
914,6.510902,6.5752806949
915,6.528078,6.5751408559
916,6.550551,6.5749416695
917,6.57571,6.5746558559
918,6.600279,6.5742779746
919,6.621442,6.5738332034
920,6.637671,6.5733740508
921,6.64902,6.5729675339
922,6.65688,6.5726780424
923,6.663363,6.5725514407
924,6.670592,6.5726045593
925,6.680126,6.572821822
926,6.692656,6.573158839
927,6.707963,6.5735514153
928,6.725061,6.5739279322
929,6.742466,6.5742230169
930,6.758536,6.5743899492
931,6.771855,6.574409661
932,6.781579,6.5742944661
933,6.787671,6.5740857712
934,6.790919,6.5738463136
935,6.79273,6.5736485508
936,6.794751,6.5735613729
937,6.798453,6.5736376271
938,6.804789,6.5739046356
939,6.814027,6.5743595
940,6.825758,6.5749700254
941,6.839059,6.5756808814
942,6.852714,6.5764232712
943,6.86544,6.5771260339
944,6.876053,6.5777260254
945,6.883564,6.5781766186
946,6.887231,6.5784537542
947,6.886612,6.5785593729
948,6.881639,6.5785216271
949,6.87269,6.5783908475
950,6.860608,6.578230839
951,6.846604,6.5781061441
952,6.832024,6.5780678644
953,6.818039,6.5781421102
954,6.805376,6.5783247119
955,6.794186,6.5785840763
956,6.784105,6.5788714153
957,6.774454,6.5791347966
958,6.764482,6.5793327458
959,6.753526,6.5794433136
960,6.741071,6.5794667627
961,6.726748,6.5794219068
962,6.710363,6.5793382542
963,6.692,6.5792466441
964,6.672151,6.5791708559
965,6.651738,6.5791217542
966,6.631929,6.5790947288
967,6.613726,6.5790707034
968,6.597524,6.5790209237
969,6.582891,6.5789148983
970,6.568753,6.5787297034
971,6.55395,6.578457839
972,6.537886,6.5781105254
973,6.520911,6.5777147712
974,6.504198,6.5773052119
975,6.489141,6.576914161
976,6.47656,6.5765642373
977,6.46611,6.5762664237
978,6.456204,6.5760232203
979,6.444504,6.5758330763
980,6.428805,6.5756912458
981,6.407976,6.5755840254
982,6.382619,6.5754780254
983,6.35521,6.575310678
984,6.329605,6.5749906864
985,6.309981,6.5744152712
986,6.299506,6.5735048983
987,6.299144,6.5722465763
988,6.307078,6.5707283814
989,6.318968,6.5691454576
990,6.32895,6.5677665847
991,6.330984,6.5668683729
992,6.320104,6.5666602203
993,6.29332,6.5672267203
994,6.250158,6.5685035508
995,6.193036,6.570287839
996,6.12765,6.5722715932
997,6.063408,6.5740807373
998,6.013734,6.5752992458
999,5.996291,6.5754543305
1000,6.034501,6.5739183559
1001,6.168701,6.5695722712
1002,6.543829,6.5592111017
1003,12.979661,6.5456708814
1004,5.31838,6.5017394237
1005,5.917214,6.5136579068
1006,6.198173,6.5181575932
1007,6.385729,6.5193151186
1008,6.508923,6.5184680847
1009,6.571954,6.5164433136
1010,6.576257,6.5139083475
1011,6.526308,6.5114373814
1012,6.432003,6.5095024068
1013,6.309573,6.5084424492
1014,6.180867,6.5084302458
1015,6.070362,6.5094485508
1016,5.999909,6.5112901017
1017,5.982654,6.5135950932
1018,6.018986,6.515930161
1019,6.096931,6.5178921017
1020,6.196928,6.5192019746
1021,6.298389,6.5197568475
1022,6.385126,6.5196274915
1023,6.448109,6.5190128898
1024,6.485582,6.518173178
1025,6.501364,6.5173619831
1026,6.502323,6.5167732712
1027,6.495898,6.5165111695
1028,6.488258,6.5165851949
1029,6.483359,6.5169276864
1030,6.482893,6.5174260169
1031,6.486859,6.5179596186
1032,6.494401,6.5184320508
1033,6.504574,6.5187909068
1034,6.516825,6.5190323559
1035,6.53112,6.5191917881
1036,6.547796,6.5193255254
1037,6.567262,6.5194901695
1038,6.589702,6.5197256186
1039,6.61486,6.5200453559
1040,6.641941,6.5204348136
1041,6.669631,6.5208566441
1042,6.696229,6.521260678
1043,6.719894,6.5215962627
1044,6.73898,6.5218245678
1045,6.752392,6.5219285847
1046,6.759881,6.5219185932
1047,6.762164,6.5218314915
1048,6.760862,6.5217235847
1049,6.758262,6.5216579661
1050,6.756953,6.5216892966
1051,6.759415,6.5218497966
1052,6.767583,6.5221400424
1053,6.782443,6.522527178
1054,6.803749,6.5229509831
1055,6.82996,6.5233361186
1056,6.858463,6.5236072712
1057,6.886069,6.5237031949
1058,6.909639,6.5235864915
1059,6.926661,6.5232476271
1060,6.93564,6.5227037034
1061,6.936239,6.5219937627
1062,6.929223,6.5211725678
1063,6.916266,6.5203041017
1064,6.899694,6.5194548644
1065,6.882158,6.5186864407
1066,6.866207,6.5180473559
1067,6.853809,6.5175652542
1068,6.845894,6.5172416949
1069,6.842087,6.5170519153
1070,6.840785,6.5169510763
1071,6.839586,6.5168858814
1072,6.835981,6.5168088559
1073,6.828092,6.5166908729
1074,6.815184,6.5165278729
1075,6.797812,6.5163396017
1076,6.777529,6.5161606017
1077,6.756293,6.5160268983
1078,6.735778,6.5159631271
1079,6.716877,6.5159746695
1080,6.699553,6.5160470085
1081,6.683057,6.5161514237
1082,6.666357,6.5162542881
1083,6.648549,6.5163266695
1084,6.629094,6.5163522627
1085,6.607852,6.5163323729
1086,6.585013,6.5162871864
1087,6.561038,6.5162522119
1088,6.536673,6.5162692966
1089,6.512967,6.5163730424
1090,6.491187,6.516576161
1091,6.472583,6.5168592797
1092,6.458054,6.5171703051
1093,6.44785,6.5174353983
1094,6.441418,6.5175792797
1095,6.437412,6.5175486017
1096,6.433767,6.5173309746
1097,6.427768,6.5169640339
1098,6.416153,6.5165325593
1099,6.395468,6.5161555254
1100,6.362872,6.5159665169
1101,6.317451,6.5160908814
1102,6.261706,6.5166212373
1103,6.202557,6.5175927797
1104,6.151024,6.5189614661
1105,6.119997,6.5205916441
1106,6.120293,6.5222625254
1107,6.156261,6.5237007119
1108,6.222961,6.5246372119
1109,6.306422,6.524874322
1110,6.386951,6.5243403814
1111,6.443986,6.5231147034
1112,6.460704,6.5214182542
1113,6.427119,6.5195773305
1114,6.341129,6.5179720339
1115,6.207192,6.5169799407
1116,6.032034,6.5169232542
1117,5.815046,6.5180275508
1118,5.521663,6.5203983814
1119,4.946083,6.5239760254
1120,4.946083,6.5271968898
1121,7.795749,6.5551450678
1122,6.724761,6.5464704153
1123,6.448177,6.5447291186
1124,6.334761,6.5441402034
1125,6.285779,6.5436073898
1126,6.27,6.5427785508
1127,6.272828,6.5415939746
1128,6.284683,6.5401590678
1129,6.297981,6.5386694237
1130,6.306928,6.5373437881
1131,6.308133,6.5363648898
1132,6.301027,6.5358384407
1133,6.287665,6.5357781525
1134,6.271898,6.5361168475
1135,6.258192,6.5367365254
1136,6.250495,6.5375053983
1137,6.251496,6.5383092288
1138,6.262403,6.5390677712
1139,6.283125,6.5397343051
1140,6.312603,6.5402837966
1141,6.349023,6.5406993051
1142,6.389861,6.5409650254
1143,6.431896,6.5410685678
1144,6.471395,6.5410090847
1145,6.504633,6.540805
1146,6.528672,6.5404957627
1147,6.542162,6.5401360678
1148,6.545858,6.5397844915
1149,6.542606,6.5394907797
1150,6.536746,6.5392857881
1151,6.533065,6.5391766271
1152,6.535638,6.5391475932
1153,6.546901,6.5391658644
1154,6.567224,6.5391899492
1155,6.595045,6.5391787119
1156,6.627431,6.5390991695
1157,6.660816,6.5389318898
1158,6.691717,6.5386739068
1159,6.717307,6.5383393475
1160,6.735828,6.5379581695
1161,6.746834,6.5375731102
1162,6.751254,6.5372346695
1163,6.751213,6.5369942288
1164,6.749603,6.5368956864
1165,6.749431,6.5369669407
1166,6.753119,6.5372131949
1167,6.761959,6.5376137881
1168,6.775892,6.5381238051
1169,6.793664,6.5386802797
1170,6.813265,6.5392117881
1171,6.832452,6.5396497034
1172,6.849195,6.5399392119
1173,6.861956,6.5400485254
1174,6.869782,6.5399746949
1175,6.872298,6.5397448305
1176,6.869653,6.5394117712
1177,6.862478,6.5390442966
1178,6.851867,6.5387132627
1179,6.839338,6.5384764746
1180,6.826744,6.5383659237
1181,6.816056,6.5383807881
1182,6.80902,6.5384883814
1183,6.806746,6.5386331695
1184,6.809319,6.5387514831
1185,6.815629,6.5387880085
1186,6.8235,6.5387091864
1187,6.830188,6.5385097458
1188,6.833092,6.5382106356
1189,6.830497,6.5378499068
1190,6.822059,6.5374700508
1191,6.808858,6.5371063644
1192,6.792968,6.5367799068
1193,6.77669,6.536496322
1194,6.761752,6.5362497034
1195,6.748768,6.5360286695
1196,6.73714,6.5358219237
1197,6.725413,6.5356216186
1198,6.711874,6.5354243729
1199,6.695195,6.5352312627
1200,6.674898,6.5350475763
1201,6.651569,6.5348824153
1202,6.626747,6.5347469407
1203,6.60252,6.5346503729
1204,6.580886,6.5345942881
1205,6.563054,6.5345677288
1206,6.548915,6.5345465678
1207,6.536935,6.534499678
1208,6.524595,6.5344012458
1209,6.509284,6.5342451949
1210,6.489335,6.5340555424
1211,6.464828,6.5338870424
1212,6.437798,6.5338133898
1213,6.411732,6.5339048898
1214,6.390468,6.5342016949
1215,6.376854,6.5346909492
1216,6.371663,6.5352959576
1217,6.373165,6.5358819407
1218,6.377547,6.5362787542
1219,6.380033,6.5363165678
1220,6.376348,6.5358680678
1221,6.364062,6.5348884068
1222,6.343385,6.5334421525
1223,6.317161,6.5317054153
1224,6.289999,6.5299339915
1225,6.266768,6.5283989492
1226,6.25094,6.5273069746
1227,6.243417,6.5267348305
1228,6.242321,6.5266041186
1229,6.243805,6.5267049153
1230,6.243475,6.526757322
1231,6.237694,6.5264894068
1232,6.224062,6.5257110678
1233,6.200503,6.5243714746
1234,6.162341,6.5225996356
1235,6.094804,6.5207465254
1236,5.943825,6.519504161
1237,5.326145,6.5205201102
1238,8.243968,6.5361442627
1239,6.77214,6.5122668983
1240,6.519288,6.5038021271
1241,6.378685,6.4988785508
1242,6.271889,6.496226661
1243,6.187976,6.4953741949
1244,6.13022,6.495948178
1245,6.103509,6.4975365254
1246,6.108905,6.499681678
1247,6.141556,6.5019287627
1248,6.191418,6.5038934746
1249,6.246012,6.5053213729
1250,6.293913,6.5061172542
1251,6.327631,6.506335839
1252,6.34502,6.5061387203
1253,6.348919,6.5057326017
1254,6.345347,6.5053081864
1255,6.341004,6.5049968305
1256,6.341054,6.5048542203
1257,6.347965,6.5048700678
1258,6.361633,6.5049940424
1259,6.380378,6.5051647373
1260,6.402079,6.5053314407
1261,6.424877,6.5054647797
1262,6.447313,6.5055582542
1263,6.468143,6.505624839
1264,6.486228,6.5056921186
1265,6.500676,6.5057966525
1266,6.5112,6.5059767797
1267,6.518417,6.5062631949
1268,6.523865,6.5066684746
1269,6.529639,6.5071788644
1270,6.537794,6.5077524831
1271,6.549743,6.5083264746
1272,6.565898,6.5088326356
1273,6.585659,6.5092169746
1274,6.607692,6.5094564746
1275,6.630374,6.5095665339
1276,6.652239,6.5095958559
1277,6.672328,6.5096102966
1278,6.690391,6.5096715932
1279,6.706898,6.5098184661
1280,6.722882,6.5100563814
1281,6.739585,6.5103582627
1282,6.758011,6.5106747881
1283,6.778489,6.5109497712
1284,6.800389,6.5111354153
1285,6.822141,6.5112033983
1286,6.841556,6.5111495847
1287,6.856382,6.5109926864
1288,6.864939,6.5107687797
1289,6.866614,6.5105237373
1290,6.862094,6.5103054492
1291,6.853244,6.510156661
1292,6.842658,6.5101088475
1293,6.832997,6.5101775424
1294,6.826291,6.5103598051
1295,6.823416,6.5106347288
1296,6.823926,6.5109676864
1297,6.826293,6.5113178644
1298,6.828498,6.5116476525
1299,6.828752,6.5119309492
1300,6.826105,6.5121576949
1301,6.820707,6.5123327712
1302,6.813629,6.5124698136
1303,6.806328,6.5125828898
1304,6.799966,6.5126799661
1305,6.794893,6.512761322
1306,6.790526,6.5128232542
1307,6.785674,6.5128639661
1308,6.779144,6.5128873814
1309,6.770336,6.5129016949
1310,6.759505,6.5129129915
1311,6.747589,6.5129178559
1312,6.73567,6.5128999322
1313,6.724372,6.512833839
1314,6.713504,6.5126956271
1315,6.702138,6.5124752627
1316,6.689087,6.5121851441
1317,6.67352,6.5118601271
1318,6.655409,6.5115487966
1319,6.635583,6.5112995254
1320,6.615352,6.5111472797
1321,6.595902,6.5111067203
1322,6.577752,6.5111740678
1323,6.560557,6.5113362797
1324,6.543382,6.5115825932
1325,6.52532,6.5119121186
1326,6.506181,6.5123326271
1327,6.486905,6.5128495254
1328,6.469452,6.5134487458
1329,6.456137,6.5140810339
1330,6.448595,6.5146559068
1331,6.446755,6.5150509831
1332,6.4482,6.5151373475
1333,6.448245,6.5148157119
1334,6.440809,6.5140534746
1335,6.419989,6.5129108983
1336,6.382009,6.5115456102
1337,6.32711,6.5101895254
1338,6.260748,6.509099322
1339,6.193404,6.5084910339
1340,6.13845,6.5084777542
1341,6.108133,6.5090337288
1342,6.108864,6.5100037288
1343,6.137915,6.5111612288
1344,6.183427,6.5122965763
1345,6.227993,6.5132986356
1346,6.254215,6.5141938814
1347,6.249989,6.5151263136
1348,6.211861,6.5162870508
1349,6.14585,6.517820339
1350,6.06599,6.5197363136
1351,5.991426,6.5218522119
1352,5.943674,6.523765
1353,5.948205,6.5248196949
1354,6.063707,6.5238755169
1355,7.169795,6.5163884322
1356,5.426439,6.5120014576
1357,5.773297,6.5167561695
1358,5.938306,6.5169587797
1359,6.065762,6.5150104068
1360,6.171298,6.511781161
1361,6.255706,6.5079207797
1362,6.317645,6.5040072712
1363,6.356637,6.5005477712
1364,6.374061,6.4979436102
1365,6.373392,6.4964497034
1366,6.35991,6.4961450932
1367,6.339926,6.4969268983
1368,6.319706,6.4985345254
1369,6.304371,6.5006030763
1370,6.297098,6.5027369915
1371,6.298838,6.5045882288
1372,6.308607,6.5059204492
1373,6.324176,6.5066426525
1374,6.342924,6.5068039492
1375,6.362594,6.5065531864
1376,6.381775,6.5060791695
1377,6.400049,6.5055530508
1378,6.417813,6.5050907034
1379,6.435907,6.5047425
1380,6.45517,6.5045062797
1381,6.476082,6.5043520763
1382,6.498563,6.5042458475
1383,6.521931,6.5041632373
1384,6.544997,6.5040914237
1385,6.56624,6.5040231017
1386,6.584091,6.5039501949
1387,6.597326,6.5038626102
1388,6.605525,6.5037529322
1389,6.60947,6.5036230085
1390,6.61125,6.5034869068
1391,6.61392,6.5033670508
1392,6.620679,6.5032847542
1393,6.633834,6.5032503644
1394,6.653943,6.5032589746
1395,6.679561,6.5032944322
1396,6.707722,6.5033395763
1397,6.734972,6.5033867542
1398,6.758504,6.5034425847
1399,6.776935,6.5035241186
1400,6.790459,6.5036481356
1401,6.800395,6.503818839
1402,6.808411,6.5040199915
1403,6.815791,6.5042152966
1404,6.823042,6.5043571441
1405,6.829961,6.5044003644
1406,6.836024,6.504315661
1407,6.840856,6.5040982627
1408,6.844537,6.5037695339
1409,6.847602,6.5033718136
1410,6.850764,6.5029587373
1411,6.854504,6.502584
1412,6.858732,6.5022912966
1413,6.862705,6.5021073983
1414,6.865247,6.5020391102
1415,6.865208,6.5020739661
1416,6.861927,6.5021836356
1417,6.855508,6.5023292627
1418,6.846764,6.5024677881
1419,6.836878,6.5025589915
1420,6.826972,6.5025726017
1421,6.817783,6.5024941441
1422,6.809566,6.5023279746
1423,6.802201,6.5020960508
1424,6.79533,6.5018322288
1425,6.788437,6.5015740932
1426,6.780833,6.5013549237
1427,6.771669,6.5011985763
1428,6.760079,6.5011180847
1429,6.745474,6.501117
1430,6.727871,6.5011915169
1431,6.708063,6.5013317797
1432,6.687501,6.5015221356
1433,6.667904,6.5017412542
1434,6.650735,6.5019631186
1435,6.636783,6.502159322
1436,6.625995,6.5023017712
1437,6.617618,6.502364661
1438,6.610566,6.5023249153
1439,6.603849,6.502161339
1440,6.596893,6.5018540678
1441,6.589622,6.5013858898
1442,6.582266,6.5007466356
1443,6.57494,6.4999401695
1444,6.567175,6.498992178
1445,6.557613,6.4979560508
1446,6.544062,6.4969141186
1447,6.523972,6.4959724576
1448,6.495214,6.4952488983
1449,6.456946,6.4948549153
1450,6.410247,6.4948728983
1451,6.358301,6.4953317627
1452,6.305985,6.4961856017
1453,6.258885,6.4973027288
1454,6.221991,6.4984735339
1455,6.198466,6.4994429153
1456,6.18897,6.4999657797
1457,6.191837,6.4998737119
1458,6.204055,6.4991314407
1459,6.222593,6.4978593898
1460,6.245449,6.4963075932
1461,6.271886,6.4947858898
1462,6.30167,6.4935766864
1463,6.333632,6.4928655847
1464,6.364242,6.4927150508
1465,6.386956,6.4930839492
1466,6.392789,6.4938756186
1467,6.371935,6.4949882203
1468,6.315666,6.4963436356
1469,6.217135,6.4978772288
1470,6.068128,6.4994649153
1471,5.836792,6.5006747458
1472,5.180231,6.4992518305
1473,6.652132,6.5033929915
1474,5.987495,6.5093882288
1475,5.797205,6.5167817881
1476,5.708398,6.5239976949
1477,5.684711,6.5308645847
1478,5.715773,6.5371692288
1479,5.793912,6.5426671017
1480,5.909424,6.5471214746
1481,6.049346,6.5503429237
1482,6.19778,6.5522272542
1483,6.337448,6.5527857542
1484,6.452163,6.5521590763
1485,6.529626,6.5506081695
1486,6.563795,6.5484811271
1487,6.556173,6.5461615085
1488,6.515544,6.5440084407
1489,6.45604,6.5423014746
1490,6.393827,6.5412024661
1491,6.343209,6.5407433475
1492,6.313334,6.5408424153
1493,6.30666,6.5413436441
1494,6.319693,6.5420660847
1495,6.345492,6.5428477458
1496,6.376725,6.5435725085
1497,6.408033,6.5441770424
1498,6.436974,6.5446423559
1499,6.463547,6.5449784831
1500,6.488815,6.5452102119
1501,6.513457,6.5453684746
1502,6.536935,6.5454874746
1503,6.557637,6.5456047966
1504,6.573756,6.5457600339
1505,6.584384,6.5459897203
1506,6.590194,6.5463191441
1507,6.59341,6.5467546186
1508,6.597107,6.5472803644
1509,6.604209,6.5478624576
1510,6.616621,6.548458678
1511,6.63485,6.5490300424
1512,6.658127,6.549548339
1513,6.684888,6.5499965424
1514,6.713289,6.5503626525
1515,6.74156,6.5506317797
1516,6.768125,6.5507821695
1517,6.791569,6.5507888051
1518,6.810602,6.5506340169
1519,6.824131,6.5503205593
1520,6.831457,6.5498810763
1521,6.832529,6.5493790508
1522,6.828142,6.5488997458
1523,6.819966,6.5485333898
1524,6.810371,6.5483553644
1525,6.802066,6.5484087034
1526,6.797606,6.5486929576
1527,6.798859,6.5491620424
1528,6.806545,6.5497317797
1529,6.819965,6.5502962203
1530,6.837032,6.5507500254
1531,6.854647,6.5510122119
1532,6.86936,6.5510454746
1533,6.878149,6.5508654153
1534,6.879111,6.5505366441
1535,6.871854,6.5501562542
1536,6.857526,6.5498293559
1537,6.838484,6.5496437119
1538,6.817714,6.5496505339
1539,6.798175,6.5498561186
1540,6.782199,6.5502251017
1541,6.77107,6.5506928814
1542,6.76487,6.5511825424
1543,6.762575,6.5516214915
1544,6.762384,6.5519543559
1545,6.762171,6.5521504068
1546,6.759951,6.5522055254
1547,6.754267,6.5521394237
1548,6.744422,6.5519889661
1549,6.730525,6.5517987288
1550,6.713357,6.5516101949
1551,6.694084,6.5514519322
1552,6.673887,6.5513333814
1553,6.653592,6.5512444068
1554,6.633416,6.5511612458
1555,6.612928,6.5510571949
1556,6.591264,6.5509146102
1557,6.567591,6.5507340763
1558,6.541648,6.5505371695
1559,6.51419,6.5503615085
1560,6.487103,6.5502493136
1561,6.463077,6.5502331356
1562,6.444912,6.5503236949
1563,6.434665,6.5505038305
1564,6.432946,6.5507305254
1565,6.438592,6.5509439661
1566,6.448724,6.5510804407
1567,6.459068,6.5510860508
1568,6.464393,6.5509299237
1569,6.459054,6.5506170169
1570,6.437806,6.5502004492
1571,6.39704,6.5497902966
1572,6.336378,6.5495520254
1573,6.260164,6.5496865424
1574,6.178106,6.5503875932
1575,6.104249,6.5517816864
1576,6.053953,6.5538672373
1577,6.039481,6.5564773051
1578,6.065888,6.5592864831
1579,6.1292,6.5618662542
1580,6.21776,6.563771339
1581,6.315869,6.5646271441
1582,6.407772,6.5641921102
1583,6.480373,6.562383661
1584,6.524076,6.5592702797
1585,6.531874,6.5550386695
1586,6.49663,6.5499441864
1587,6.404482,6.544244
1588,6.210888,6.5380684492
1589,5.668888,6.5308154661
1590,5.668888,6.4992644237
1591,7.35957,6.5115185254
1592,6.859935,6.5043603983
1593,6.648682,6.5003100932
1594,6.518691,6.4977971271
1595,6.428659,6.4964722034
1596,6.364522,6.4961121356
1597,6.319528,6.4964639661
1598,6.289555,6.497223322
1599,6.271697,6.4980578136
1600,6.263683,6.4986530085
1601,6.2635,6.4987664407
1602,6.269156,6.4982745847
1603,6.278635,6.4971973898
1604,6.29008,6.4956888475
1605,6.302111,6.4939924915
1606,6.314122,6.4923745339
1607,6.326357,6.4910568983
1608,6.339651,6.4901714407
1609,6.354899,6.4897460593
1610,6.372479,6.4897204492
1611,6.391908,6.4899805169
1612,6.411929,6.4903978729
1613,6.431014,6.4908628475
1614,6.44806,6.4913037034
1615,6.46294,6.491689822
1616,6.476637,6.4920217627
1617,6.490891,6.4923141949
1618,6.50749,6.4925791864
1619,6.527499,6.4928157797
1620,6.550779,6.4930087712
1621,6.575955,6.4931352288
1622,6.600859,6.4931750339
1623,6.623256,6.4931206017
1624,6.64158,6.4929823559
1625,6.655448,6.4927884831
1626,6.665794,6.4925790424
1627,6.674563,6.4923959746
1628,6.684042,6.492271678
1629,6.696009,6.4922197881
1630,6.711015,6.4922320593
1631,6.728089,6.4922832712
1632,6.745046,6.4923429746
1633,6.759306,6.4923894068
1634,6.768908,6.4924193644
1635,6.773304,6.4924495593
1636,6.773614,6.4925087034
1637,6.772272,6.4926238644
1638,6.772218,6.4928069153
1639,6.775971,6.4930467797
1640,6.784912,6.4933102797
1641,6.798959,6.4935508644
1642,6.816665,6.4937222119
1643,6.835608,6.4937924492
1644,6.852958,6.4937558644
1645,6.866088,6.4936394746
1646,6.873149,6.4935030254
1647,6.873514,6.4934313559
1648,6.86797,6.4935192034
1649,6.858572,6.4938502203
1650,6.848113,6.4944742542
1651,6.839354,6.4953889237
1652,6.834225,6.4965315254
1653,6.83328,6.4977853983
1654,6.83562,6.4990007203
1655,6.839289,6.5000251271
1656,6.841973,6.5007360847
1657,6.841715,6.5010660678
1658,6.837397,6.5010133729
1659,6.82885,6.5006357627
1660,6.816666,6.5000296356
1661,6.801853,6.4993021017
1662,6.785518,6.4985456271
1663,6.768675,6.4978231864
1664,6.752151,6.4971671102
1665,6.736513,6.4965891102
1666,6.721974,6.4960948475
1667,6.708278,6.4956952288
1668,6.694682,6.4954090424
1669,6.680095,6.4952557966
1670,6.663388,6.4952429153
1671,6.643779,6.4953542712
1672,6.621138,6.4955467458
1673,6.596103,6.4957579153
1674,6.569961,6.4959225169
1675,6.544356,6.4959912288
1676,6.52092,6.4959434915
1677,6.500951,6.4957882542
1678,6.485194,6.4955518898
1679,6.473763,6.4952586695
1680,6.466168,6.4949131017
1681,6.461415,6.4944927458
1682,6.458132,6.4939555254
1683,6.454696,6.4932595254
1684,6.449386,6.4923888136
1685,6.440645,6.4913767373
1686,6.42747,6.4903179237
1687,6.409899,6.4893622373
1688,6.389408,6.4886879831
1689,6.368924,6.4884578136
1690,6.352251,6.4887686271
1691,6.342888,6.4896113644
1692,6.342609,6.4908562542
1693,6.350344,6.4922714068
1694,6.361941,6.4935715085
1695,6.370964,6.4944828814
1696,6.370301,6.4948063559
1697,6.354,6.4944606525
1698,6.318745,6.4934952119
1699,6.264535,6.4920694746
1700,6.194375,6.4904029915
1701,6.112994,6.4887071864
1702,6.024746,6.4871122288
1703,5.930725,6.4855975678
1704,5.824008,6.4839102203
1705,5.675767,6.4813582881
1706,5.355036,6.4757206017
1707,1.945865,6.4728009746
1708,7.114872,6.5314073729
1709,6.514911,6.5313491864
1710,6.381999,6.5328712034
1711,6.352152,6.5338985678
1712,6.36235,6.5342610085
1713,6.386171,6.5339747288
1714,6.406038,6.533126839
1715,6.409132,6.5318709746
1716,6.388025,6.5304250339
1717,6.34193,6.5290505254
1718,6.277068,6.5280113475
1719,6.205461,6.5275200763
1720,6.142047,6.5276873136
1721,6.100627,6.5284924492
1722,6.08991,6.5297895508
1723,6.111192,6.5313497542
1724,6.158641,6.5329256525
1725,6.221873,6.5343135847
1726,6.289456,6.5353922542
1727,6.351877,6.5361294492
1728,6.403167,6.5365630254
1729,6.441156,6.5367702203
1730,6.466796,6.5368387119
1731,6.483035,6.5368468898
1732,6.493622,6.5368542373
1733,6.502109,6.5368985169
1734,6.511144,6.5369957034
1735,6.52216,6.5371408814
1736,6.535408,6.5373106441
1737,6.550272,6.5374691441
1738,6.565701,6.5375785763
1739,6.580652,6.5376127034
1740,6.594436,6.5375692119
1741,6.606943,6.5374758814
1742,6.618703,6.537386822
1743,6.630734,6.5373686441
1744,6.644192,6.5374807288
1745,6.659896,6.5377566186
1746,6.677919,6.5381933983
1747,6.697457,6.5387527712
1748,6.717058,6.5393723983
1749,6.735134,6.5399824661
1750,6.750525,6.5405211356
1751,6.762841,6.5409443475
1752,6.772471,6.541228839
1753,6.780283,6.5413703644
1754,6.787203,6.541380322
1755,6.793872,6.5412831102
1756,6.800522,6.5411144153
1757,6.807064,6.540918661
1758,6.813301,6.5407435847
1759,6.819178,6.5406315254
1760,6.824953,6.5406089915
1761,6.831291,6.5406779661
1762,6.839224,6.5408119831
1763,6.849987,6.5409586949
1764,6.864692,6.5410482203
1765,6.88388,6.5410053644
1766,6.90703,6.5407631356
1767,6.932208,6.5402754915
1768,6.956044,6.5395276864
1769,6.974181,6.5385428305
1770,6.982182,6.5373831102
1771,6.976688,6.5361442881
1772,6.9565,6.5349430678
1773,6.923182,6.5338984237
1774,6.880911,6.5331103898
1775,6.835497,6.5326413475
1776,6.792839,6.532505339
1777,6.757327,6.5326689407
1778,6.730817,6.5330639237
1779,6.712589,6.5336072288
1780,6.70027,6.5342209661
1781,6.691258,6.534845322
1782,6.683947,6.5354405678
1783,6.67819,6.5359796356
1784,6.674819,6.5364369915
1785,6.674508,6.5367808729
1786,6.676599,6.5369740169
1787,6.678575,6.5369834661
1788,6.676528,6.5367951525
1789,6.666491,6.5364260847
1790,6.646056,6.535927839
1791,6.615526,6.5353784661
1792,6.578069,6.5348650508
1793,6.538723,6.5344629237
1794,6.502602,6.534219178
1795,6.47306,6.5341468983
1796,6.450594,6.5342321525
1797,6.432986,6.5344503136
1798,6.416566,6.5347838983
1799,6.398023,6.5352333559
1800,6.376004,6.5358152881
1801,6.351952,6.5365479322
1802,6.329961,6.537428822
1803,6.315705,6.5384125339
1804,6.314699,6.5393973136
1805,6.330337,6.5402277458
1806,6.362248,6.5407164746
1807,6.4056,6.5406824915
1808,6.451694,6.5399972542
1809,6.489785,6.538626322
1810,6.509597,6.5366544492
1811,6.503756,6.5342863051
1812,6.469483,6.5318214237
1813,6.409134,6.5296078898
1814,6.329508,6.5279837881
1815,6.240078,6.5272184915
1816,6.150508,6.5274673729
1817,6.06789,6.5287526102
1818,5.99427,6.5309788305
1819,5.924789,6.5339847881
1820,5.846016,6.5376250424
1821,5.731618,6.5418760847
1822,5.52288,6.5469884915
1823,5.01052,6.5538434831
1824,5.01052,6.5657181271
1825,8.86142,6.5684407627
1826,7.108006,6.5439750339
1827,6.694509,6.5346380678
1828,6.503228,6.5288082712
1829,6.39492,6.5246133644
1830,6.328569,6.5214585678
1831,6.28612,6.5191495932
1832,6.257846,6.5176603729
1833,6.238511,6.5170186864
1834,6.225833,6.5172264746
1835,6.219307,6.5182085254
1836,6.219098,6.5197954831
1837,6.225195,6.5217414237
1838,6.237053,6.5237670678
1839,6.253685,6.5256126949
1840,6.274014,6.5270839831
1841,6.297148,6.5280779153
1842,6.322417,6.5285843559
1843,6.349156,6.5286672627
1844,6.376445,6.5284356695
1845,6.403039,6.528014822
1846,6.427616,6.5275236525
1847,6.449238,6.527059161
1848,6.467761,6.5266857203
1849,6.483902,6.5264284661
1850,6.498847,6.5262729492
1851,6.513577,6.5261744661
1852,6.528275,6.526077661
1853,6.542192,6.5259418898
1854,6.554111,6.5257628729
1855,6.563185,6.5255803814
1856,6.569728,6.5254667034
1857,6.57552,6.5254984915
1858,6.583423,6.5257226102
1859,6.596434,6.526129661
1860,6.616558,6.5266462034
1861,6.64396,6.5271495508
1862,6.676747,6.5275008305
1863,6.711436,6.5275856017
1864,6.743925,6.5273491186
1865,6.770573,6.5268148136
1866,6.789046,6.5260800932
1867,6.798697,6.5252905085
1868,6.800464,6.5246004746
1869,6.796411,6.524133
1870,6.789171,6.523950839
1871,6.781458,6.5240464746
1872,6.775732,6.5243516356
1873,6.773966,6.5247610508
1874,6.777423,6.5251620763
1875,6.786405,6.5254619915
1876,6.800078,6.5256069068
1877,6.816519,6.5255890508
1878,6.833092,6.5254421695
1879,6.847105,6.5252275254
1880,6.856536,6.5250149661
1881,6.860551,6.5248642881
1882,6.859635,6.5248117373
1883,6.855297,6.52195
1884,6.849488,6.519076319
1885,6.843967,6.5162031739
1886,6.839831,6.5133280526
1887,6.837334,6.510438646
1888,6.836001,6.5075199375
1889,6.834944,6.5045606486
1890,6.833232,6.5015571636
1891,6.830194,6.4985142752
1892,6.825564,6.4954431667
1893,6.819448,6.4923579252
1894,6.812144,6.4892721698
1895,6.803935,6.4861972
1896,6.794927,6.4831420288
1897,6.78501,6.4801149903
1898,6.773944,6.4771258235
1899,6.761497,6.4741870297
1900,6.747557,6.47131393
1901,6.732158,6.468523596
1902,6.715397,6.465833449
1903,6.697299,6.4632606289
1904,6.677714,6.4608227292
1905,6.656354,6.4585396632
1906,6.632978,6.4564352553
1907,6.607698,6.4545369462
1908,6.58123,6.4528721522
1909,6.554943,6.4514616264
1910,6.530618,6.4503118333
1911,6.509961,6.4494095169
1912,6.494073,6.4487214318
1913,6.48312,6.4482001494
1914,6.476337,6.4477941047
1915,6.472349,6.4474583059
1916,6.469602,6.4471619881
1917,6.466691,6.4468916265
1918,6.462456,6.4466501707
1919,6.455897,6.446455037
1920,6.446039,6.4463370125
1921,6.431909,6.4463407848
1922,6.41269,6.4465258077
1923,6.388007,6.4469652338
1924,6.358238,6.447741
1925,6.324742,6.4489343733
1926,6.289924,6.4506126486
1927,6.257104,6.452813863
1928,6.230156,6.4555320556
1929,6.2129,6.4587063662
1930,6.208286,6.4622178857
1931,6.21749,6.465898058
1932,6.239203,6.4695511176
1933,6.269446,6.4729891493
1934,6.302166,6.4760731364
1935,6.330584,6.4787486308
1936,6.348973,6.4810637031
1937,6.354339,6.483160381
1938,6.347639,6.4852381452
1939,6.334882,6.4874938689
1940,6.331769,6.4900374
1941,6.411728,6.4927199153
1942,5.331791,6.4941163276
1943,5.974464,6.514508
1944,6.006244,6.5241516429
1945,6.006593,6.5335681455
1946,6.008229,6.5433269444
1947,6.022654,6.5534231321
1948,6.05611,6.5636302308
1949,6.110392,6.5735816078
1950,6.182127,6.5828454
1951,6.26303,6.5910233265
1952,6.341715,6.5978565208
1953,6.406568,6.6033063404
1954,6.448719,6.6075832609
1955,6.464221,6.6111135778
1956,6.454837,6.6144520455
1957,6.427297,6.6181640233
1958,6.391298,6.6227084762
1959,6.356908,6.6283526341
1960,6.3322,6.63513875
1961,6.321828,6.6429064103
1962,6.326785,6.6513558421
1963,6.345081,6.660128027
1964,6.372806,6.6688793333
1965,6.405172,6.6773385714
1966,6.437405,6.6853434706
1967,6.465551,6.6928567576
1968,6.487226,6.6999600625
1969,6.502154,6.7068224516
1970,6.512254,6.7136447333
1971,6.521068,6.7205892414
1972,6.532577,6.727715
1973,6.549771,6.7349423333
1974,6.573479,6.7420643077
1975,6.601966,6.74880772
1976,6.631455,6.754926125
1977,6.657386,6.7602944348
1978,6.675953,6.7649720909
1979,6.685411,6.7692110952
1980,6.68675,6.7734011
1981,6.683531,6.7779616842
1982,6.680877,6.7832078333
1983,6.683876,6.7892272941
1984,6.695875,6.79581175
1985,6.717273,6.8024742
1986,6.745302,6.80856
1987,6.774916,6.813426
1988,6.800456,6.8166351667
1989,6.817467,6.818106
1990,6.824043,6.8181699
1991,6.821287,6.8175173333
1992,6.812813,6.817046125
1993,6.803505,6.8176508571
1994,6.797971,6.8200085
1995,6.799187,6.824416
1996,6.807764,6.83072325
1997,6.822023,6.8383763333
1998,6.838756,6.846553
1999,6.85435,6.85435
