0,0,0
1,0,0.1360907447
2,0,0.2747584255
3,0,0.4165515745
4,0,0.5574477447
5,0,0.6927949574
6,0,0.8221099362
7,0,0.9507376383
8,0,1.0846924043
9,0,1.2244018085
10,0,1.3657534894
11,0,1.5057834468
12,0,1.6454975106
13,0,1.7868500426
14,0,1.929074
15,0,2.0697115319
16,0,2.2080938298
17,0,2.3461895745
18,0,2.4858492553
19,0,2.626733
20,0,2.7675830213
21,0,2.9083065745
22,0,3.0498880851
23,0,3.1928225745
24,0,3.3365917447
25,0,3.4804732979
26,0,3.624209
27,0,3.7679742553
28,0,3.9123628085
29,0,4.0583356383
30,0,4.2060926383
31,0,4.3539559574
32,0,4.4996570213
33,0,4.6428399362
34,0,4.7850988085
35,0,4.9277890426
36,0,5.0713473191
37,0,5.2160149362
38,0,5.3616753617
39,0,5.5078225532
40,0,5.6544981915
41,0,5.8020327021
42,0,5.9496258085
43,0,6.0958405106
44,0,6.2405877234
45,0,6.3851233404
46,0,6.5303118298
47,6.396265,6.6760571702
48,6.517381,6.6854812766
49,6.664278,6.6908393617
50,6.62212,6.6911835745
51,6.361319,6.6922955532
52,6.077804,6.7011612553
53,6.045502,6.7184170851
54,6.295874,6.7367287234
55,6.566342,6.7482975106
56,6.643529,6.7526722979
57,6.581408,6.7549114043
58,6.566561,6.7580331277
59,6.643569,6.7599029149
60,6.684526,6.7581109149
61,6.609964,6.755154617
62,6.503968,6.7560368085
63,6.4905,6.761829766
64,6.564005,6.7680389787
65,6.621536,6.7696942766
66,6.619951,6.7663740638
67,6.614007,6.7611805319
68,6.654331,6.7559044468
69,6.717921,6.7494797234
70,6.757151,6.7409774894
71,6.762433,6.7316061277
72,6.755578,6.7235863191
73,6.756967,6.7186200213
74,6.786262,6.7168564468
75,6.860723,6.7156087447
76,6.944579,6.7099952979
77,6.949576,6.6975241915
78,6.84795,6.6819462979
79,6.729597,6.6694579149
80,6.686167,6.6618251702
81,6.706441,6.6571582128
82,6.747239,6.6545766383
83,6.799378,6.6514852766
84,6.84604,6.6386278085
85,6.868918,6.6064783404
86,6.893755,6.5613592553
87,6.934122,6.5261987234
88,6.936876,6.5112728298
89,6.872091,6.5082280851
90,6.803119,6.5036345957
91,6.793174,6.4894406383
92,6.823859,6.4701394043
93,6.850031,6.4587865957
94,6.839198,6.4603974043
95,6.769211,6.464652
96,6.680456,6.4504388936
97,6.674383,6.3884382553
98,6.778007,6.3265668298
99,6.888828,6.2624906383
100,6.906149,6.2791420213
101,6.839607,6.2709524043
102,6.771957,6.2604551915
103,6.748767,6.2477982553
104,6.728129,6.2308724681
105,6.654441,6.2077007234
106,6.559345,6.1803005745
107,6.54558,6.1577780213
108,6.651427,6.1484302979
109,6.776237,6.149831
110,6.782333,6.1525051489
111,6.641804,6.1484062766
112,6.465486,6.1349208085
113,6.375855,6.1151541702
114,6.366031,6.096066766
115,6.352369,6.0835954255
116,6.318316,6.0797397234
117,6.316697,6.0838119574
118,6.385502,6.0928948936
119,6.522162,6.1012083191
120,6.674079,6.1025349149
121,6.72762,6.0959322979
122,6.596891,6.0879458723
123,6.358437,6.0861944255
124,6.217415,6.0915784681
125,6.260996,6.0979874043
126,6.370858,6.0995514043
127,6.46682,6.0969066809
128,6.585107,6.0940426596
129,6.601945,6.0923935319
130,6.195077,6.0934008511
131,5.335015,6.1042628511
132,4.748321,6.1333706596
133,5.24121,6.1743108511
134,6.232605,6.2030819362
135,6.793773,6.2078697021
136,6.656197,6.1984476596
137,6.136003,6.1925655319
138,5.886016,6.2011919574
139,6.290277,6.2196941277
140,6.925739,6.2336689149
141,7.039164,6.2360560851
142,6.101195,6.2345976809
143,3.766426,6.2494688511
144,3.766426,6.3114863617
145,3.766426,6.3737335532
146,7.671443,6.4369504681
147,6.521237,6.4162338085
148,6.346238,6.417852617
149,6.177081,6.4229623191
150,5.953255,6.4352284043
151,5.639057,6.4573320851
152,5.366634,6.4885426383
153,5.500785,6.523616617
154,6.106237,6.5520146809
155,6.71726,6.5658949574
156,6.901922,6.5684327872
157,6.589686,6.5693765319
158,6.007987,6.5774398298
159,5.536454,6.5964728298
160,5.478747,6.623622234
161,5.779878,6.6504594255
162,6.171151,6.6700305745
163,6.509711,6.6817250851
164,6.743595,6.688348766
165,6.776233,6.6924631277
166,6.584512,6.6965232766
167,6.363756,6.7033055957
168,6.352258,6.713369383
169,6.514573,6.723034
170,6.611487,6.728164
171,6.518635,6.7294989787
172,6.334504,6.7321841489
173,6.246556,6.7399953404
174,6.332211,6.7508992766
175,6.507598,6.7594304255
176,6.649289,6.762509383
177,6.705591,6.7615513617
178,6.703082,6.7597002128
179,6.67251,6.7589118511
180,6.593451,6.7601694255
181,6.45763,6.7646095319
182,6.350937,6.7724789149
183,6.379737,6.7812259574
184,6.541445,6.7860888936
185,6.755618,6.7831749149
186,6.947092,6.7718028085
187,7.037936,6.7550960851
188,6.970619,6.7390983404
189,6.80014,6.7296510213
190,6.681249,6.7284922766
191,6.692044,6.7319905745
192,6.737621,6.7343885106
193,6.69776,6.7322620213
194,6.597321,6.7248618936
195,6.586394,6.7116095319
196,6.753587,6.6918806809
197,6.992128,6.6671496596
198,7.105953,6.6410697872
199,7.015111,6.6185842128
200,6.835494,6.6060959787
201,6.75861,6.6073139787
202,6.836538,6.6162870638
203,6.946278,6.6195928511
204,6.968661,6.6080146383
205,6.902538,6.5852056809
206,6.812476,6.5629384681
207,6.740095,6.5477888298
208,6.699722,6.5372769574
209,6.720793,6.5244635745
210,6.821024,6.5020358723
211,6.93697,6.4659132553
212,6.96706,6.4193635106
213,6.903281,6.3766169574
214,6.836754,6.3610121915
215,6.806495,6.3950865957
216,6.755683,6.5160915106
217,6.674231,6.6381775319
218,6.644838,6.5974750851
219,6.70163,6.6157097234
220,6.759041,6.6392955745
221,6.733175,6.6516131489
222,6.652309,6.649533617
223,6.604262,6.6360629149
224,6.618587,6.6150943191
225,6.666029,6.594841
226,6.731616,6.5874965532
227,6.802136,6.5952451064
228,6.827491,6.6050935957
229,6.762048,6.5990285532
230,6.608295,6.5684568723
231,6.404488,6.5255155532
232,6.221129,6.4944000638
233,6.161876,6.4847507447
234,6.286042,6.4908453404
235,6.526595,6.5025127447
236,6.745679,6.5111674255
237,6.845669,6.5120019574
238,6.804747,6.5045266383
239,6.637676,6.4923024894
240,6.349954,6.4814538511
241,5.97446,6.4778708936
242,5.659138,6.4842678298
243,5.591229,6.4982094468
244,5.766374,6.5132095319
245,6.049131,6.5244517021
246,6.428164,6.5321537872
247,6.89274,6.5372649787
248,7.180345,6.5381884468
249,6.99191,6.5349404043
250,6.402102,6.5324271277
251,5.89664,6.5363614043
252,5.855979,6.546480617
253,6.100443,6.5570049787
254,6.246037,6.5646555745
255,6.097493,6.5714483617
256,5.666691,6.5826391489
257,5.123261,6.6042218085
258,4.749132,6.6390478936
259,4.957972,6.683233234
260,6.169857,6.7231562766
261,8.438251,6.7355862128
262,12.493726,6.6961377021
263,12.493726,6.5663294468
264,4.761216,6.435157383
265,7.501866,6.4729720426
266,7.810165,6.4617625957
267,7.337967,6.4522258298
268,6.635437,6.454651766
269,6.019186,6.4678076809
270,5.618738,6.4885301915
271,5.666681,6.5150745106
272,6.32084,6.5404442979
273,7.095798,6.5518095532
274,7.265015,6.5460820213
275,6.542434,6.5368374894
276,5.325179,6.5440861277
277,4.590053,6.5782877872
278,4.94206,6.6280053404
279,5.767611,6.6687113191
280,6.448322,6.6899615957
281,6.83441,6.6963749149
282,6.933365,6.6963802979
283,6.784902,6.6961313617
284,6.494329,6.6984699362
285,6.230212,6.7043878511
286,6.12779,6.7139739787
287,6.181555,6.7256683191
288,6.275116,6.7364691702
289,6.314394,6.7447991277
290,6.296233,6.752681383
291,6.294756,6.7635615319
292,6.411129,6.7773470851
293,6.66839,6.7887508085
294,6.936143,6.7916430638
295,7.027687,6.7850215106
296,6.873786,6.7741085957
297,6.587013,6.7660968936
298,6.372243,6.7651814043
299,6.350624,6.7702508723
300,6.460021,6.7764954894
301,6.565298,6.7796940638
302,6.62346,6.7787672979
303,6.681076,6.7746121702
304,6.760087,6.7680409787
305,6.825843,6.759425
306,6.834355,6.7495183404
307,6.754064,6.7401168085
308,6.584171,6.733969766
309,6.392738,6.7335454681
310,6.328639,6.7385383404
311,6.538505,6.7435415745
312,6.975022,6.739854766
313,7.361937,6.7232968298
314,7.451986,6.6998581489
315,7.253765,6.6804468085
316,6.993144,6.6704741277
317,6.866321,6.6640592553
318,6.859061,6.6475817447
319,6.855007,6.612329617
320,6.826604,6.5673058085
321,6.830522,6.5325767447
322,6.88312,6.5168927234
323,6.932657,6.5169372128
324,6.926778,6.5256138298
325,6.855241,6.5339318723
326,6.766374,6.5324868936
327,6.749748,6.5157611277
328,6.834663,6.4840825532
329,6.921665,6.4384462979
330,6.894815,6.3747143617
331,6.772471,6.2940785532
332,6.68076,6.2408229574
333,6.677424,6.2762166383
334,6.689195,6.6666830213
335,6.666624,7.0568989574
336,6.68486,7.0337426809
337,6.8076,7.0427658085
338,6.942677,7.0482934043
339,6.947104,7.0381811702
340,6.804326,7.0120664468
341,6.62493,6.9803184468
342,6.51478,6.9595159574
343,6.497236,6.957206617
344,6.543985,6.9656083191
345,6.610508,6.9696372766
346,6.644121,6.9585744255
347,6.610354,6.9347602766
348,6.52174,6.9112705106
349,6.428169,6.8988457872
350,6.37223,6.8991334043
351,6.355136,6.9072809574
352,6.36023,6.9164422553
353,6.392483,6.9220002979
354,6.465153,6.9233794255
355,6.564229,6.9218731702
356,6.627403,6.9177064468
357,6.563791,6.9107954468
358,6.365225,6.903579383
359,6.196799,6.9006034255
360,6.260319,6.9036872766
361,6.539653,6.9087067447
362,6.785049,6.9095497234
363,6.691645,6.9049016809
364,6.091878,6.9012264681
365,5.202211,6.9099060638
366,4.738888,6.9380699574
367,5.194338,6.9770377872
368,6.093373,7.0071314255
369,6.885211,7.0192309362
370,7.340458,7.0162967021
371,7.317726,7.0048558298
372,6.787327,6.992662234
373,5.980263,6.9885270638
374,5.260855,6.9993080638
375,4.689759,7.0266102979
376,3.926264,7.0698316809
377,3.104932,7.1325179787
378,4.269458,7.2134015745
379,8.344263,7.2681418723
380,25.029344,7.2344804255
381,25.029344,6.845255766
382,5.578279,6.4566343404
383,7.108947,6.4824207872
384,7.067397,6.4753224468
385,6.467402,6.4684481489
386,5.719712,6.4743094468
387,5.31217,6.4968686596
388,5.647213,6.5292311064
389,6.406241,6.555566617
390,6.892116,6.5666838511
391,6.733346,6.5678975532
392,6.090554,6.5721035532
393,5.524856,6.5892557447
394,5.506335,6.6183014255
395,5.937778,6.6481484255
396,6.441687,6.6687719787
397,6.755165,6.6776958936
398,6.785717,6.6786280638
399,6.621458,6.678218766
400,6.457302,6.6817321915
401,6.394359,6.6896812766
402,6.368393,6.6990448723
403,6.302586,6.7073735957
404,6.224636,6.7148432553
405,6.225355,6.7235292128
406,6.34174,6.7349191702
407,6.496234,6.7472969362
408,6.579273,6.7566222553
409,6.566591,6.7606225319
410,6.51891,6.7613835957
411,6.499819,6.763167766
412,6.525914,6.7677978085
413,6.570376,6.7734872128
414,6.608739,6.7775703191
415,6.66205,6.7790028936
416,6.747302,6.7785824043
417,6.802737,6.7775621489
418,6.744627,6.7761601489
419,6.592974,6.7734642553
420,6.48697,6.7687493404
421,6.54406,6.7626840638
422,6.721164,6.7568648723
423,6.87252,6.7519273404
424,6.906461,6.7465971702
425,6.842252,6.7388504255
426,6.762175,6.7281632766
427,6.735785,6.7163028085
428,6.764137,6.7050017872
429,6.790242,6.693985234
430,6.775325,6.6827946383
431,6.744305,6.6729598511
432,6.742883,6.6664455532
433,6.779995,6.6622478723
434,6.833205,6.6559526809
435,6.884982,6.6439640638
436,6.928751,6.628987766
437,6.94916,6.6184362128
438,6.931028,6.6152944894
439,6.896707,6.615019234
440,6.890003,6.6100368723
441,6.909144,6.5939105532
442,6.907085,6.5646544043
443,6.861111,6.5291723404
444,6.798977,6.5006632128
445,6.76648,6.4852449362
446,6.786589,6.4783196809
447,6.830909,6.4743400426
448,6.834448,6.4711887447
449,6.759843,6.4563741277
450,6.65366,6.3629348723
451,6.632876,6.2717548298
452,6.760683,6.3669754468
453,6.923495,6.3132895957
454,6.934524,6.2516164468
455,6.767286,6.2142691064
456,6.602361,6.1939428723
457,6.602766,6.1865063617
458,6.717431,6.1898214043
459,6.793316,6.1971552766
460,6.762282,6.1988668511
461,6.67607,6.1879937021
462,6.642287,6.1668073191
463,6.69935,6.1484947021
464,6.736843,6.1422836383
465,6.61792,6.1424889787
466,6.371373,6.1379790426
467,6.201902,6.1259454255
468,6.270558,6.1149205532
469,6.4891,6.1105448723
470,6.622002,6.1087876809
471,6.542364,6.1054009574
472,6.339956,6.1011352128
473,6.204733,6.0984399574
474,6.204637,6.0973507021
475,6.246359,6.0968714255
476,6.264284,6.0980592128
477,6.31309,6.1021328085
478,6.438133,6.1070654894
479,6.545592,6.1091657872
480,6.484121,6.1079350851
481,6.26974,6.1077531489
482,6.181096,6.1134766383
483,6.432828,6.1233850426
484,6.801499,6.129526234
485,6.918091,6.1276921702
486,6.662536,6.1221345532
487,6.132066,6.121021234
488,5.534105,6.131367234
489,5.239428,6.1558460213
490,5.521182,6.1883996383
491,6.074318,6.2158928511
492,6.440993,6.2311391702
493,6.599546,6.2372157234
494,6.682798,6.2384657872
495,6.138161,6.2370293617
496,2.368198,6.2472076383
497,2.368198,6.3382909362
498,11.108245,6.4299412766
499,4.237448,6.3360263191
500,4.024857,6.3891684468
501,5.179199,6.4479433404
502,5.811953,6.4825604043
503,6.252845,6.5035307447
504,6.758573,6.5154120213
505,7.062123,6.5177041064
506,6.87376,6.5150940638
507,6.251244,6.5175314255
508,5.68031,6.5327005319
509,5.781594,6.5580990638
510,6.40743,6.5801020851
511,6.746494,6.5896789149
512,6.405953,6.5933466383
513,5.805793,6.6033718511
514,5.683733,6.6233832766
515,6.064901,6.6443198511
516,6.406512,6.6582670638
517,6.462826,6.6671731277
518,6.341874,6.6760568298
519,6.213279,6.6875191489
520,6.153538,6.7014426383
521,6.182111,6.7165350426
522,6.302185,6.7312327234
523,6.455743,6.7438245319
524,6.544926,6.753214766
525,6.536847,6.7597566383
526,6.487749,6.7646938936
527,6.47557,6.7688594043
528,6.538744,6.7718414681
529,6.646791,6.772327234
530,6.721464,6.7697649149
531,6.715298,6.7653945532
532,6.656883,6.7609588936
533,6.61021,6.757091
534,6.618328,6.7535410426
535,6.684608,6.7501447234
536,6.769448,6.7468947021
537,6.813363,6.7436643191
538,6.790895,6.7403305106
539,6.726591,6.7368243617
540,6.658299,6.7332891915
541,6.615286,6.7303747021
542,6.61654,6.7282418298
543,6.649113,6.7253597872
544,6.675764,6.7201563617
545,6.694242,6.7133579149
546,6.735128,6.7067106596
547,6.787277,6.7006211064
548,6.806201,6.6950452553
549,6.797559,6.6907758511
550,6.811265,6.687768617
551,6.866301,6.6834043617
552,6.939451,6.6730020638
553,6.988316,6.651047
554,6.964192,6.6150225319
555,6.874041,6.5738267872
556,6.815736,6.5460779362
557,6.857541,6.5397725106
558,6.918877,6.5465204468
559,6.877138,6.553359234
560,6.74633,6.5517238511
561,6.667752,6.5382588723
562,6.72042,6.5123868511
563,6.825097,6.4739282979
564,6.88036,6.4222438936
565,6.880603,6.3627009787
566,6.867683,6.3167506383
567,6.862881,6.3067064894
568,6.872902,6.3361151064
569,6.894,6.4131658085
570,6.897084,6.4462773404
571,6.852394,6.4610574255
572,6.768898,6.4475271489
573,6.683528,6.4183598723
574,6.615727,6.3937459362
575,6.561575,6.3788573191
576,6.526362,6.3668158723
577,6.516057,6.3529341702
578,6.506822,6.3406655745
579,6.475092,6.3349299787
580,6.443362,6.334145234
581,6.458701,6.3320921702
582,6.531857,6.3247305532
583,6.61762,6.3135161702
584,6.656674,6.3024300426
585,6.626106,6.2942913404
586,6.560438,6.2901640213
587,6.521318,6.2890197447
588,6.515041,6.2876247021
589,6.481084,6.2833297021
590,6.404552,6.2771415106
591,6.356237,6.2725850638
592,6.381821,6.2721854894
593,6.448919,6.2755881064
594,6.525212,6.2796946596
595,6.605539,6.2802251277
596,6.656219,6.2750997447
597,6.606145,6.2673915532
598,6.377393,6.2636112128
599,5.907563,6.2692715319
600,5.295166,6.2872438936
601,5.027992,6.316761766
602,5.569845,6.3487695532
603,6.519381,6.3681215106
604,7.174694,6.369445383
605,7.2403,6.3597344043
606,6.800275,6.3496086809
607,6.113476,6.3479057021
608,5.451767,6.3593762553
609,4.912868,6.3836982128
610,4.39593,6.418653
611,4.081843,6.465013383
612,4.720937,6.5206336809
613,6.395608,6.5665918298
614,8.245086,6.579593383
615,10.494285,6.5525805745
616,8.450242,6.4742594894
617,7.591748,6.4360839787
618,6.216471,6.4157032979
619,5.398036,6.4270046809
620,5.526673,6.458403
621,5.915962,6.487594234
622,5.995627,6.5071138723
623,5.873922,6.5239686383
624,5.939433,6.5442662979
625,6.237249,6.5647018511
626,6.438209,6.5792048085
627,6.346868,6.5883770213
628,6.112705,6.5981311702
629,6.004781,6.6126291277
630,6.096572,6.630602766
631,6.274155,6.64786
632,6.432122,6.6611144681
633,6.506657,6.6695975745
634,6.455751,6.6756518936
635,6.313176,6.683497617
636,6.190239,6.6957935745
637,6.190399,6.711400383
638,6.337457,6.7263775319
639,6.541744,6.7367049574
640,6.641927,6.7410850851
641,6.550144,6.7423265532
642,6.364646,6.745694617
643,6.293934,6.7545845745
644,6.428469,6.7668681489
645,6.643428,6.7764946383
646,6.752264,6.7792750426
647,6.682506,6.7764715745
648,6.532358,6.773247383
649,6.479387,6.7736668511
650,6.581603,6.7769476809
651,6.718278,6.7792864468
652,6.764391,6.7784005106
653,6.720235,6.7743030426
654,6.652592,6.7668288723
655,6.594899,6.7553348723
656,6.555743,6.7417594894
657,6.574868,6.7317661277
658,6.695997,6.7300748085
659,6.88097,6.735343766
660,7.006681,6.7413052128
661,6.975484,6.7418425957
662,6.813194,6.734647383
663,6.655993,6.7219864894
664,6.633856,6.708938234
665,6.747636,6.6989171277
666,6.873757,6.6904374894
667,6.898661,6.6796105957
668,6.833385,6.6649278723
669,6.787801,6.648901766
670,6.827912,6.6348374681
671,6.899904,6.6230009574
672,6.918888,6.611560766
673,6.869303,6.5999142128
674,6.805313,6.5900125745
675,6.794109,6.5846976383
676,6.849542,6.5841967872
677,6.907662,6.5840620638
678,6.897115,6.5764456383
679,6.830828,6.5531538723
680,6.79121,6.5103081915
681,6.8245,6.4565642766
682,6.891086,6.4137227021
683,6.923759,6.3980898085
684,6.894325,6.4161938085
685,6.822846,6.4710161277
686,6.74761,6.5656564255
687,6.700276,6.6339455319
688,6.708443,6.7164492766
689,6.782474,6.7749426383
690,6.871262,6.7936137447
691,6.880914,6.7716652979
692,6.774107,6.7262377234
693,6.620501,6.6848177447
694,6.530969,6.6615638298
695,6.552073,6.6514628723
696,6.633586,6.6415251277
697,6.691525,6.6223880638
698,6.676639,6.5979307021
699,6.57181,6.5844804043
700,6.368949,6.5920826809
701,6.112374,6.6141882766
702,5.956856,6.6356720213
703,6.086055,6.6447302553
704,6.495376,6.6400094468
705,6.943638,6.6272731702
706,7.161158,6.6109581702
707,7.031938,6.5937446809
708,6.637309,6.5792372979
709,6.218132,6.5709752553
710,6.042725,6.5694279787
711,6.162864,6.571373383
712,6.349093,6.5732776596
713,6.364893,6.5746621915
714,6.208573,6.5778989574
715,6.080158,6.585743766
716,6.126779,6.5982615106
717,6.271596,6.6120826383
718,6.362215,6.6234386383
719,6.3715,6.6305792766
720,6.403926,6.6334632766
721,6.555511,6.6328829574
722,6.770569,6.629910234
723,6.84321,6.625714234
724,6.54969,6.622778617
725,5.802402,6.6267554255
726,4.817081,6.6459784043
727,4.265246,6.6860018085
728,4.810946,6.7389061489
729,6.15634,6.7814919362
730,7.774647,6.7952764894
731,9.470974,6.7731215532
732,11.27094,6.7136910851
733,9.957198,6.6161808511
734,10.577952,6.5479211277
735,9.457631,6.4679161915
736,7.660016,6.4124912128
737,5.839685,6.3948050638
738,4.745818,6.4144549149
739,4.827368,6.4565712128
740,5.527567,6.4981188298
741,6.056224,6.5273185106
742,6.084999,6.5468031489
743,5.734144,6.5646117021
744,5.542029,6.587422
745,6.044475,6.6131823191
746,6.929117,6.6294717021
747,7.407912,6.6290089787
748,7.12211,6.6194424894
749,6.382593,6.6153938936
750,5.864177,6.6252671915
751,5.896771,6.6440856809
752,6.176833,6.6609868298
753,6.352124,6.6725656809
754,6.350091,6.6830323404
755,6.248993,6.696432766
756,6.14541,6.712667766
757,6.134159,6.7288581064
758,6.252365,6.7419051702
759,6.414166,6.750367617
760,6.517021,6.7552964681
761,6.577279,6.7585698511
762,6.668492,6.7605475957
763,6.776372,6.7605465957
764,6.805328,6.7589806809
765,6.697825,6.7574065532
766,6.507048,6.7570375745
767,6.376651,6.7581074043
768,6.415793,6.7596999787
769,6.573357,6.7601128085
770,6.705236,6.758866383
771,6.7366,6.7578331064
772,6.705882,6.7589181915
773,6.698181,6.7610752128
774,6.75175,6.7605208723
775,6.812478,6.7541062766
776,6.804214,6.7424623617
777,6.733365,6.7296398723
778,6.677742,6.7196979362
779,6.687959,6.7137403191
780,6.748991,6.7098956383
781,6.81772,6.7052481277
782,6.852657,6.6975834043
783,6.828767,6.6866150638
784,6.763228,6.6744104468
785,6.725284,6.6636770638
786,6.780106,6.6545336383
787,6.899952,6.6439859149
788,6.972002,6.6305228085
789,6.922001,6.6179624468
790,6.806228,6.6108997872
791,6.752764,6.6075867234
792,6.810076,6.6013085957
793,6.907369,6.5874011277
794,6.958287,6.5653488298
795,6.931826,6.5362122979
796,6.846638,6.5041142553
797,6.748646,6.4784220638
798,6.691125,6.4673487447
799,6.721039,6.4710521489
800,6.844057,6.4832804681
801,6.979911,6.4941105957
802,7.012038,6.4826434681
803,6.906356,6.4704927872
804,6.747371,6.4605906596
805,6.6501,6.6153976809
806,6.645822,6.6584908936
807,6.67087,6.6262315319
808,6.670233,6.5470309362
809,6.668445,6.4794989787
810,6.702774,6.4465407234
811,6.731344,6.4414375532
812,6.680483,6.4536321915
813,6.55733,6.4711417447
814,6.451502,6.4799270426
815,6.435196,6.4702049574
816,6.514775,6.4472581064
817,6.656672,6.4270679787
818,6.787599,6.4154583191
819,6.807262,6.407449
820,6.672127,6.3991712979
821,6.450264,6.3916854255
822,6.265214,6.3865108723
823,6.201557,6.3824274468
824,6.266094,6.3782860213
825,6.397734,6.3762397021
826,6.507259,6.3792277872
827,6.530558,6.3865595957
828,6.457478,6.3941374894
829,6.337145,6.3983141489
830,6.25515,6.3990616809
831,6.258759,6.3992662766
832,6.295543,6.4008656383
833,6.284363,6.4033205532
834,6.267186,6.406002
835,6.381665,6.4094082553
836,6.590056,6.4135810213
837,6.650514,6.4181001277
838,6.457692,6.4236294255
839,6.156425,6.4309860213
840,5.870911,6.4403050426
841,5.58887,6.4533785532
842,5.423218,6.473685234
843,5.639105,6.500167766
844,6.2282,6.5236293617
845,6.865185,6.5340987872
846,7.29577,6.5293577234
847,7.353073,6.5148449362
848,6.440956,6.5011628298
849,6.440956,6.510204234
850,6.440956,6.5208392128
851,14.023301,6.5304420851
852,8.675481,6.3768035532
853,5.129632,6.3357800213
854,2.948442,6.3699104681
855,3.496231,6.4507868511
856,5.119407,6.5206190851
857,6.462925,6.556073383
858,7.304492,6.5626129362
859,7.503432,6.5515143617
860,6.970239,6.5376350213
861,5.994564,6.536724766
862,5.356694,6.5569431915
863,5.565839,6.5897369149
864,6.111018,6.6171615745
865,6.411161,6.6335415532
866,6.41821,6.645121383
867,6.320291,6.657321617
868,6.20706,6.6705597234
869,6.073293,6.6842824043
870,6.00691,6.6995004468
871,6.169917,6.7155565957
872,6.538174,6.7278277021
873,6.851854,6.7323289787
874,6.886719,6.7309481489
875,6.653781,6.7297968936
876,6.372279,6.7337112553
877,6.264766,6.7426145745
878,6.333929,6.7524499574
879,6.410924,6.7598170426
880,6.410391,6.7652696596
881,6.42728,6.7717471277
882,6.577785,6.779818766
883,6.802454,6.7851104468
884,6.910391,6.7824251489
885,6.803452,6.7722316596
886,6.594419,6.7615862553
887,6.485366,6.7579150426
888,6.543284,6.7620792553
889,6.667897,6.768447617
890,6.7418,6.7706275745
891,6.720263,6.7664099362
892,6.642355,6.7584692128
893,6.613669,6.7506828511
894,6.710014,6.7442551489
895,6.865902,6.737933617
896,6.9408,6.7308267447
897,6.892291,6.7234505532
898,6.80229,6.7163839149
899,6.747375,6.7095672128
900,6.733763,6.7032107447
901,6.749632,6.6972496383
902,6.778346,6.6891314681
903,6.785759,6.6751291064
904,6.770284,6.6554941277
905,6.782859,6.6361717234
906,6.851103,6.6232114468
907,6.927457,6.6171640213
908,6.94483,6.613787234
909,6.897999,6.6079442128
910,6.854798,6.5971597021
911,6.880877,6.5830058511
912,6.955413,6.5688965319
913,6.991621,6.5562293617
914,6.942482,6.542624617
915,6.852026,6.5229501277
916,6.788541,6.4927195106
917,6.761549,6.4512948298
918,6.746659,6.3999330426
919,6.749734,6.3424736809
920,6.786955,6.3091721277
921,6.83261,6.4001019787
922,6.837756,6.4900604468
923,6.790735,6.5799094255
924,6.727029,6.5034834468
925,6.680182,6.4923749787
926,6.667197,6.4980974681
927,6.714832,6.5036974468
928,6.806647,6.5058188936
929,6.826494,6.5071635957
930,6.676245,6.5123200213
931,6.431297,6.5264309787
932,6.303118,6.5485796596
933,6.421872,6.5638934681
934,6.681084,6.547934766
935,6.842597,6.4866361489
936,6.770355,6.4094788298
937,6.543571,6.3655281915
938,6.347049,6.3582348298
939,6.276396,6.3708013404
940,6.311567,6.3870105106
941,6.412902,6.3986840213
942,6.531879,6.4043380851
943,6.594119,6.4054217234
944,6.560159,6.4040201489
945,6.481905,6.4018612128
946,6.448621,6.3997173617
947,6.453591,6.3974331915
948,6.368078,6.395656234
949,6.120235,6.3974400851
950,5.862915,6.4061425745
951,5.862131,6.4209674255
952,6.173726,6.4355908085
953,6.566874,6.4428730638
954,6.768748,6.4408706596
955,6.670208,6.4342371064
956,6.391127,6.4307574894
957,6.189567,6.4352420851
958,6.217739,6.4453762128
959,6.360056,6.4544330638
960,6.352198,6.4593394468
961,6.017781,6.465384234
962,5.431187,6.4819060426
963,4.841581,6.5136325106
964,4.347545,6.557830383
965,4.046069,6.6105697234
966,5.184561,6.6677111064
967,11.060658,6.6996776596
968,11.060658,6.607311383
969,11.060658,6.5164802553
970,3.198714,6.4255657234
971,6.204931,6.4993201702
972,6.949139,6.5069609149
973,6.930396,6.5004076596
974,6.81454,6.4984540426
975,6.869848,6.5019967234
976,7.068846,6.5051931702
977,7.33946,6.5044265106
978,7.472285,6.4981429574
979,7.022867,6.4881946383
980,5.671813,6.4863644255
981,3.800049,6.513211234
982,3.216203,6.5810649362
983,4.704675,6.6612124894
984,6.200783,6.7070495532
985,6.937675,6.7178621277
986,7.038227,6.7119798723
987,6.860222,6.7054635532
988,6.678643,6.7049391277
989,6.58281,6.7096579362
990,6.528245,6.7168549574
991,6.458689,6.7254142766
992,6.381144,6.7357708511
993,6.341265,6.7473726383
994,6.370074,6.757567234
995,6.451919,6.7636950213
996,6.529252,6.7659378085
997,6.559683,6.767299
998,6.54943,6.7704975532
999,6.515992,6.7757468085
1000,6.472761,6.7816698085
1001,6.456971,6.7868945745
1002,6.506666,6.7901267234
1003,6.601903,6.7903752128
1004,6.665871,6.7884098511
1005,6.643411,6.7869008298
1006,6.590656,6.7877166383
1007,6.636303,6.7888782979
1008,6.794306,6.7852731064
1009,6.922331,6.7743229362
1010,6.918881,6.7599140851
1011,6.826294,6.748230383
1012,6.731714,6.7415225532
1013,6.686989,6.7377032128
1014,6.719443,6.7336023617
1015,6.791595,6.726884766
1016,6.787675,6.7172551277
1017,6.665173,6.7077571489
1018,6.564046,6.7027871702
1019,6.641136,6.7033161489
1020,6.838576,6.705531766
1021,6.981046,6.7032531489
1022,7.020081,6.6879173617
1023,7.032813,6.6496105957
1024,7.044133,6.591041617
1025,7.004714,6.542132766
1026,6.936847,6.523168
1027,6.933613,6.5255194681
1028,6.989173,6.5317683404
1029,6.983138,6.5347010213
1030,6.859017,6.5407551064
1031,6.708974,6.5538944681
1032,6.661209,6.5617719149
1033,6.73196,6.5383538511
1034,6.835574,6.4535153191
1035,6.900427,6.366472234
1036,6.92107,6.283343
1037,6.930533,6.2781485957
1038,6.945448,6.3541607021
1039,6.926428,6.4298554681
1040,6.820411,6.4250237021
1041,6.65808,6.4517426596
1042,6.55733,6.4737719787
1043,6.593228,6.4755910638
1044,6.710015,6.4538690426
1045,6.796145,6.4214298723
1046,6.794373,6.3969104043
1047,6.718325,6.3868757447
1048,6.608882,6.3858238298
1049,6.518345,6.3859778936
1050,6.509531,6.3846914043
1051,6.594947,6.3832521915
1052,6.681754,6.3804904043
1053,6.645254,6.3725325106
1054,6.466859,6.3589791702
1055,6.279648,6.3463018085
1056,6.245115,6.3417429787
1057,6.369747,6.3440243617
1058,6.511026,6.3452131064
1059,6.552205,6.3402560851
1060,6.494249,6.3316509149
1061,6.403716,6.3253998936
1062,6.339002,6.3245733404
1063,6.34127,6.3283785106
1064,6.431584,6.3348909149
1065,6.588908,6.3421039787
1066,6.74527,6.3471382979
1067,6.731481,6.3469484255
1068,6.260264,6.3428430638
1069,5.219663,6.3451407021
1070,4.280071,6.3685084468
1071,4.745417,6.4127125745
1072,6.11337,6.4484033404
1073,7.047366,6.4566225957
1074,7.22731,6.4470282979
1075,7.127009,6.4355504255
1076,7.26768,6.4271130213
1077,7.476567,6.4156987021
1078,7.079214,6.4003716809
1079,5.56056,6.3952525319
1080,2.744549,6.4240983404
1081,2.744549,6.5125044894
1082,2.993353,6.5982790426
1083,6.676933,6.6756556596
1084,10.503102,6.6732632766
1085,10.503102,6.590352
1086,6.699335,6.5095160638
1087,8.076202,6.5115229574
1088,7.693458,6.4853616596
1089,6.642827,6.4677687872
1090,5.572293,6.4726154255
1091,5.185374,6.5004222128
1092,5.64373,6.5370488298
1093,6.322744,6.5646230426
1094,6.668885,6.5777674894
1095,6.616123,6.5826241915
1096,6.45788,6.587654617
1097,6.441888,6.5961438298
1098,6.465143,6.6055885106
1099,6.307733,6.6138625106
1100,6.008247,6.6231045319
1101,5.871023,6.6368895957
1102,6.065383,6.6542827447
1103,6.35234,6.6693597021
1104,6.425618,6.6789743191
1105,6.278046,6.6870554043
1106,6.147762,6.6998610426
1107,6.200451,6.7183549149
1108,6.364868,6.7370314255
1109,6.517845,6.7496963617
1110,6.647353,6.7539381064
1111,6.770598,6.7516035532
1112,6.825521,6.7471818085
1113,6.736346,6.7451059574
1114,6.538529,6.7475584043
1115,6.368253,6.7538594681
1116,6.317947,6.7616419149
1117,6.357665,6.7693746809
1118,6.422883,6.7771977872
1119,6.499675,6.7846133404
1120,6.596434,6.7892206809
1121,6.68785,6.7889632128
1122,6.730451,6.7844356596
1123,6.731207,6.7778377872
1124,6.756197,6.7706327234
1125,6.838614,6.7634592979
1126,6.916313,6.7573598723
1127,6.899638,6.7532765957
1128,6.775953,6.7506812553
1129,6.630054,6.7479732979
1130,6.564491,6.7438046809
1131,6.606272,6.7372884468
1132,6.703813,6.7277373617
1133,6.793659,6.7154879362
1134,6.846621,6.7025088936
1135,6.866593,6.6910703617
1136,6.870619,6.6820378511
1137,6.879212,6.6748669787
1138,6.906825,6.6685380213
1139,6.939718,6.6621241915
1140,6.940533,6.6545874681
1141,6.89715,6.6437162979
1142,6.852553,6.6263221915
1143,6.856873,6.6021458085
1144,6.885788,6.5775262766
1145,6.854021,6.5606355106
1146,6.742108,6.553817
1147,6.656145,6.553077766
1148,6.688501,6.5514296383
1149,6.774,6.5435244043
1150,6.804227,6.5293087234
1151,6.805429,6.5110764255
1152,6.879911,6.4876364468
1153,7.016974,6.4573841277
1154,7.078247,6.4308251915
1155,6.96012,6.4389864255
1156,6.717207,6.6317696809
1157,6.537629,6.8297212979
1158,6.562776,6.8426494043
1159,6.727956,6.8793840426
1160,6.851611,6.9067179574
1161,6.834679,6.9089604894
1162,6.734028,6.8896102128
1163,6.681387,6.8640625532
1164,6.725351,6.840719
1165,6.771414,6.8157481277
1166,6.71622,6.7860934468
1167,6.584333,6.7597700213
1168,6.475055,6.7500331702
1169,6.420351,6.7599415745
1170,6.392569,6.7791282128
1171,6.419046,6.7922561702
1172,6.551941,6.7888242128
1173,6.724399,6.7702874894
1174,6.777657,6.7484619787
1175,6.648679,6.7341605957
1176,6.434129,6.7308454894
1177,6.258228,6.7356107872
1178,6.157371,6.7424218723
1179,6.12809,6.746657766
1180,6.183644,6.7482035106
1181,6.30901,6.7498415532
1182,6.442065,6.7530342128
1183,6.533588,6.7569294894
1184,6.581751,6.7602551277
1185,6.605375,6.7621459574
1186,6.585492,6.7617118723
1187,6.429588,6.7590014043
1188,6.079627,6.757627
1189,5.716263,6.764115
1190,5.699755,6.780764617
1191,6.091922,6.7999198723
1192,6.533551,6.8111082128
1193,6.707364,6.8124183404
1194,6.578683,6.8105374043
1195,6.316955,6.8130222766
1196,6.105863,6.8222865745
1197,5.947309,6.8360338085
1198,5.70375,6.8526748723
1199,5.458052,6.8742998511
1200,5.768704,6.9009180851
1201,7.461825,6.9202674043
1202,16.020933,6.9033957021
1203,16.020933,6.7060064255
1204,7.14525,6.5114639787
1205,8.289304,6.5077734043
1206,8.01265,6.4800612766
1207,6.95701,6.457885617
1208,5.925216,6.4578714043
1209,5.533288,6.479074617
1210,5.58424,6.5071249362
1211,5.55172,6.5324122128
1212,5.377644,6.5572305745
1213,5.479019,6.5853828298
1214,6.126701,6.6118925957
1215,6.94075,6.6260874681
1216,7.322123,6.6249125106
1217,7.009583,6.6169999149
1218,6.257744,6.6158741489
1219,5.680715,6.6298194894
1220,5.6986,6.6544095532
1221,6.105492,6.6766162766
1222,6.492869,6.688593383
1223,6.658098,6.6921231489
1224,6.578349,6.6935238085
1225,6.356458,6.6990512766
1226,6.20074,6.7116010851
1227,6.260632,6.7279255745
1228,6.459065,6.7405915319
1229,6.625143,6.7451341702
1230,6.689893,6.7436865319
1231,6.67062,6.7413128085
1232,6.584973,6.7414275745
1233,6.4581,6.7453329787
1234,6.364991,6.7530831915
1235,6.384563,6.7627641277
1236,6.498795,6.7706062128
1237,6.600052,6.7737021064
1238,6.617774,6.7722628723
1239,6.595127,6.7688750426
1240,6.61896,6.7659640213
1241,6.695472,6.7639820851
1242,6.752377,6.7621651915
1243,6.751983,6.760253
1244,6.729439,6.7582135319
1245,6.720124,6.7549945532
1246,6.709109,6.7489961702
1247,6.678122,6.7398992766
1248,6.668855,6.7295086383
1249,6.743637,6.720311617
1250,6.877438,6.7130058085
1251,6.971793,6.7062271489
1252,6.986834,6.6985265745
1253,6.970394,6.6896916809
1254,6.956342,6.6811896809
1255,6.921767,6.6757697021
1256,6.851653,6.6737335319
1257,6.772742,6.6678055957
1258,6.718183,6.6442629787
1259,6.7008,6.5954383191
1260,6.724978,6.540420617
1261,6.79386,6.5104226596
1262,6.885527,6.5100856809
1263,6.950231,6.5270068723
1264,6.956672,6.5451518511
1265,6.913175,6.5494751489
1266,6.836448,6.5291008298
1267,6.742316,6.4842461489
1268,6.668416,6.432736617
1269,6.658768,6.3946412979
1270,6.723929,6.3709565532
1271,6.83814,6.3512520638
1272,6.946299,6.330337617
1273,6.967991,6.3327791064
1274,6.855932,6.3347590638
1275,6.672569,6.3391232553
1276,6.557104,6.2811468723
1277,6.578328,6.2594637021
1278,6.676014,6.252559234
1279,6.768527,6.2421244043
1280,6.82236,6.2234878085
1281,6.819995,6.2084051702
1282,6.753141,6.2063600638
1283,6.644302,6.2123050851
1284,6.532408,6.2156260851
1285,6.458546,6.2118282128
1286,6.458309,6.2045806383
1287,6.525809,6.1979498511
1288,6.610078,6.1911875532
1289,6.662504,6.1819056809
1290,6.656128,6.1707784255
1291,6.578147,6.1615957021
1292,6.4382,6.1569070213
1293,6.281555,6.1561479574
1294,6.189762,6.1584537447
1295,6.236595,6.1636149574
1296,6.400264,6.1689654894
1297,6.558841,6.169707234
1298,6.609866,6.1645369787
1299,6.571594,6.1581139149
1300,6.5708,6.155528383
1301,6.701603,6.1557867447
1302,6.826067,6.1534708511
1303,6.57304,6.1472221489
1304,5.666239,6.1457495957
1305,4.423424,6.1644828936
1306,4.114968,6.2119598298
1307,5.315074,6.2687728085
1308,6.778022,6.3012076596
1309,7.680823,6.3002170638
1310,7.803045,6.2750118298
1311,7.159867,6.2431600638
1312,5.955582,6.2253034681
1313,4.728278,6.2370998085
1314,4.321368,6.2794818511
1315,4.877936,6.3335891277
1316,5.545585,6.3775807447
1317,5.797818,6.4077212979
1318,5.855161,6.4309678511
1319,7.061049,6.4499647872
1320,7.061049,6.440801617
1321,7.061049,6.4320686596
1322,3.947679,6.4266109787
1323,5.537995,6.4903325745
1324,6.253818,6.5202155957
1325,6.185577,6.5330249574
1326,5.892607,6.5466032553
1327,6.113476,6.5674009362
1328,6.723875,6.5838048511
1329,7.032557,6.585661
1330,6.800389,6.5793297447
1331,6.353908,6.5784317872
1332,6.11791,6.5894507234
1333,6.146662,6.6080418936
1334,6.207981,6.6271668085
1335,6.17383,6.6439408936
1336,6.139523,6.658415383
1337,6.22454,6.6703310638
1338,6.357779,6.6794196809
1339,6.402524,6.6878815957
1340,6.389927,6.6987087447
1341,6.432339,6.7109293191
1342,6.48807,6.7200205957
1343,6.435126,6.724458
1344,6.315839,6.7284971064
1345,6.307982,6.7366113617
1346,6.450074,6.7479237021
1347,6.582943,6.7582140638
1348,6.592756,6.7650161915
1349,6.532378,6.7686290213
1350,6.50383,6.7702325745
1351,6.546704,6.7707585319
1352,6.65484,6.7707030213
1353,6.785178,6.7697358723
1354,6.839512,6.7669718511
1355,6.731464,6.7626355957
1356,6.496177,6.7594675319
1357,6.306012,6.7613685319
1358,6.320607,6.768945234
1359,6.51001,6.7771785106
1360,6.720234,6.7797054894
1361,6.86441,6.7743553404
1362,6.945542,6.7640168723
1363,6.962191,6.7536717872
1364,6.890406,6.7467171277
1365,6.748017,6.7435526596
1366,6.63038,6.7426167234
1367,6.6506,6.7415917234
1368,6.804538,6.7380253617
1369,6.942594,6.7302081489
1370,6.942497,6.7174823191
1371,6.855858,6.699537383
1372,6.823757,6.6770750213
1373,6.870098,6.6538391915
1374,6.88446,6.6349735957
1375,6.811114,6.622409617
1376,6.734988,6.6141835106
1377,6.758185,6.6070332553
1378,6.871798,6.5984818936
1379,6.991695,6.5864863191
1380,7.045533,6.5685169149
1381,6.996363,6.5440089787
1382,6.854131,6.5196695957
1383,6.69956,6.5090674681
1384,6.651705,6.5202583617
1385,6.755489,6.5451541277
1386,6.9114,6.5614688298
1387,6.964294,6.541577234
1388,6.859629,6.4557125319
1389,6.696628,6.3720747447
1390,6.624964,6.2919050638
1391,6.697209,6.2132601489
1392,6.839662,6.221012383
1393,6.933721,6.212900617
1394,6.902643,6.1871540213
1395,6.762559,6.146820766
1396,6.607745,6.1071219574
1397,6.52855,6.0796803404
1398,6.544095,6.0607582766
1399,6.609384,6.0394384468
1400,6.655269,6.0095517021
1401,6.635708,5.9766681277
1402,6.582565,5.955743766
1403,6.585524,5.9578833191
1404,6.662117,5.9798647872
1405,6.707571,6.0063768298
1406,6.628778,6.0212790213
1407,6.468777,6.0194058936
1408,6.378502,6.0090560213
1409,6.459323,5.9987523617
1410,6.635322,5.9865107447
1411,6.741676,5.9686724681
1412,6.704028,5.9500514681
1413,6.582205,5.9397324043
1414,6.482981,5.9406016809
1415,6.437129,5.9474960213
1416,6.34448,5.9535144894
1417,6.099085,5.9562798085
1418,5.800127,5.9587958936
1419,5.731673,5.9653691489
1420,5.983415,5.9766349149
1421,6.293953,5.9895107021
1422,6.424487,6.0017112766
1423,6.398926,6.012605766
1424,6.356271,6.0208140638
1425,6.308006,6.0247206383
1426,6.147133,6.026448
1427,5.89366,6.0320252979
1428,5.852412,6.0449999362
1429,6.355831,6.0602447872
1430,7.225532,6.065770383
1431,7.821806,6.0542187234
1432,7.52228,6.0313178511
1433,5.976495,6.0151237872
1434,2.928653,6.0313985319
1435,2.928653,6.1124427447
1436,2.928653,6.194442383
1437,2.928653,6.2781745319
1438,7.061564,6.363531234
1439,6.458409,6.3615565319
1440,5.723631,6.3716274043
1441,5.00698,6.3956115106
1442,4.896715,6.4332562979
1443,5.317989,6.4727265319
1444,5.639213,6.5035923404
1445,5.542063,6.5275715106
1446,5.204707,6.5524384043
1447,5.109741,6.5833114043
1448,5.652263,6.6168310213
1449,6.683124,6.6414999149
1450,7.618653,6.6475536809
1451,7.908183,6.6359207447
1452,7.407974,6.6182367447
1453,6.540741,6.6093547234
1454,5.982333,6.6165392128
1455,5.89423,6.6343404681
1456,5.883967,6.6540441489
1457,5.796923,6.6736446809
1458,5.866489,6.6932347872
1459,6.219032,6.7093494894
1460,6.623061,6.7182753617
1461,6.807015,6.7209619362
1462,6.719997,6.7214165957
1463,6.47445,6.7234005532
1464,6.217341,6.7296862553
1465,6.10907,6.7417081277
1466,6.261164,6.7571969362
1467,6.588577,6.7695580213
1468,6.86738,6.7730111489
1469,6.936528,6.7681595532
1470,6.784716,6.7613351489
1471,6.53988,6.758630617
1472,6.389192,6.7610004468
1473,6.409266,6.7649587872
1474,6.503468,6.7674810213
1475,6.56892,6.7692698085
1476,6.615534,6.772110383
1477,6.682604,6.7744276596
1478,6.745465,6.7718860851
1479,6.761159,6.7627499787
1480,6.741408,6.7504824255
1481,6.737731,6.7393806383
1482,6.782636,6.7301272979
1483,6.864064,6.7216615106
1484,6.940418,6.7141431489
1485,6.968753,6.7075776383
1486,6.93174,6.6998265319
1487,6.850884,6.6886558511
1488,6.776285,6.6762570851
1489,6.751816,6.6699523617
1490,6.768682,6.6742836596
1491,6.766234,6.6831348723
1492,6.710807,6.6812850638
1493,6.655738,6.6530079149
1494,6.685163,6.5974401702
1495,6.811701,6.5444355106
1496,6.967651,6.5174730851
1497,7.071905,6.510259383
1498,7.077035,6.5088016809
1499,6.990519,6.5052971702
1500,6.878412,6.4998253191
1501,6.818992,6.4948703404
1502,6.820303,6.4920280213
1503,6.805192,6.4926425745
1504,6.717658,6.4965011064
1505,6.62388,6.4985533404
1506,6.638548,6.4865350851
1507,6.74933,6.4330640638
1508,6.828384,6.3772359787
1509,6.813243,6.4693016596
1510,6.769878,6.4935913191
1511,6.782369,6.5019333404
1512,6.837044,6.4974779574
1513,6.842135,6.4835537234
1514,6.750874,6.4703277447
1515,6.639355,6.4634916596
1516,6.615781,6.458812617
1517,6.657603,6.4502254681
1518,6.651262,6.4385799787
1519,6.575234,6.4290381489
1520,6.527811,6.4225871915
1521,6.587541,6.4154309574
1522,6.702427,6.4053271702
1523,6.724446,6.3950001489
1524,6.56315,6.3887529574
1525,6.316068,6.3881776383
1526,6.184584,6.3907509149
1527,6.219624,6.3918205319
1528,6.302824,6.3897211702
1529,6.384744,6.3872617447
1530,6.510701,6.386536234
1531,6.631839,6.3860165957
1532,6.604451,6.3844161277
1533,6.406718,6.3840872766
1534,6.268142,6.3878688298
1535,6.479963,6.3929835957
1536,6.955387,6.3907832979
1537,7.184689,6.3766389574
1538,6.679293,6.3588444681
1539,5.381781,6.355530234
1540,4.044054,6.3832515319
1541,4.193944,6.440440617
1542,5.544467,6.4934673404
1543,6.628607,6.5171655532
1544,7.003393,6.5191468085
1545,6.912323,6.5148565957
1546,6.733342,6.5114818511
1547,6.645528,6.5079976596
1548,6.685403,6.5033978723
1549,6.849187,6.4992272553
1550,6.986543,6.4959943191
1551,6.814113,6.4942236596
1552,6.059022,6.4985809574
1553,4.12541,6.5188805745
1554,4.12541,6.5775581489
1555,11.155471,6.6321124043
1556,7.954857,6.5343989362
1557,7.161953,6.5055044255
1558,6.572966,6.4962989787
1559,6.182605,6.5014885532
1560,6.220514,6.5147574894
1561,6.429578,6.5264678511
1562,6.41944,6.5343026383
1563,6.212185,6.5443998298
1564,6.110265,6.5612148085
1565,6.202796,6.5812984681
1566,6.272039,6.5985968511
1567,6.191468,6.6123399787
1568,6.112663,6.6256121702
1569,6.217057,6.638760617
1570,6.430828,6.6485182766
1571,6.53611,6.6538883191
1572,6.437012,6.6587491915
1573,6.234856,6.668039617
1574,6.120954,6.6834018085
1575,6.187231,6.7019419149
1576,6.350645,6.7184286596
1577,6.486278,6.729182
1578,6.556617,6.7344648936
1579,6.588995,6.7377255745
1580,6.584451,6.7422072553
1581,6.508536,6.7484757234
1582,6.376549,6.7555361277
1583,6.290603,6.7627562979
1584,6.348348,6.7696413404
1585,6.523524,6.7750034894
1586,6.684682,6.7780014255
1587,6.731941,6.7793244468
1588,6.6862,6.7803395957
1589,6.658283,6.781537766
1590,6.721726,6.7818714894
1591,6.801753,6.7795465957
1592,6.75371,6.7742373404
1593,6.569585,6.7685412979
1594,6.429338,6.7661047021
1595,6.489384,6.767255234
1596,6.697239,6.7673308085
1597,6.903322,6.7611850426
1598,7.018906,6.7489833191
1599,7.013104,6.736263766
1600,6.883256,6.7273226383
1601,6.68946,6.720979
1602,6.562938,6.7143582128
1603,6.596815,6.7079920638
1604,6.729297,6.704317617
1605,6.816876,6.7029825745
1606,6.806245,6.7009128298
1607,6.770901,6.6944055745
1608,6.797813,6.6804822553
1609,6.894008,6.6596235106
1610,7.002489,6.6376378085
1611,7.054197,6.620925766
1612,7.01582,6.6106097447
1613,6.917966,6.6039261064
1614,6.815261,6.598939234
1615,6.73064,6.595682617
1616,6.675667,6.5933827021
1617,6.68322,6.588578
1618,6.764571,6.5756178723
1619,6.873662,6.5490745106
1620,6.956879,6.5097889574
1621,6.992339,6.4710439362
1622,6.962108,6.4491295319
1623,6.856052,6.4455221489
1624,6.734574,6.443709383
1625,6.709869,6.3897646596
1626,6.799634,6.5663731489
1627,6.879069,6.5989221915
1628,6.840375,6.6006171064
1629,6.715897,6.5810907234
1630,6.6142,6.5472491489
1631,6.600369,6.5146714894
1632,6.664427,6.4970879574
1633,6.746864,6.4940227234
1634,6.779653,6.4976641915
1635,6.742514,6.502974383
1636,6.673968,6.5100920426
1637,6.612456,6.5180019574
1638,6.552218,6.5183843404
1639,6.485996,6.4997789149
1640,6.455065,6.4617621064
1641,6.483413,6.4248304681
1642,6.492936,6.4067528511
1643,6.408388,6.4053207872
1644,6.329841,6.4110150638
1645,6.421087,6.4155402766
1646,6.592871,6.4146030638
1647,6.585105,6.4106565319
1648,6.378283,6.4105870638
1649,6.263729,6.4173644468
1650,6.424116,6.425042617
1651,6.66655,6.4248224894
1652,6.719598,6.4160613617
1653,6.500404,6.4075407234
1654,6.116505,6.4086022766
1655,5.817452,6.4211362128
1656,5.86068,6.4386745532
1657,6.217023,6.4517608936
1658,6.569344,6.4566291277
1659,6.701689,6.457465383
1660,6.683583,6.4590766383
1661,6.6622,6.4610967872
1662,6.622544,6.4604074894
1663,6.449846,6.4573795106
1664,6.074094,6.4574174255
1665,5.517033,6.4677452979
1666,5.027241,6.4937141702
1667,5.135863,6.5332164468
1668,5.962362,6.571150766
1669,6.792561,6.5898987021
1670,6.770852,6.5887019149
1671,4.199172,6.5868414681
1672,15.010468,6.6402880213
1673,8.329439,6.4651395106
1674,6.95873,6.4332348936
1675,5.922635,6.4308367872
1676,5.125343,6.4502668298
1677,5.08305,6.4861067234
1678,5.773943,6.5224847872
1679,6.520361,6.5447615532
1680,6.918013,6.5522954255
1681,7.029232,6.5513944255
1682,7.077044,6.546653383
1683,7.045734,6.5398556809
1684,6.630428,6.5346427021
1685,5.677763,6.5398512553
1686,4.699206,6.5657517872
1687,4.719278,6.6127368085
1688,5.633765,6.6619656809
1689,6.425629,6.6964435957
1690,6.676019,6.7169205319
1691,6.542526,6.7299059787
1692,6.377038,6.7393860851
1693,6.407384,6.7458081489
1694,6.58184,6.7479341277
1695,6.69682,6.7455525106
1696,6.624603,6.7414878298
1697,6.41377,6.7411001489
1698,6.254777,6.7487217021
1699,6.319128,6.7630812128
1700,6.550297,6.7766401489
1701,6.7056,6.7817020426
1702,6.641754,6.7775321915
1703,6.475738,6.7707442128
1704,6.44583,6.7684315532
1705,6.608648,6.7712965106
1706,6.777418,6.775610766
1707,6.77853,6.7799516596
1708,6.629803,6.785984234
1709,6.480229,6.7935751489
1710,6.451628,6.798253766
1711,6.559504,6.7948322128
1712,6.73757,6.7828482979
1713,6.883848,6.7674218936
1714,6.918776,6.7549236596
1715,6.843515,6.7486128085
1716,6.736312,6.7472147447
1717,6.683411,6.7462028511
1718,6.71116,6.7412045532
1719,6.778488,6.731265383
1720,6.829922,6.7187365319
1721,6.846019,6.706022
1722,6.835847,6.6930345745
1723,6.809818,6.6775563404
1724,6.792819,6.6580024255
1725,6.820951,6.637499
1726,6.874453,6.6253952979
1727,6.875666,6.6290416596
1728,6.806403,6.6437205319
1729,6.757552,6.6543644043
1730,6.800724,6.648272234
1731,6.87523,6.6296677447
1732,6.895088,6.61344
1733,6.907502,6.6014078936
1734,7.033035,6.5811345745
1735,7.254227,6.5424823617
1736,7.388045,6.4938334255
1737,7.286335,6.4561417021
1738,6.988091,6.4412430426
1739,6.678875,6.4464488298
1740,6.507305,6.4546344468
1741,6.469904,6.427051383
1742,6.50578,6.4002640851
1743,6.606382,6.3727134681
1744,6.771983,6.4324121489
1745,6.929674,6.4303517234
1746,6.956398,6.4097964468
1747,6.788206,6.3860769574
1748,6.509617,6.3670644043
1749,6.322719,6.359162617
1750,6.367043,6.3620588298
1751,6.580483,6.3672231277
1752,6.811418,6.3650095957
1753,6.98144,6.3512283191
1754,7.062061,6.3286168723
1755,6.986576,6.3046370213
1756,6.700124,6.2865740851
1757,6.290815,6.2777782979
1758,5.99626,6.2779140638
1759,6.012529,6.2842421277
1760,6.296431,6.2912874468
1761,6.622166,6.2921436809
1762,6.777806,6.2837805106
1763,6.688753,6.2709835319
1764,6.448491,6.2628200851
1765,6.244019,6.2646600638
1766,6.189632,6.274602617
1767,6.232339,6.2860405532
1768,6.23561,6.2927425745
1769,6.10837,6.2936528085
1770,5.890784,6.2947675532
1771,5.829158,6.304174383
1772,6.252077,6.3217875532
1773,7.045832,6.335105383
1774,7.565573,6.3309784681
1775,7.306665,6.3112181915
1776,6.47122,6.2926318511
1777,5.926313,6.2908103404
1778,6.112526,6.3019042553
1779,6.329579,6.3100740213
1780,5.954656,6.3140012128
1781,5.216381,6.3274791702
1782,4.967727,6.3603841915
1783,5.616534,6.4027327872
1784,6.586098,6.433179
1785,7.232763,6.4415188298
1786,7.063599,6.4326889362
1787,5.210901,6.4250030638
1788,5.210901,6.4568866809
1789,5.210901,6.4904764255
1790,9.41222,6.5251762766
1791,6.675143,6.4699221489
1792,5.963576,6.4710945319
1793,5.841582,6.4855567234
1794,5.894616,6.501920383
1795,6.138233,6.5184051064
1796,6.458841,6.5328651702
1797,6.609765,6.544147617
1798,6.476447,6.5541120851
1799,6.163698,6.5658835319
1800,5.918702,6.5813955106
1801,5.935008,6.5996844894
1802,6.137618,6.6171792979
1803,6.286722,6.631346234
1804,6.297196,6.6431651277
1805,6.293679,6.6545388936
1806,6.343659,6.6652464043
1807,6.336674,6.6750005532
1808,6.229097,6.6863806809
1809,6.176348,6.7014200213
1810,6.305071,6.7169857447
1811,6.53497,6.7276165532
1812,6.711319,6.7318837234
1813,6.727215,6.7328842766
1814,6.547334,6.7348137447
1815,6.278391,6.7409905319
1816,6.160763,6.7521868085
1817,6.332905,6.7650489149
1818,6.656977,6.7741985106
1819,6.878015,6.7767655319
1820,6.851867,6.7741056596
1821,6.63684,6.7704725319
1822,6.433107,6.770127
1823,6.385609,6.7742080213
1824,6.447727,6.7804130851
1825,6.496505,6.7861215957
1826,6.514157,6.7905054468
1827,6.58812,6.7928914043
1828,6.762917,6.7906216809
1829,6.958111,6.7810767021
1830,7.047506,6.766123617
1831,6.97807,6.7519048723
1832,6.817758,6.7431193191
1833,6.702363,6.7392198723
1834,6.709431,6.7361204894
1835,6.789619,6.730171766
1836,6.841794,6.7208022979
1837,6.815276,6.7108865745
1838,6.730245,6.7042449362
1839,6.643299,6.7013434255
1840,6.610674,6.6988051702
1841,6.669398,6.6940341915
1842,6.817856,6.6874826383
1843,6.989116,6.6787395532
1844,7.078095,6.6648917872
1845,7.029705,6.645155766
1846,6.892761,6.6238989362
1847,6.778284,6.6065067872
1848,6.757264,6.5930739787
1849,6.803464,6.5783281702
1850,6.84221,6.5584890213
1851,6.831763,6.5385599149
1852,6.796932,6.5295368511
1853,6.802104,6.5354131489
1854,6.87154,6.5472855319
1855,6.935946,6.5490564043
1856,6.907937,6.5266802979
1857,6.804719,6.475546
1858,6.735527,6.4080538723
1859,6.758345,6.3619064255
1860,6.8179,6.4555310213
1861,6.837643,6.5478884894
1862,6.804616,6.477895766
1863,6.765282,6.4788451915
1864,6.762936,6.4991839149
1865,6.777627,6.5026929787
1866,6.753001,6.4746017872
1867,6.68111,6.4343939362
1868,6.6206,6.4075302766
1869,6.624915,6.3918456383
1870,6.677247,6.3751696809
1871,6.716027,6.3576441915
1872,6.702546,6.3520700426
1873,6.626297,6.3641832766
1874,6.481443,6.3846608511
1875,6.314303,6.3981743404
1876,6.255316,6.3956350426
1877,6.379225,6.3815032766
1878,6.565149,6.3680909149
1879,6.634484,6.3610928723
1880,6.556692,6.3580281277
1881,6.429841,6.3547092766
1882,6.349254,6.349916
1883,6.375755,6.3456358085
1884,6.503119,6.3431455319
1885,6.593874,6.3418660851
1886,6.524001,6.3428559362
1887,6.386438,6.3486668085
1888,6.361475,6.3577540213
1889,6.406931,6.3633654894
1890,6.338271,6.3617398511
1891,6.150502,6.3580013191
1892,6.030634,6.3600835106
1893,6.07533,6.3694138085
1894,6.146942,6.381683383
1895,6.064211,6.3945697234
1896,5.871024,6.4105668511
1897,5.905542,6.431901
1898,6.407679,6.4532328298
1899,7.073118,6.463085234
1900,7.360106,6.4557004468
1901,6.954771,6.4375324255
1902,5.884269,6.424118766
1903,4.504625,6.4331824255
1904,3.632589,6.4755896596
1905,4.566597,6.5425612128
1906,11.158701,6.5946450426
1907,11.158701,6.509052234
1908,3.547985,6.4235344043
1909,6.849239,6.4973751702
1910,7.721202,6.4964845532
1911,6.927862,6.4733018936
1912,5.457341,6.4661754894
1913,4.863232,6.4913318936
1914,5.418518,6.5298621064
1915,5.883422,6.5572430851
1916,5.841145,6.5767392553
1917,5.853549,6.6003689787
1918,6.454042,6.6263225745
1919,7.271868,6.6396090638
1920,7.588743,6.6330016596
1921,7.116577,6.616389766
1922,6.194956,6.6080124681
1923,5.591123,6.619743
1924,5.748844,6.6464909149
1925,6.236241,6.6721135319
1926,6.490441,6.6876622766
1927,6.400706,6.6953675957
1928,6.204557,6.7015183191
1929,6.148085,6.7100207021
1930,6.258712,6.7200878723
1931,6.442985,6.7288258936
1932,6.640397,6.7346626596
1933,6.797112,6.7380224255
1934,6.813537,6.7401521064
1935,6.625214,6.7425352766
1936,6.330526,6.7471216383
1937,6.16256,6.7551155745
1938,6.248365,6.7646672128
1939,6.469158,6.7720754468
1940,6.652,6.7761666596
1941,6.7526,6.7787735106
1942,6.816076,6.7810323404
1943,6.873729,6.7811508298
1944,6.908138,6.7759751489
1945,6.870742,6.7646801064
1946,6.726033,6.7514448936
1947,6.506209,6.7433472128
1948,6.324329,6.7438481489
1949,6.310261,6.7489577021
1950,6.497765,6.7506429149
1951,6.780252,6.7444549574
1952,7.014537,6.7333073191
1953,7.135839,6.7224205532
1954,7.139363,6.7134331957
1955,7.018501,6.7039680889
1956,6.80738,6.6968196136
1957,6.631617,6.6942484419
1958,6.592921,6.6957396667
1959,6.639692,6.698247439
1960,6.674152,6.699711325
1961,6.705424,6.7003666923
1962,6.799742,6.7002336053
1963,6.951742,6.6975441892
1964,7.073368,6.6904831389
1965,7.078507,6.6795435714
1966,6.96132,6.6678093529
1967,6.807984,6.6589150909
1968,6.722844,6.6542566875
1969,6.746291,6.6520441935
1970,6.848275,6.6489026333
1971,6.953107,6.6420277241
1972,6.967032,6.63091775
1973,6.852591,6.6184690741
1974,6.68979,6.6094643846
1975,6.604169,6.60625136
1976,6.621242,6.606338125
1977,6.669399,6.6056901304
1978,6.717313,6.6027942727
1979,6.798306,6.597341
1980,6.897207,6.58729275
1981,6.925546,6.5709814737
1982,6.840773,6.5512834444
1983,6.706241,6.5342546471
1984,6.611487,6.5235055
1985,6.596552,6.5176400667
1986,6.661445,6.5120035
1987,6.774522,6.500508
1988,6.858765,6.4776735
1989,6.821645,6.4430288182
1990,6.630472,6.4051672
1991,6.377271,6.3801333333
1992,6.248687,6.380491125
1993,6.345442,6.3993202857
1994,6.529753,6.4083
1995,6.564478,6.3840094
1996,6.389466,6.33889225
1997,6.206931,6.3220343333
1998,6.256313,6.379586
1999,6.502859,6.502859
