0,0,0
1,0,0
2,0,0
3,0,0
4,0,0
5,0,0
6,0,0
7,0,0
8,0,0
9,0,0
10,0,0
11,0,0
12,0,0
13,0,0
14,0,0
15,0,0
16,0,0
17,0,0
18,0,0
19,0,0
20,0,0
21,0,0
22,0,0
23,0,0
24,0,0
25,0,0
26,0,0
27,0,0
28,0,0
29,0,0
30,0,0
31,0,0
32,0,0
33,0,0
34,0,0
35,0,0
36,0,0
37,0,0
38,0,0
39,0,0
40,0,0
41,0,0
42,0,0
43,0,0
44,0,0
45,0,0
46,0,0
47,0,0
48,0,0
49,0,0
50,0,0
51,0,0
52,0,0
53,0,0
54,0,0
55,0,0
56,0,0
57,0,0
58,0,0
59,0,0
60,0,0
61,0,0
62,0,0
63,0,0
64,0,0
65,0,0
66,0,0
67,0,0
68,0,0
69,0,0
70,0,0
71,0,0
72,0,0
73,0,0
74,0,0
75,0,0
76,0,0
77,0,0
78,0,0
79,0,0
80,0,0
81,0,0
82,0,0
83,0,0
84,0,0
85,0,0
86,0,0
87,0,0
88,0,0
89,0,0
90,0,0
91,0,0
92,0,0
93,0,0
94,0,0
95,0,0
96,0,0
97,0,0
98,0,0
99,0,0
100,6.728703,6.72394782
101,6.709801,6.72390654
102,6.690943,6.72399021
103,6.67427,6.72430555
104,6.662189,6.72487247
105,6.66296,6.72565953
106,6.647441,6.72653547
107,6.656157,6.72764792
108,6.669463,6.72872934
109,6.687319,6.7297004
110,6.707821,6.73047596
111,6.728637,6.73098704
112,6.747473,6.73119036
113,6.762376,6.73107456
114,6.771897,6.73066346
115,6.775137,6.73001662
116,6.771733,6.72922934
117,6.761834,6.72844909
118,6.746059,6.72894557
119,6.725394,6.72807909
120,6.700897,6.72758095
121,6.672837,6.72747101
122,6.637587,6.72780335
123,6.565682,6.72866168
124,7.846147,6.73041066
125,6.767661,6.71950979
126,6.727732,6.71951755
127,6.722395,6.72000452
128,6.728403,6.7205699
129,6.739169,6.72103685
130,6.751057,6.72128969
131,6.761491,6.72124978
132,6.76861,6.7208711
133,6.77122,6.72013699
134,6.768789,6.71904683
135,6.761406,6.71755918
136,6.749703,6.71516447
137,6.734737,6.71808039
138,6.717842,6.71815415
139,6.700433,6.71811804
140,6.683683,6.71825614
141,6.667515,6.71866309
142,6.639933,6.71937161
143,6.702283,6.72049666
144,6.680856,6.72111335
145,6.683796,6.72201604
146,6.693512,6.72290783
147,6.706902,6.72366562
148,6.72176,6.7242025
149,6.735982,6.72446508
150,6.747605,6.72443727
151,6.754985,6.72414174
152,6.756978,6.72363749
153,6.75308,6.72301479
154,6.743484,6.72239602
155,6.729034,6.72210373
156,6.711063,6.72143758
157,6.691086,6.72112443
158,6.670253,6.72113121
159,6.647976,6.72147406
160,6.615055,6.7221736
161,6.34879,6.72333311
162,6.745708,6.72727117
163,6.708879,6.72732893
164,6.708045,6.72780579
165,6.716941,6.72829564
166,6.729766,6.72865139
167,6.743439,6.72878565
168,6.755675,6.7286486
169,6.764673,6.72822374
170,6.769133,6.72752371
171,6.768332,6.72658006
172,6.762185,6.72541411
173,6.751248,6.72389325
174,6.736647,6.72248176
175,6.719919,6.72256563
176,6.702775,6.72254604
177,6.686757,6.72269685
178,6.672525,6.72309195
179,6.65567,6.7237479
180,6.765543,6.72469627
181,6.69019,6.72465367
182,6.692721,6.72544023
183,6.702686,6.72623434
184,6.715646,6.72691375
185,6.729074,6.72740082
186,6.740895,6.72764846
187,6.749509,6.72764016
188,6.75394,6.72738909
189,6.753898,6.72693478
190,6.749686,6.72633806
191,6.741985,6.72567709
192,6.731613,6.7250653
193,6.719342,6.72434315
194,6.705799,6.72386702
195,6.691334,6.72362705
196,6.675461,6.72366489
197,6.65373,6.72401706
198,6.576697,6.72474732
199,6.7897,6.72639504
200,6.724575,6.72602881
201,6.718168,6.7263851
202,6.722477,6.72682334
203,6.730962,6.72718027
204,6.740895,6.72736106
205,6.750554,6.72730603
206,6.758686,6.72698381
207,6.764299,6.72638723
208,6.766569,6.72552637
209,6.764875,6.72440889
210,6.758929,6.72295018
211,6.748969,6.71930658
212,6.735893,6.71960249
213,6.721266,6.71948196
214,6.707213,6.7194494
215,6.696409,6.71962026
216,6.693708,6.72001246
217,6.811482,6.72056032
218,6.659411,6.72004892
219,6.67558,6.72114661
220,6.689903,6.72212688
221,6.706071,6.72295692
222,6.72342,6.72356707
223,6.74058,6.72390119
224,6.75606,6.72392916
225,6.768437,6.72365171
226,6.776429,6.72310158
227,6.778933,6.72234294
228,6.775098,6.72147287
229,6.764453,6.72065049
230,6.747066,6.7185557
231,6.723623,6.71774817
232,6.695199,6.71730825
233,6.662204,6.71729021
234,6.620024,6.71775939
235,6.521935,6.71881817
236,7.041295,6.72102153
237,6.742113,6.71817525
238,6.714231,6.71843096
239,6.714243,6.71903091
240,6.724378,6.71964432
241,6.738367,6.7201151
242,6.752438,6.72035051
243,6.763952,6.72029927
244,6.771125,6.71994172
245,6.772975,6.71927882
246,6.769291,6.71830824
247,6.76059,6.71693679
248,6.748018,6.71407845
249,6.733201,6.71566833
250,6.718052,6.71594484
251,6.70456,6.71613318
252,6.694708,6.71643141
253,6.691203,6.71689198
254,6.714255,6.71749091
255,6.662419,6.71796969
256,6.679748,6.71905909
257,6.691764,6.72003032
258,6.704538,6.7208871
259,6.71793,6.72156772
260,6.731006,6.72201482
261,6.742596,6.72219035
262,6.751484,6.72208342
263,6.756565,6.72171392
264,6.75703,6.72113172
265,6.752516,6.72041104
266,6.743192,6.7196388
267,6.729734,6.7187599
268,6.713189,6.71822902
269,6.69467,6.71791445
270,6.674768,6.71788478
271,6.651737,6.71818513
272,6.610099,6.71886247
273,6.610099,6.7201017
274,6.745034,6.72146815
275,6.71796,6.72157861
276,6.717856,6.72200725
277,6.726267,6.72243167
278,6.73812,6.72271347
279,6.750507,6.72277045
280,6.761283,6.72255965
281,6.768846,6.72207198
282,6.772132,6.72132533
283,6.770627,6.72035072
284,6.764353,6.71915371
285,6.753838,6.71746776
286,6.740065,6.71937137
287,6.724402,6.71932613
288,6.708509,6.71928975
289,6.694226,6.7194466
290,6.683589,6.71984788
291,6.680806,6.72048298
292,6.659398,6.72127186
293,6.671729,6.72237811
294,6.681802,6.72342612
295,6.695118,6.72439079
296,6.710678,6.72518885
297,6.726756,6.72574975
298,6.741469,6.72602802
299,6.753077,6.72600889
300,6.760204,6.72571002
301,6.761992,6.72518018
302,6.75817,6.72449605
303,6.749041,6.72376154
304,6.735392,6.72319189
305,6.718332,6.72247228
306,6.699028,6.72204079
307,6.678213,6.72192479
308,6.654821,6.72216959
309,6.619004,6.72281781
310,6.394569,6.72399092
311,6.77856,6.72755244
312,6.72384,6.72737856
313,6.71801,6.72780503
314,6.724299,6.72828584
315,6.735629,6.72864308
316,6.748494,6.7287756
317,6.760342,6.72862763
318,6.76918,6.7281818
319,6.773607,6.72745316
320,6.772907,6.72647707
321,6.767086,6.72527845
322,6.756832,6.72372709
323,6.743377,6.72227827
324,6.728315,6.7222977
325,6.713424,6.72221231
326,6.700565,6.72228325
327,6.691926,6.72257425
328,6.69286,6.72307722
329,6.554974,6.72370094
330,6.666313,6.72581535
331,6.679631,6.72689257
332,6.693395,6.72786593
333,6.709122,6.72867974
334,6.725902,6.72926557
335,6.742271,6.72957235
336,6.756667,6.72957616
337,6.767684,6.72928358
338,6.774226,6.72873089
339,6.775584,6.72798061
340,6.771456,6.72711739
341,6.761908,6.72625622
342,6.747314,6.72536088
343,6.728197,6.72468727
344,6.704835,6.72428718
345,6.675917,6.72423745
346,6.632146,6.72461956
347,6.474756,6.72559388
348,6.907006,6.72829236
349,6.760852,6.72679873
350,6.736886,6.72686411
351,6.734383,6.72722469
352,6.740765,6.72761943
353,6.751096,6.7279127
354,6.762133,6.72802055
355,6.771359,6.72789451
356,6.776871,6.72751226
357,6.777442,6.72686351
358,6.7726,6.72591458
359,6.76264,6.7244483
360,6.748559,6.71825864
361,6.731903,6.71941799
362,6.714534,6.71987031
363,6.698345,6.72028297
364,6.684962,6.72081248
365,6.675292,6.72150805
366,6.655302,6.72236949
367,6.676646,6.72350883
368,6.681732,6.72449909
369,6.691703,6.72547187
370,6.704803,6.72633608
371,6.719471,6.72701378
372,6.734022,6.72744534
373,6.746744,6.72759706
374,6.75608,6.72746637
375,6.760824,6.72708311
376,6.760298,6.72650669
377,6.754447,6.72581998
378,6.743818,6.72512571
379,6.729427,6.72439003
380,6.712516,6.72389801
381,6.694181,6.72365129
382,6.674671,6.72370044
383,6.650926,6.72408424
384,6.595758,6.7248568
385,6.944199,6.72632648
386,6.735541,6.72443371
387,6.720764,6.7247106
388,6.724194,6.72516828
389,6.734354,6.72556913
390,6.747099,6.7257912
391,6.759694,6.72576099
392,6.770023,6.72544418
393,6.77653,6.72484169
394,6.778269,6.72398206
395,6.774924,6.7229037
396,6.766768,6.72159759
397,6.754583,6.71940296
398,6.739556,6.71971773
399,6.72319,6.71956577
400,6.70722,6.71953247
401,6.693579,6.71972991
402,6.684719,6.72018123
403,6.692076,6.72085276
404,6.663431,6.72157356
405,6.675183,6.72267698
406,6.687428,6.7237191
407,6.702693,6.72464685
408,6.719643,6.72537909
409,6.736315,6.72585077
410,6.750721,6.72602449
411,6.761172,6.72589531
412,6.766487,6.72549087
413,6.766091,6.72486689
414,6.760023,6.72409683
415,6.748881,6.72324151
416,6.733697,6.71959115
417,6.715759,6.71919725
418,6.696316,6.71897995
419,6.675998,6.71903543
420,6.653045,6.71940951
421,6.61195,6.72014444
422,6.61195,6.72141969
423,6.74532,6.72280627
424,6.719776,6.72293884
425,6.720518,6.72336497
426,6.729665,6.72377501
427,6.742223,6.72403829
428,6.755232,6.72407932
429,6.766415,6.72386129
430,6.774035,6.72338074
431,6.776967,6.72266003
432,6.774776,6.72173159
433,6.767705,6.72059307
434,6.75658,6.71889428
435,6.742652,6.72030657
436,6.727409,6.72035875
437,6.712415,6.7204252
438,6.699198,6.72066438
439,6.689262,6.72111802
440,6.685339,6.72177581
441,6.672374,6.72257633
442,6.679953,6.72359049
443,6.688188,6.72457968
444,6.699862,6.72549557
445,6.714128,6.726259
446,6.729578,6.72680217
447,6.744604,6.72707991
448,6.757643,6.72707644
449,6.76739,6.72680812
450,6.772944,6.72632233
451,6.773857,6.7256944
452,6.770092,6.72503334
453,6.761881,6.72475234
454,6.749529,6.7239321
455,6.733134,6.72338723
456,6.711996,6.72311698
457,6.682549,6.72317647
458,6.625972,6.72365532
459,6.143674,6.72482315
460,6.864494,6.73092527
461,6.777135,6.7299082
462,6.7558,6.72982229
463,6.751296,6.7299696
464,6.754519,6.73014202
465,6.761436,6.73022489
466,6.769236,6.73015003
467,6.775672,6.72988511
468,6.77901,6.72942579
469,6.778124,6.72878127
470,6.772573,6.72793564
471,6.762627,6.72663372
472,6.749194,6.73219857
473,6.733675,6.73264343
474,6.717754,6.73295786
475,6.703182,6.73337305
476,6.691627,6.73395151
477,6.68502,6.73469844
478,6.67025,6.73557701
479,6.680225,6.73666341
480,6.687844,6.73768947
481,6.699096,6.73864631
482,6.713051,6.73945812
483,6.728182,6.7400569
484,6.742726,6.74039418
485,6.754922,6.74044882
486,6.76323,6.74023151
487,6.766532,6.73978567
488,6.764279,6.73918507
489,6.756561,6.73853218
490,6.744078,6.73802094
491,6.728013,6.73733325
492,6.709774,6.73694238
493,6.690567,6.73684349
494,6.670433,6.73706532
495,6.644313,6.73762832
496,6.547305,6.73858958
497,6.78606,6.74064075
498,6.72436,6.74039412
499,6.71986,6.74081431
500,6.726964,6.74128329
501,6.738711,6.74163711
502,6.751872,6.7417838
503,6.764156,6.74166989
504,6.773773,6.74127387
505,6.779395,6.74060188
506,6.780203,6.73967884
507,6.775917,6.7385233
508,6.766811,6.73702683
509,6.753687,6.72719492
510,6.737803,6.72724487
511,6.720728,6.72714297
512,6.704089,6.72720188
513,6.689085,6.72750929
514,6.674491,6.72808787
515,6.383845,6.72894246
516,6.694307,6.73281969
517,6.694029,6.73367665
518,6.701864,6.73457613
519,6.713406,6.73538539
520,6.726538,6.73601476
521,6.739475,6.73640071
522,6.750608,6.73650794
523,6.758577,6.73633208
524,6.762389,6.73590008
525,6.761522,6.73526706
526,6.755993,6.73450784
527,6.746326,6.73368619
528,6.733429,6.73314463
529,6.71836,6.73266863
530,6.701964,6.732419
531,6.684123,6.7324581
532,6.660924,6.73282694
533,6.597826,6.73358524
534,6.897809,6.73511858
535,6.74787,6.73376548
536,6.734054,6.73398125
537,6.736333,6.73435272
538,6.744562,6.73466498
539,6.755041,6.73480856
540,6.765391,6.73472018
541,6.77379,6.734373
542,6.778872,6.73377178
543,6.779777,6.73294443
544,6.776205,6.73192201
545,6.768445,6.73066578
546,6.757352,6.72787526
547,6.744257,6.7280657
548,6.730811,6.72797296
549,6.718811,6.72798643
550,6.710151,6.72818399
551,6.707751,6.72856876
552,6.741992,6.72908773
553,6.679857,6.729365
554,6.695042,6.73033992
555,6.706109,6.73120384
556,6.717945,6.73195571
557,6.730434,6.73254347
558,6.742755,6.73291883
559,6.753886,6.7330487
560,6.762787,6.73292081
561,6.768544,6.73254617
562,6.770531,6.73195798
563,6.768538,6.73120391
564,6.762806,6.73030806
565,6.75395,6.73048532
566,6.742744,6.72994002
567,6.72974,6.72951465
568,6.714558,6.72930201
569,6.693561,6.72936286
570,6.642381,6.72977218
571,7.319112,6.73082803
572,6.79368,6.72522905
573,6.765118,6.72496028
574,6.759273,6.72500785
575,6.761028,6.72509735
576,6.76632,6.72510987
577,6.772877,6.72497691
578,6.77889,6.72466641
579,6.782831,6.72417994
580,6.783528,6.72354887
581,6.780277,6.72282516
582,6.772929,6.72205764
583,6.76191,6.72111808
584,6.74819,6.72111077
585,6.733191,6.72108401
586,6.718646,6.72126779
587,6.706472,6.72169536
588,6.69899,6.72235041
589,6.705437,6.72317791
590,6.675309,6.72401916
591,6.688926,6.72521122
592,6.699885,6.72628033
593,6.71275,6.7272115
594,6.726733,6.72794221
595,6.740439,6.7284202
596,6.752422,6.72861418
597,6.761397,6.72851865
598,6.766379,6.72815563
599,6.766758,6.7275734
600,6.762346,6.72684198
601,6.75338,6.72604142
602,6.740481,6.7245173
603,6.724554,6.72396408
604,6.706574,6.72362267
605,6.687091,6.72357185
606,6.664649,6.72386132
607,6.62627,6.72453485
608,5.78362,6.7257457
609,6.758682,6.73551223
610,6.727613,6.7356185
611,6.726619,6.73607727
612,6.73483,6.73653466
613,6.746943,6.73684602
614,6.75995,6.73692495
615,6.771568,6.73672442
616,6.780003,6.73623202
617,6.783977,6.73546449
618,6.78279,6.73445421
619,6.776343,6.73320542
620,6.765133,6.73136882
621,6.750198,6.73247386
622,6.733022,6.73239686
623,6.715377,6.7323812
624,6.699087,6.73258752
625,6.6856,6.73305865
626,6.673828,6.73378451
627,6.69217,6.73474134
628,6.685829,6.73560357
629,6.693397,6.73658129
630,6.705874,6.73749193
631,6.721007,6.73824185
632,6.736754,6.73876442
633,6.75116,6.73902291
634,6.762499,6.73901344
635,6.769447,6.73876501
636,6.771201,6.73833612
637,6.767559,6.73780996
638,6.75892,6.73729757
639,6.746203,6.73721812
640,6.730673,6.73668563
641,6.713668,6.73643542
642,6.696137,6.73645419
643,6.677535,6.73675657
644,6.650582,6.73736083
645,6.489393,6.73834985
646,6.776396,6.74105452
647,6.734983,6.74096931
648,6.732158,6.74134267
649,6.738567,6.74174277
650,6.748628,6.74202488
651,6.759648,6.74209934
652,6.769719,6.74190927
653,6.777349,6.74142892
654,6.781434,6.74066276
655,6.781296,6.73963758
656,6.776721,6.73837154
657,6.76797,6.73668745
658,6.755742,6.73973367
659,6.741097,6.73954665
660,6.725323,6.73936395
661,6.709725,6.73938935
662,6.695124,6.7396834
663,6.678953,6.74025489
664,6.780532,6.74111297
665,6.69942,6.74105643
666,6.700207,6.74187706
667,6.708476,6.74271413
668,6.720643,6.74344861
669,6.734493,6.74399856
670,6.747966,6.74430896
671,6.759214,6.74435362
672,6.766803,6.74413637
673,6.769875,6.74368953
674,6.768223,6.74306901
675,6.76228,6.74234394
676,6.753024,6.74154188
677,6.741827,6.74099207
678,6.730243,6.74054384
679,6.719724,6.74028569
680,6.711157,6.74024905
681,6.703525,6.74043661
682,6.678973,6.74084197
683,6.761179,6.74161904
684,6.745514,6.74166958
685,6.751569,6.74193069
686,6.761403,6.74213796
687,6.771977,6.74220623
688,6.78174,6.74208556
689,6.789562,6.74175037
690,6.794515,6.74119799
691,6.795837,6.74044758
692,6.793002,6.73953602
693,6.785821,6.73850281
694,6.774532,6.73731296
695,6.759837,6.72658117
696,6.742869,6.72650033
697,6.725095,6.72649215
698,6.708156,6.72674031
699,6.693616,6.72728793
700,6.68229,6.7281213
701,6.600968,6.7291923
702,6.685159,6.73116665
703,6.690413,6.73234412
704,6.701492,6.73346504
705,6.716038,6.73442411
706,6.732002,6.73514605
707,6.747355,6.7355856
708,6.760273,6.73572946
709,6.769309,6.73559584
710,6.77349,6.73523229
711,6.772358,6.73471345
712,6.765966,6.73414514
713,6.754836,6.73375645
714,6.739897,6.7328201
715,6.722328,6.73232958
716,6.70325,6.73213942
717,6.682949,6.73227144
718,6.657911,6.73274864
719,6.592683,6.73361723
720,6.875637,6.73526267
721,6.742498,6.73417223
722,6.731456,6.73446496
723,6.736009,6.73487205
724,6.7462,6.73518951
725,6.758186,6.73531801
726,6.769511,6.73520592
727,6.778393,6.73483768
728,6.783601,6.73422675
729,6.784461,6.73340568
730,6.780866,6.73240518
731,6.773264,6.73117415
732,6.762603,6.72756393
733,6.750213,6.72762201
734,6.737656,6.72750562
735,6.726558,6.72750685
736,6.718585,6.72769012
737,6.71632,6.72805633
738,6.750975,6.7285554
739,6.692954,6.72880597
740,6.705652,6.72970724
741,6.715545,6.73051328
742,6.726375,6.73120744
743,6.737961,6.73173549
744,6.749484,6.73205049
745,6.75986,6.73212387
746,6.767875,6.7319513
747,6.772319,6.7315558
748,6.772168,6.73098861
749,6.766778,6.73032898
750,6.756074,6.72969883
751,6.740641,6.72884462
752,6.721684,6.72836468
753,6.700733,6.72817105
754,6.678916,6.72830858
755,6.654692,6.72880538
756,6.608312,6.7296897
757,7.072592,6.73117016
758,6.73704,6.72811177
759,6.722827,6.72847276
760,6.727863,6.72899287
761,6.73913,6.72943121
762,6.752273,6.72968036
763,6.764761,6.72968359
764,6.774878,6.72941888
765,6.781483,6.7288908
766,6.783914,6.72812047
767,6.781924,6.72712514
768,6.775638,6.72584234
769,6.765533,6.72309399
770,6.752432,6.72363772
771,6.737489,6.72364752
772,6.722119,6.72371729
773,6.707823,6.7239735
774,6.695716,6.72445383
775,6.682074,6.72515244
776,6.698043,6.72607904
777,6.697004,6.7269157
778,6.704428,6.72779934
779,6.71606,6.72860574
780,6.729913,6.72925174
781,6.744061,6.72967729
782,6.75668,6.72984907
783,6.766233,6.72976309
784,6.771625,6.72944485
785,6.772296,6.72894761
786,6.76823,6.7283516
787,6.75991,6.72778486
788,6.748221,6.72525472
789,6.734324,6.72463648
790,6.719474,6.72428111
791,6.704681,6.72420414
792,6.689681,6.72442318
793,6.666836,6.72494603
794,5.701353,6.72583964
795,6.751753,6.7365023
796,6.742051,6.73673401
797,6.749911,6.73708676
798,6.762918,6.73733369
799,6.776953,6.73737535
800,6.78939,6.73716122
801,6.798403,6.73667799
802,6.802906,6.73594266
803,6.802505,6.73499295
804,6.797399,6.73387031
805,6.788232,6.73257177
806,6.775957,6.73062862
807,6.761741,6.73115671
808,6.746911,6.73103335
809,6.732954,6.73100603
810,6.721606,6.73119307
811,6.715527,6.73161777
812,6.727097,6.73224188
813,6.661201,6.73287794
814,6.690845,6.73426949
815,6.703312,6.73541569
816,6.716452,6.73643554
817,6.730669,6.73726965
818,6.74477,6.73786161
819,6.757227,6.7381793
820,6.766593,6.73822151
821,6.771771,6.73801835
822,6.772165,6.73762765
823,6.767755,6.73713052
824,6.75905,6.73663908
825,6.746977,6.73753205
826,6.732687,6.73701983
827,6.7173,6.73675144
828,6.701494,6.73673872
829,6.684411,6.73700461
830,6.657763,6.7375725
831,6.412242,6.73853481
832,6.768411,6.74206184
833,6.738574,6.74210444
834,6.737779,6.74248012
835,6.744885,6.7428506
836,6.755206,6.74308921
837,6.766227,6.74312136
838,6.776032,6.74290651
839,6.783081,6.74243353
840,6.786256,6.7417147
841,6.784961,6.74077136
842,6.77918,6.7395878
843,6.769461,6.73776902
844,6.756822,6.73920322
845,6.742603,6.73920508
846,6.728325,6.73919203
847,6.7156,6.73933554
848,6.706205,6.73968614
849,6.703763,6.74023926
850,6.670653,6.74092981
851,6.692647,6.74204905
852,6.702321,6.74301424
853,6.714486,6.74390513
854,6.728596,6.7446476
855,6.743124,6.74517409
856,6.756358,6.74544034
857,6.766753,6.74543305
858,6.773139,6.7451721
859,6.774838,6.7447087
860,6.771697,6.74412197
861,6.764045,6.74352584
862,6.752596,6.74341404
863,6.73829,6.74270167
864,6.72207,6.74227873
865,6.70445,6.7421367
866,6.684381,6.74230546
867,6.653644,6.74282002
868,6.500803,6.74378372
869,6.819906,6.74639821
870,6.753412,6.74590969
871,6.744466,6.74612863
872,6.74774,6.74642868
873,6.755856,6.74663807
874,6.765577,6.74666619
875,6.774734,6.74646628
876,6.781709,6.74602568
877,6.785368,6.74535706
878,6.785068,6.74448313
879,6.78066,6.74339779
880,6.772468,6.74184233
881,6.761239,6.74556709
882,6.748082,6.7457127
883,6.734409,6.74576859
884,6.721901,6.74594817
885,6.712695,6.74630944
886,6.711556,6.74684835
887,6.506896,6.74748998
888,6.686397,6.75025758
889,6.698787,6.75128354
890,6.711777,6.75220299
891,6.726585,6.75296895
892,6.741966,6.7535228
893,6.756197,6.75382447
894,6.767619,6.75386192
895,6.774924,6.75365386
896,6.777326,6.75324796
897,6.774604,6.75271678
898,6.767084,6.75215838
899,6.75554,6.7518066
900,6.741067,6.75116319
901,6.72487,6.7512651717
902,6.707935,6.7515345102
903,6.690241,6.7519839897
904,6.667545,6.7526271458
905,6.593917,6.7535227474
906,6.828766,6.7552206809
907,6.749405,6.754429871
908,6.744179,6.7544844891
909,6.751658,6.7545977363
910,6.764076,6.7546304
911,6.777938,6.7545242697
912,6.790703,6.7542582045
913,6.800356,6.7538392989
914,6.805465,6.753298407
915,6.805297,6.7526846824
916,6.799863,6.7520583452
917,6.789865,6.7514823855
918,6.776539,6.7510143049
919,6.761448,6.7506991852
920,6.746277,6.750564825
921,6.732701,6.7506191013
922,6.722452,6.7508488205
923,6.718611,6.7512176104
924,6.848347,6.7516466447
925,6.695755,6.7503573067
926,6.705848,6.7510951757
927,6.716028,6.751715
928,6.728083,6.7522106528
929,6.7412,6.7525504789
930,6.753994,6.7527126286
931,6.764945,6.752694058
932,6.772671,6.7525138971
933,6.776142,6.7522130448
934,6.774827,6.7518504848
935,6.768746,6.751497
936,6.758421,6.7512274844
937,6.744742,6.7511133016
938,6.728734,6.7512160645
939,6.711198,6.751584623
940,6.691922,6.7522577333
941,6.666605,6.7532803729
942,6.597302,6.7547747759
943,6.912881,6.7575374561
944,6.757008,6.7547634643
945,6.741298,6.7547226545
946,6.742676,6.7549712593
947,6.75066,6.7552032453
948,6.761517,6.7552906154
949,6.772818,6.7551685294
950,6.782577,6.75481554
951,6.789166,6.7542489796
952,6.79141,6.7535215417
953,6.788733,6.7527154043
954,6.781245,6.751932413
955,6.769749,6.7512810222
956,6.755629,6.7508612955
957,6.740658,6.7507504186
958,6.726799,6.7509907143
959,6.716165,6.7515807561
960,6.712084,6.75246615
961,6.752865,6.7535015897
962,6.681359,6.7535183421
963,6.695996,6.7554685946
964,6.707867,6.7571206111
965,6.721326,6.7585278571
966,6.735837,6.7596220294
967,6.750014,6.7603427879
968,6.762252,6.7606655625
969,6.771054,6.7606143871
970,6.775306,6.7602664
971,6.774471,6.7597477931
972,6.768679,6.7592219643
973,6.758668,6.7588717037
974,6.745586,6.7588795385
975,6.730674,6.75941128
976,6.714847,6.7606086667
977,6.697975,6.7625983043
978,6.676534,6.7655357273
979,6.625114,6.7697739048
980,7.144944,6.7770069
981,6.7758,6.7576417895
982,6.753671,6.756633
983,6.752367,6.7568072353
984,6.758028,6.75708475
985,6.766586,6.7570218667
986,6.775719,6.7563387143
987,6.783656,6.7548479231
988,6.788993,6.75244725
989,6.790732,6.7491249091
990,6.788373,6.7449642
991,6.78197,6.740141
992,6.772133,6.734912375
993,6.759942,6.7295951429
994,6.746813,6.7245373333
995,6.734334,6.7200822
996,6.724208,6.71651925
997,6.718764,6.7139563333
998,6.731906,6.7115525
999,6.691199,6.691199
