0,0,0
1,0,0.0757171935
2,0,0.1511957849
3,0,0.226516
4,0,0.301377043
5,0,0.3750741398
6,0,0.4467499355
7,0,0.5158267204
8,0,0.5824253011
9,0,0.647516871
10,0,0.7126182151
11,0,0.7791439892
12,0,0.847848914
13,0,0.9186889355
14,0,0.9910548065
15,0,1.0641449677
16,0,1.1372866022
17,0,1.2101120753
18,0,1.2825747527
19,0,1.3548409355
20,0,1.4271270968
21,0,1.4995574086
22,0,1.5720930538
23,0,1.6445461505
24,0,1.7166592796
25,0,1.7882155054
26,0,1.8591379462
27,0,1.9295376559
28,0,1.9996840108
29,0,2.0699138495
30,0,2.1405414946
31,0,2.2118306452
32,0,2.2840237742
33,0,2.3573511935
34,0,2.4319430753
35,0,2.5076616129
36,0,2.5839744946
37,0,2.6600017742
38,0,2.7347769032
39,0,2.807639914
40,0,2.8785827634
41,0,2.9483279032
42,0,3.0180185699
43,0,3.088670043
44,0,3.1607456559
45,0,3.2340983118
46,0,3.3082162043
47,0,3.3825536452
48,0,3.4567567957
49,0,3.5307056989
50,0,3.6044169032
51,0,3.677928
52,0,3.7512666774
53,0,3.8245107312
54,0,3.8978528602
55,0,3.9715693118
56,0,4.0458687957
57,0,4.1207078172
58,0,4.1957053226
59,0,4.2702347312
60,0,4.3436706129
61,0,4.4156877419
62,0,4.4864715914
63,0,4.5567114086
64,0,4.6273391505
65,0,4.6991364301
66,0,4.7724259032
67,0,4.8469871613
68,0,4.9221844409
69,0,4.997208914
70,0,5.0713397312
71,0,5.1441603548
72,0,5.2156924731
73,0,5.2864193011
74,0,5.357176
75,0,5.4289132688
76,0,5.5023974839
77,0,5.577955129
78,0,5.6553535699
79,0,5.7338494624
80,0,5.8123792581
81,0,5.889833828
82,0,5.9653433548
83,0,6.0384950753
84,0,6.1094214624
85,0,6.1787384194
86,0,6.2473698817
87,0,6.3163287312
88,0,6.3865068065
89,0,6.4584912903
90,0,6.5324225161
91,0,6.6079344731
92,0,6.6842250323
93,7.041699,6.7602691183
94,7.019509,6.7594164731
95,7.00478,6.7571043441
96,6.962077,6.7533477742
97,6.85383,6.7491135161
98,6.665849,6.7460443978
99,6.424141,6.7458093011
100,6.193668,6.7493969785
101,6.053516,6.7566518172
102,6.054425,6.7662441398
103,6.186897,6.7761500215
104,6.389558,6.7844566667
105,6.588122,6.7900437419
106,6.730026,6.7928056344
107,6.797385,6.7934337097
108,6.802172,6.7929585591
109,6.772769,6.7922583548
110,6.739029,6.791714172
111,6.720755,6.7911396237
112,6.722613,6.7899982903
113,6.736019,6.7877934409
114,6.745815,6.7844392258
115,6.738138,6.7804313441
116,6.706521,6.7767253763
117,6.654729,6.7743774409
118,6.595787,6.7741288387
119,6.547173,6.7761301183
120,6.523611,6.7799064409
121,6.531375,6.7845507204
122,6.568371,6.789039957
123,6.629891,6.7925182043
124,6.713961,6.7944186344
125,6.81945,6.7944223871
126,6.937045,6.7923878602
127,7.041824,6.7883922043
128,7.097098,6.7828722043
129,7.070537,6.7766856774
130,6.954087,6.7709270968
131,6.77626,6.7665201183
132,6.597685,6.7637902366
133,6.486298,6.7622620215
134,6.481232,6.7608488602
135,6.570587,6.7584265054
136,6.703032,6.7545066129
137,6.821797,6.7495718925
138,6.892964,6.7448563871
139,6.913382,6.7417444839
140,6.900893,6.7411374946
141,6.877248,6.7430558817
142,6.855142,6.7465666667
143,6.836532,6.7499563118
144,6.820497,6.7509691613
145,6.811697,6.7469615484
146,6.820818,6.7349861935
147,6.85563,6.712069957
148,6.909852,6.6763654731
149,6.960029,6.6311026022
150,6.974768,6.5899190108
151,6.931235,6.5652341183
152,6.829537,6.5605843871
153,6.697593,6.5743267634
154,6.582898,6.6015006452
155,6.532303,6.6349388817
156,6.56838,6.6666161613
157,6.677147,6.6893093763
158,6.815921,6.6983095161
159,6.934197,6.692822914
160,6.993347,6.6765444516
161,6.977276,6.6562126237
162,6.894166,6.6378345484
163,6.772318,6.6241277634
164,6.652487,6.6150235806
165,6.577595,6.6090608602
166,6.580373,6.6043084086
167,6.671566,6.5987784194
168,6.834032,6.5906596774
169,7.026861,6.578713172
170,7.198055,6.5629558925
171,7.300118,6.5453035699
172,7.303271,6.5293663118
173,7.203275,6.5189614194
174,7.022386,6.5162977957
175,6.80311,6.5210203871
176,6.596154,6.5301787957
177,6.446477,6.5386356774
178,6.382726,6.5394280968
179,6.413173,6.523161086
180,6.526561,6.4635891935
181,6.694557,6.4027980753
182,6.875604,6.3402005484
183,7.022612,6.2756562796
184,7.095022,6.2095312796
185,7.0721,6.1426276774
186,6.962403,6.1333908065
187,6.804481,6.227612871
188,6.655419,6.3235330215
189,6.568291,6.4210559892
190,6.568402,6.5195158172
191,6.643985,6.6179744516
192,6.757795,6.6091872258
193,6.868368,6.6166698495
194,6.945602,6.6259386882
195,6.975672,6.6280007634
196,6.959415,6.6171520968
197,6.909156,6.5916814839
198,6.844978,6.5563783548
199,6.788437,6.5230368602
200,6.753196,6.5003183333
201,6.737053,6.4888032366
202,6.72216,6.4850790753
203,6.685596,6.4850008925
204,6.614611,6.4855127849
205,6.517562,6.4855591505
206,6.424077,6.4860418602
207,6.373082,6.4887224839
208,6.393483,6.494617914
209,6.488163,6.5030171183
210,6.631609,6.5116336237
211,6.781906,6.5174939247
212,6.898371,6.5180237527
213,6.955529,6.5120701398
214,6.948874,6.5007073226
215,6.891848,6.4873601398
216,6.806631,6.4764878925
217,6.71431,6.4713077957
218,6.630239,6.4725094301
219,6.565449,6.4785508387
220,6.528464,6.4866576774
221,6.521751,6.4938743118
222,6.534989,6.4979697849
223,6.544238,6.4980925054
224,6.522381,6.4949804194
225,6.455561,6.4905576774
226,6.354874,6.4870556452
227,6.255953,6.4861246237
228,6.206037,6.4883195054
229,6.244103,6.4930113011
230,6.383255,6.4986249032
231,6.603557,6.5031132151
232,6.856932,6.5045654409
233,7.079303,6.5018056344
234,7.203751,6.494820086
235,7.170379,6.4848811505
236,6.930727,6.4743323763
237,6.447789,6.4661675699
238,5.697989,6.4636433226
239,4.689608,6.4700456774
240,3.535113,6.4884039032
241,2.700405,6.520438957
242,3.129955,6.5627559462
243,4.679073,6.6016405269
244,6.49881,6.6247520753
245,8.107578,6.6287720753
246,9.224764,6.6155895484
247,9.692654,6.5902426129
248,9.47829,6.5595923656
249,8.678849,6.5308790538
250,7.51416,6.5102152366
251,6.305667,6.5012549032
252,5.4203,6.5042116667
253,5.102487,6.5155414946
254,5.268115,6.5293898817
255,5.619435,6.5411344194
256,5.925629,6.5495595269
257,6.097954,6.5559303118
258,6.135617,6.5622432151
259,6.066084,6.5701026774
260,5.916523,6.5803360323
261,5.723007,6.5930583441
262,5.561434,6.6077966882
263,5.556389,6.6233918387
264,5.817953,6.6377893118
265,6.335616,6.6483208495
266,6.955558,6.6528148387
267,7.461587,6.6507106452
268,7.654842,6.6433408387
269,7.382644,6.6336613978
270,6.520172,6.6260216559
271,4.869894,6.6263165699
272,0.872987,6.6431491828
273,0.872987,6.7025323441
274,0.872987,6.7625748602
275,0.872987,6.8241236774
276,0.872987,6.8874081183
277,0.872987,6.9520304946
278,6.213071,7.0172491828
279,15.725055,7.0249379462
280,15.725055,6.9298667742
281,15.725055,6.8343822258
282,15.725055,6.7388639677
283,15.725055,6.6437310538
284,5.826773,6.5491859462
285,7.453679,6.5615457849
286,7.73037,6.5565218817
287,7.137375,6.5481915484
288,5.966746,6.5455462473
289,4.590648,6.5546144301
290,3.625965,6.5776313226
291,3.744219,6.6104009785
292,4.675614,6.6416765376
293,5.682292,6.6632107634
294,6.390706,6.6746740753
295,6.714889,6.6796164731
296,6.733202,6.6823082796
297,6.618923,6.6859832043
298,6.562454,6.6918675269
299,6.673375,6.6990273656
300,6.921357,6.7052330753
301,7.174609,6.7084678387
302,7.289498,6.7080979032
303,7.176617,6.7051727849
304,6.83118,6.702039914
305,6.344685,6.7015241935
306,5.898787,6.7057669355
307,5.707586,6.714950172
308,5.880729,6.7266510753
309,6.324882,6.7368698925
310,6.826062,6.7423525484
311,7.19209,6.7421451398
312,7.319385,6.737576129
313,7.199611,6.7313785161
314,6.90263,6.7265911935
315,6.546402,6.7255590215
316,6.254814,6.7292502366
317,6.111066,6.7370715484
318,6.129872,6.747254957
319,6.268289,6.7576313226
320,6.460077,6.7663748172
321,6.642374,6.7724290215
322,6.766168,6.7756301398
323,6.800668,6.7766331505
324,6.738614,6.7766713011
325,6.60027,6.777155957
326,6.429647,6.7791963226
327,6.27943,6.7832088602
328,6.189343,6.7888056022
329,6.1714,6.795045828
330,6.213034,6.8009244194
331,6.293408,6.8058019032
332,6.396923,6.8095314194
333,6.514373,6.8122807312
334,6.635885,6.81426
335,6.746221,6.815580172
336,6.828447,6.8163011183
337,6.87267,6.8165560538
338,6.881603,6.8166025591
339,6.867499,6.8167418495
340,6.842181,6.8171678065
341,6.807952,6.8178687312
342,6.757114,6.8186645054
343,6.680849,6.819353129
344,6.580646,6.8198597097
345,6.473974,6.8202881828
346,6.390387,6.820843828
347,6.360357,6.8216686774
348,6.40297,6.8226834839
349,6.518112,6.8235387957
350,6.685054,6.8237308602
351,6.866547,6.8228530323
352,7.017786,6.8208723011
353,7.099698,6.8182766129
354,7.093673,6.8159678387
355,7.011783,6.814893871
356,6.895354,6.8155681828
357,6.797386,6.8177184516
358,6.753557,6.8202860323
359,6.759868,6.8218546129
360,6.776195,6.821333828
361,6.754654,6.8185107957
362,6.672148,6.8141390753
363,6.547599,6.8095360645
364,6.435327,6.8059375269
365,6.395621,6.803948828
366,6.456941,6.8033572043
367,6.597027,6.8033707634
368,6.75844,6.8030832258
369,6.882868,6.801845828
370,6.938325,6.7993965914
371,6.928126,6.7958156667
372,6.883436,6.7914154194
373,6.844992,6.7866050108
374,6.841857,6.7817338065
375,6.877694,6.7769586774
376,6.93236,6.7722216559
377,6.976238,6.7673703871
378,6.986456,6.7623474839
379,6.955649,6.7573315591
380,6.891362,6.752749172
381,6.810087,6.7491403226
382,6.731219,6.7469296882
383,6.673543,6.7462130323
384,6.652846,6.7466704516
385,6.678297,6.7476555484
386,6.74838,6.7484197527
387,6.850349,6.7483521075
388,6.965227,6.7470857204
389,7.07497,6.7444000968
390,7.166165,6.7400171505
391,7.228319,6.7335098065
392,7.250506,6.7244961183
393,7.22219,6.7131029462
394,7.140205,6.7004436559
395,7.017462,6.6886664086
396,6.88526,6.6802415591
397,6.783218,6.6767822473
398,6.73926,6.678220172
399,6.752828,6.6828134301
400,6.79577,6.6877807204
401,6.831079,6.6900756882
402,6.834769,6.6869521075
403,6.806773,6.6763015914
404,6.767172,6.6570600108
405,6.743007,6.6301419462
406,6.75439,6.5998406022
407,6.806638,6.5731230108
408,6.889685,6.5553326022
409,6.982196,6.5480636237
410,7.058123,6.550223043
411,7.094874,6.5593767204
412,7.081434,6.5726273226
413,7.023118,6.5871024516
414,6.940078,6.6002101613
415,6.859448,6.6098870215
416,6.804216,6.6150826344
417,6.783687,6.6165373763
418,6.790024,6.6173773333
419,6.802813,6.6228430753
420,6.799927,6.7012299247
421,6.769684,6.7158303656
422,6.718109,6.7390732688
423,6.66664,6.7666948495
424,6.640253,6.7941541183
425,6.652609,6.8168956022
426,6.698445,6.8311185591
427,6.758661,6.8343926774
428,6.813269,6.8259276022
429,6.852156,6.8065623441
430,6.876995,6.7788066452
431,6.894557,6.7470922258
432,6.907113,6.7172529677
433,6.907367,6.6943897097
434,6.881959,6.6812449785
435,6.821156,6.6782235376
436,6.727961,6.6839264516
437,6.620494,6.6956275054
438,6.525649,6.7097213978
439,6.467098,6.722229172
440,6.454734,6.7293585484
441,6.482514,6.7280173978
442,6.535974,6.7161399677
443,6.603416,6.6928058925
444,6.682339,6.6585106774
445,6.776387,6.6165548817
446,6.884982,6.5750436129
447,6.993794,6.5429846022
448,7.074494,6.5252315054
449,7.095329,6.5231928925
450,7.036171,6.535931043
451,6.899435,6.5605257204
452,6.711435,6.5923125699
453,6.513653,6.6253346667
454,6.348084,6.6531316667
455,6.244068,6.6698478602
456,6.212935,6.6715627849
457,6.250378,6.6578081505
458,6.3406,6.6331242043
459,6.458202,6.6060804194
460,6.570286,6.5830207097
461,6.643362,6.5653182151
462,6.655089,6.5519957742
463,6.605299,6.5419374731
464,6.518903,6.5346995161
465,6.436068,6.530415
466,6.39197,6.5292675054
467,6.39777,6.531030914
468,6.437151,6.5350113226
469,6.481192,6.5403352366
470,6.509108,6.5462666774
471,6.519975,6.5523069355
472,6.529487,6.5580632043
473,6.555739,6.5630549462
474,6.604498,6.5666665054
475,6.66457,6.5683374624
476,6.716083,6.5678831075
477,6.74446,6.5657084516
478,6.749368,6.5627226989
479,6.742089,6.5599580753
480,6.732575,6.5581280968
481,6.715464,6.5574312366
482,6.667356,6.5577168925
483,6.560982,6.5588400753
484,6.390046,6.5608941828
485,6.190941,6.5641116344
486,6.044876,6.5684567204
487,6.044921,6.5731784624
488,6.233951,6.5767560753
489,6.563544,6.5775383118
490,6.916945,6.5747622151
491,7.166433,6.5691573226
492,7.214786,6.5627518602
493,7.009202,6.5581829892
494,6.540586,6.5579957634
495,5.844271,6.5641951828
496,5.017306,6.5780201828
497,4.263792,6.5996654194
498,3.924982,6.6275170753
499,4.269654,6.6569253548
500,5.15213,6.6809814731
501,6.21367,6.6947161828
502,7.183022,6.6970232796
503,7.909415,6.689456
504,8.32718,6.6748806022
505,8.427621,6.6566616882
506,8.242135,6.6381700215
507,7.840026,6.6224091828
508,7.34264,6.6116104409
509,6.939507,6.6066796774
510,6.861803,6.6065113333
511,7.298338,6.6075993763
512,14.09279,6.6044950645
513,8.157768,6.5289122473
514,8.931274,6.5176666559
515,9.286916,6.4983348172
516,9.220352,6.4749144624
517,8.755211,6.451366086
518,7.975344,6.4314761075
519,7.002938,6.4183568817
520,5.971409,6.4141365269
521,5.0123,6.4198767097
522,4.270876,6.4355324624
523,3.927554,6.4596113333
524,4.119506,6.488507129
525,4.78083,6.5167177742
526,5.684907,6.5389648495
527,6.600965,6.5520748172
528,7.351527,6.5553060645
529,7.816159,6.550040129
530,7.931226,6.5392837527
531,7.688872,6.5269780968
532,7.13013,6.5171962366
533,6.330007,6.5134402581
534,5.377913,6.518236914
535,4.365905,6.5330845054
536,3.413961,6.5585791183
537,2.78045,6.594212957
538,2.915839,6.636862914
539,3.903494,6.6785933226
540,5.342756,6.7104465806
541,6.884903,6.7275598817
542,8.279977,6.7286292581
543,9.323476,6.7149543871
544,9.855612,6.690074914
545,9.78249,6.6593654516
546,9.098774,6.6293167312
547,7.90269,6.6065008065
548,6.403556,6.5963633226
549,4.933754,6.6019932043
550,3.954771,6.6228554301
551,3.825528,6.6535266559
552,4.313649,6.6849208602
553,4.923954,6.7106871398
554,5.404375,6.7299397957
555,5.719667,6.744434828
556,5.932169,6.7560196774
557,6.120443,6.7654855699
558,6.329351,6.7724912688
559,6.555967,6.7762056452
560,6.767948,6.7761856022
561,6.932275,6.7729709892
562,7.032816,6.768085086
563,7.070852,6.7634686559
564,7.055308,6.7607095806
565,6.993719,6.7605342366
566,6.891614,6.7627656882
567,6.759897,6.7666130753
568,6.622315,6.7710413656
569,6.51384,6.7750600753
570,6.466785,6.7779015161
571,6.492258,6.7791285484
572,6.571901,6.7786943011
573,6.667767,6.7769256774
574,6.74203,6.7744102796
575,6.771812,6.7718286667
576,6.752014,6.7698039032
577,6.689269,6.768815914
578,6.595034,6.7691844946
579,6.483998,6.7710822151
580,6.377639,6.7745206344
581,6.306699,6.7792822043
582,6.305367,6.7848360538
583,6.39569,6.7903294731
584,6.570725,6.7947346452
585,6.789881,6.7971325269
586,6.99179,6.7970015484
587,7.117132,6.7943697097
588,7.129996,6.7897920108
589,7.030313,6.7842038172
590,6.853996,6.7787066452
591,6.659952,6.7743118925
592,6.506873,6.7716694301
593,6.429458,6.7708657634
594,6.42823,6.7714191075
595,6.479265,6.7725178172
596,6.553903,6.7733934731
597,6.632821,6.7736570215
598,6.707896,6.77346
599,6.776377,6.7733869785
600,6.835743,6.7740787634
601,6.884079,6.7757631075
602,6.923851,6.7779645484
603,6.962991,6.7795569677
604,7.009637,6.7791492258
605,7.063588,6.7756779032
606,7.111928,6.7689716344
607,7.133413,6.7599396989
608,7.108823,6.7501283656
609,7.030353,6.7408433548
610,6.905443,6.7324306774
611,6.755256,6.7241230538
612,6.610445,6.7144454839
613,6.505246,6.7020328602
614,6.468285,6.6867252043
615,6.510211,6.6704907204
616,6.614863,6.6569857849
617,6.743096,6.649452043
618,6.849808,6.6491219355
619,6.904134,6.6552178495
620,6.901471,6.665629957
621,6.861795,6.6776175484
622,6.815816,6.6884123656
623,6.7868,6.6957044731
624,6.779159,6.6979514516
625,6.780824,6.6944636774
626,6.776096,6.6853512258
627,6.758739,6.6715539785
628,6.736904,6.6550325161
629,6.727908,6.6387029677
630,6.746896,6.625525871
631,6.796767,6.6171626882
632,6.865847,6.6133779355
633,6.934293,6.6124613118
634,6.984355,6.612125828
635,7.008214,6.6104023118
636,7.009685,6.6063015699
637,6.999632,6.6001630753
638,6.987959,6.5936545699
639,6.976893,6.589348
640,6.959904,6.589835086
641,6.927135,6.5966144946
642,6.873941,6.6091633871
643,6.807195,6.6244347527
644,6.745189,6.6367791935
645,6.709913,6.6380680538
646,6.714451,6.6168855376
647,6.752413,6.5956542258
648,6.797058,6.5740147204
649,6.812497,6.5518951613
650,6.771973,6.5296095914
651,6.674788,6.5077597634
652,6.554103,6.4711223118
653,6.468989,6.4761121075
654,6.477886,6.4204502366
655,6.603488,6.4104456774
656,6.814258,6.402425172
657,7.039001,6.3895077849
658,7.201244,6.3702733333
659,7.249421,6.3473344624
660,7.171728,6.3255662366
661,6.996055,6.3094728495
662,6.778094,6.3013724731
663,6.580899,6.3010991613
664,6.451873,6.3065836559
665,6.407419,6.3148133441
666,6.433835,6.3229287634
667,6.50194,6.3291572258
668,6.583509,6.3332206129
669,6.660131,6.3359923763
670,6.723547,6.3385800108
671,6.771522,6.3414259892
672,6.803771,6.3439481075
673,6.820465,6.3447645376
674,6.823207,6.3422495161
675,6.816255,6.3351774839
676,6.805371,6.323308086
677,6.793728,6.3077616774
678,6.7777,6.2909128817
679,6.747029,6.2756189032
680,6.691406,6.2642170645
681,6.610294,6.257997828
682,6.519076,6.2572075484
683,6.445284,6.2612095161
684,6.414203,6.2686255161
685,6.432132,6.2775362581
686,6.480919,6.2858558925
687,6.53041,6.2918497742
688,6.560701,6.2946028172
689,6.578413,6.2942050108
690,6.614498,6.2915034301
691,6.701105,6.2874852258
692,6.840713,6.2826835484
693,6.992387,6.2770927419
694,7.088813,6.2706403548
695,7.071946,6.2637473871
696,6.925071,6.2574837204
697,6.686804,6.2531730323
698,6.439905,6.2516730323
699,6.271958,6.2527885269
700,6.220959,6.2552863441
701,6.245317,6.2576813978
702,6.247974,6.2593702151
703,6.132834,6.2612963441
704,5.855242,6.265663172
705,5.456071,6.2748820968
706,5.081634,6.2902543441
707,4.958478,6.3107717849
708,5.254252,6.3325153656
709,5.914225,6.3497265054
710,6.712396,6.3576423548
711,7.416728,6.3546369247
712,7.87246,6.342322
713,8.016317,6.3244522796
714,7.865713,6.3054973656
715,7.493982,6.2893912473
716,6.995769,6.278792129
717,6.454796,6.274961957
718,5.933366,6.2781187742
719,5.492952,6.2878789247
720,5.222243,6.3033374086
721,5.218256,6.3226714839
722,5.502438,6.3428528495
723,5.96912,6.3603162796
724,6.444785,6.3723442688
725,6.780601,6.3779782043
726,6.903093,6.3780202903
727,6.824068,6.3744753656
728,6.626845,6.3697775269
729,6.438805,6.3659812796
730,6.394341,6.3640440753
731,6.587448,6.3633952581
732,7.022192,6.3620846237
733,7.590389,6.3576690215
734,8.094182,6.348536
735,8.294178,6.3350680215
736,7.955228,6.3202478925
737,6.865053,6.3096615699
738,4.739939,6.3112005591
739,4.739939,6.3357507634
740,4.739939,6.3601389355
741,4.739939,6.3840324731
742,4.739939,6.4072222581
743,4.739939,6.4297354731
744,3.267505,6.4518361935
745,7.018154,6.4897137849
746,1.292435,6.4874376022
747,5.547462,6.5468586129
748,5.857581,6.5603524086
749,5.612941,6.5699554624
750,5.250197,6.5814159247
751,5.067929,6.5961152903
752,5.224976,6.6125385376
753,5.675043,6.6275905591
754,6.24272,6.6385632043
755,6.752676,6.6443733656
756,7.090957,6.6455561613
757,7.217234,6.6437004624
758,7.162153,6.6407780108
759,7.013082,6.6384743548
760,6.879835,6.6376322043
761,6.841283,6.6380303871
762,6.900781,6.6387131828
763,6.988223,6.6387771183
764,7.006079,6.6381121505
765,6.879699,6.637629871
766,6.586568,6.6389494839
767,6.165508,6.6437909247
768,5.712401,6.6533103871
769,5.359555,6.6675314409
770,5.22679,6.685040086
771,5.35536,6.7032208387
772,5.686658,6.7191769032
773,6.113017,6.7308154516
774,6.536798,6.7373166989
775,6.891259,6.7389343656
776,7.134972,6.7365923656
777,7.242902,6.7315916989
778,7.205858,6.725454828
779,7.03835,6.7197926344
780,6.786443,6.716085828
781,6.523705,6.7153695376
782,6.327166,6.7179334194
783,6.240805,6.7232390538
784,6.254549,6.7301990323
785,6.320768,6.7376890538
786,6.392315,6.7449298602
787,6.447767,6.7515229892
788,6.489425,6.757267172
789,6.524177,6.7620242258
790,6.547304,6.7657826774
791,6.543646,6.7688354516
792,6.504255,6.771834957
793,6.443699,6.7755602903
794,6.402377,6.7804680215
795,6.427104,6.7862943118
796,6.538949,6.7919932151
797,6.712602,6.7961232151
798,6.88569,6.7975044946
799,6.989756,6.7957863548
800,6.980631,6.7916608065
801,6.854888,6.7866733118
802,6.650399,6.7827092796
803,6.432891,6.7813191183
804,6.27144,6.7831487527
805,6.210576,6.7877603548
806,6.25351,6.7939452796
807,6.367844,6.800331871
808,6.508264,6.8059152688
809,6.639563,6.8102485054
810,6.74838,6.8133045699
811,6.84106,6.8151936667
812,6.930591,6.8159256989
813,7.020312,6.8153254839
814,7.095123,6.8131136559
815,7.126537,6.8090913548
816,7.087723,6.8033407957
817,6.968741,6.7963778495
818,6.784515,6.7892111613
819,6.573415,6.7832358925
820,6.387169,6.7798824516
821,6.273794,6.7800786774
822,6.258645,6.7838149462
823,6.334001,6.7901166452
824,6.465559,6.7974294301
825,6.611541,6.8041427634
826,6.741018,6.8089863871
827,6.84166,6.8112239677
828,6.915906,6.8107040753
829,6.9707,6.8078276774
830,7.008179,6.803419172
831,7.023108,6.7984649677
832,7.008039,6.7937710645
833,6.962038,6.7896876129
834,6.896589,6.7860215699
835,6.833668,6.7821571183
836,6.795306,6.7773421505
837,6.790121,6.7710734086
838,6.806469,6.7634566882
839,6.818589,6.7553533978
840,6.802385,6.7481791828
841,6.750665,6.7434304194
842,6.678764,6.7421713548
843,6.617238,6.7446706667
844,6.595291,6.7502683226
845,6.624814,6.7574970323
846,6.695499,6.7644287419
847,6.783065,6.7691402581
848,6.862676,6.770161914
849,6.918377,6.7668140753
850,6.945446,6.7593718495
851,6.947913,6.7489823548
852,6.934762,6.7372779355
853,6.916866,6.7257982581
854,6.904783,6.7155295806
855,6.906727,6.7067976774
856,6.926381,6.6994709032
857,6.961227,6.6932615054
858,7.002423,6.6879345376
859,7.036822,6.6833495054
860,7.050818,6.6793876452
861,7.034959,6.6758865806
862,6.987859,6.6726719677
863,6.9176,6.6696790538
864,6.839274,6.6670659677
865,6.769043,6.6651819247
866,6.717633,6.6643127097
867,6.687241,6.664296957
868,6.673453,6.6642620108
869,6.66991,6.6626971613
870,6.672173,6.6579072258
871,6.679274,6.6487310215
872,6.693617,6.6352797419
873,6.719828,6.6192632903
874,6.762146,6.6034177634
875,6.82059,6.5902516237
876,6.888083,6.581216828
877,6.951121,6.576817
878,6.994163,6.5771108602
879,7.005476,6.5820233441
880,6.981976,6.5912891505
881,6.931831,6.6041176989
882,6.873713,6.6186926344
883,6.831212,6.631436043
884,6.8226,6.6351576667
885,6.850711,6.6052747527
886,6.900118,6.5750895699
887,6.944222,6.6326110968
888,6.957102,6.6540008387
889,6.923039,6.6610959785
890,6.841061,6.6641729677
891,6.725903,6.669893
892,6.60608,6.6802364516
893,6.516794,6.6930503763
894,6.486233,6.7038420323
895,6.521114,6.7077471613
896,6.603047,6.7013856882
897,6.700319,6.6844666774
898,6.785774,6.6606033441
899,6.847463,6.6358634086
900,6.8871,6.615186914
901,6.911255,6.6006202366
902,6.923777,6.5920917957
903,6.924066,6.5884941398
904,6.909139,6.5882757849
905,6.874771,6.5897232688
906,6.814612,6.5912172581
907,6.721049,6.5916007634
908,6.591735,6.5901937174
909,6.440169,6.5901767802
910,6.302239,6.5918435333
911,6.228815,6.5950975169
912,6.261545,6.5992598182
913,6.405418,6.6031415977
914,6.621267,6.6054407093
915,6.844703,6.6052545176
916,7.01409,6.6024039405
917,7.089899,6.5974438675
918,7.061998,6.5914383171
919,6.949113,6.5856289383
920,6.79331,6.5810853875
921,6.648401,6.578399
922,6.560709,6.5775015385
923,6.547438,6.5777196234
924,6.586575,6.5781180658
925,6.628278,6.5780053067
926,6.621096,6.5773259459
927,6.537195,6.5767263562
928,6.385876,6.5772754028
929,6.212313,6.579971169
930,6.081766,6.5852234286
931,6.052863,6.592519913
932,6.151387,6.6004560441
933,6.36075,6.6071585672
934,6.633572,6.6108920303
935,6.9112,6.6105431077
936,7.13782,6.6058453438
937,7.267561,6.5974013016
938,7.269463,6.5865922742
939,7.13367,6.5753976721
940,6.878079,6.5660931333
941,6.551327,6.5608052373
942,6.22625,6.5609686552
943,5.979223,6.5668409123
944,5.859402,6.5773340893
945,5.867152,6.5903874
946,5.961879,6.6037806481
947,6.092716,6.615892
948,6.225337,6.6259530769
949,6.348907,6.6338082941
950,6.465819,6.63950632
951,6.576015,6.6430509592
952,6.668369,6.6444475417
953,6.725219,6.6439385745
954,6.736,6.6421716087
955,6.709518,6.6400865333
956,6.674583,6.6385085455
957,6.664058,6.6376696047
958,6.688206,6.6370413095
959,6.716168,6.6357933902
960,6.683991,6.633784025
961,6.527922,6.6324966667
962,6.224446,6.6352486316
963,5.818786,6.6463514054
964,5.428305,6.6693393333
965,5.204087,6.7047974571
966,5.246194,6.748936
967,5.537695,6.7944736364
968,5.980354,6.8337479688
969,6.478899,6.8612768065
970,6.97845,6.8740227333
971,7.451024,6.8704217931
972,7.867196,6.849686
973,8.175031,6.8120004444
974,8.2873,6.7595761923
975,8.05885,6.69846724
976,7.177323,6.641784625
977,4.043489,6.6185003478
978,4.043489,6.7355463182
979,12.24962,6.8637395238
980,8.933468,6.5944455
981,7.61695,6.4713390526
982,7.209199,6.407694
983,7.373024,6.3605466471
984,7.687844,6.2972668125
985,7.797775,6.2045616667
986,7.520418,6.0907607143
987,6.84941,5.9807870769
988,5.929497,5.9084018333
989,5.029579,5.9064840909
990,4.481029,5.9941746
991,4.48496,6.1623018889
992,4.924549,6.371969625
993,5.532399,6.578744
994,6.11811,6.7531348333
995,6.589195,6.8801398
996,6.903759,6.952876
997,7.043755,6.9692483333
998,7.013712,6.931995
999,6.850278,6.850278
