0,0,0
1,0,0
2,0,0
3,0,0
4,0,0
5,0,0
6,0,0
7,0,0
8,0,0
9,0,0
10,0,0
11,0,0
12,0,0
13,0,0
14,0,0
15,0,0
16,0,0
17,0,0
18,0,0
19,0,0
20,0,0
21,0,0
22,0,0
23,0,0
24,0,0
25,0,0
26,0,0
27,0,0
28,0,0
29,0,0
30,0,0
31,0,0
32,0,0
33,0,0
34,0,0
35,0,0
36,0,0
37,0,0
38,0,0
39,0,0
40,0,0
41,0,0
42,0,0
43,0,0
44,0,0
45,0,0
46,0,0
47,0,0
48,0,0
49,0,0
50,0,0
51,0,0
52,0,0
53,0,0
54,0,0
55,0,0
56,0,0
57,0,0
58,0,0
59,0,0
60,0,0
61,0,0
62,0,0
63,0,0
64,0,0
65,0,0
66,0,0
67,0,0
68,0,0
69,0,0
70,0,0
71,0,0
72,0,0
73,0,0
74,0,0
75,0,0
76,0,0
77,0,0
78,0,0
79,0,0
80,0,0
81,0,0
82,0,0
83,0,0
84,0,0
85,0,0
86,0,0
87,0,0
88,0,0
89,0,0
90,0,0
91,0,0
92,0,0
93,0,0
94,0,0
95,0,0
96,0,0
97,0,0
98,0,0
99,0,0
100,0,0
101,0,0
102,0,0
103,0,0
104,0,0
105,0,0
106,0,0
107,0,0
108,0,0
109,0,0
110,0,0
111,0,0
112,0,0
113,0,0
114,0,0
115,0,0
116,0,0
117,0,0
118,0,0
119,0,0
120,0,0
121,0,0
122,0,0
123,0,0
124,0,0
125,0,0
126,0,0
127,0,0
128,0,0
129,0,0
130,0,0
131,0,0
132,0,0
133,0,0
134,0,0
135,0,0
136,0,0
137,0,0
138,0,0
139,0,0
140,0,0
141,0,0
142,0,0
143,0,0
144,0,0
145,0,0
146,0,0
147,0,0
148,0,0
149,0,0
150,6.687244,6.6540672867
151,6.714046,6.6422908667
152,6.744945,6.6264669467
153,6.776125,6.6060523933
154,6.803374,6.5808991333
155,6.822883,6.5516548933
156,6.832047,6.5204874067
157,6.830074,6.49124368
158,6.818254,6.4684704267
159,6.799755,6.46894474
160,6.778982,6.46954238
161,6.76059,6.4423965067
162,6.748438,6.42275032
163,6.744753,6.4074401933
164,6.749767,6.3949612733
165,6.761917,6.3842824067
166,6.778496,6.37467108
167,6.796494,6.36566418
168,6.81337,6.3570496733
169,6.827519,6.3488241933
170,6.838376,6.34112298
171,6.846187,6.3341363667
172,6.851583,6.3280350067
173,6.85511,6.32292144
174,6.856887,6.3188132
175,6.856493,6.3156507267
176,6.853121,6.3133179733
177,6.845958,6.31166476
178,6.834653,6.3105246067
179,6.819718,6.3097269733
180,6.80268,6.30910646
181,6.785902,6.3085125733
182,6.77205,6.3078222
183,6.763376,6.30695382
184,6.761027,6.3058791467
185,6.764656,6.3046262
186,6.772513,6.3032693133
187,6.782023,6.3019061467
188,6.790661,6.3006273533
189,6.79685,6.29948824
190,6.800567,6.29849082
191,6.803427,6.29758084
192,6.808202,6.2966595133
193,6.817866,6.2956059933
194,6.834454,6.29430458
195,6.858103,6.29267004
196,6.886602,6.29066502
197,6.915649,6.2883058067
198,6.939743,6.2856558533
199,6.953482,6.2828101933
200,6.952896,6.27987578
201,6.936502,6.2769529667
202,6.905814,6.2741215867
203,6.865201,6.27143314
204,6.821087,6.2689090067
205,6.780633,6.2665439467
206,6.750165,6.26431392
207,6.733759,6.2621868867
208,6.732355,6.2601347333
209,6.74369,6.25814386
210,6.763062,6.25622188
211,6.784657,6.2543984533
212,6.80306,6.2527197667
213,6.814511,6.2512376333
214,6.817631,6.24999562
215,6.813479,6.2490152333
216,6.80499,6.24828548
217,6.795963,6.2477585467
218,6.789898,6.2473534467
219,6.789013,6.24696774
220,6.793705,6.2464955467
221,6.802571,6.2458482933
222,6.812931,6.2449737867
223,6.821602,6.2438691467
224,6.825677,6.2425847867
225,6.823091,6.2412183133
226,6.812868,6.2398994933
227,6.795104,6.2387694467
228,6.770781,6.23795814
229,6.741541,6.2375645733
230,6.709514,6.2376429867
231,6.677225,6.23819666
232,6.647503,6.2391790133
233,6.623308,6.24050064
234,6.6074,6.24204024
235,6.601853,6.2436578733
236,6.607519,6.2452094133
237,6.623629,6.2465614067
238,6.647705,6.2476055667
239,6.675872,6.2482716467
240,6.703519,6.24853702
241,6.726139,6.24843112
242,6.740126,6.2480332067
243,6.74334,6.2474628667
244,6.735315,6.2468641067
245,6.717108,6.2463856333
246,6.690866,6.2461611533
247,6.65925,6.2462937267
248,6.624898,6.24684724
249,6.590078,6.2478458267
250,6.556613,6.24927956
251,6.526069,6.2511129667
252,6.50007,6.2532926333
253,6.48054,6.25575136
254,6.469652,6.2584086467
255,6.469364,6.2611699867
256,6.480553,6.26392886
257,6.50197,6.26657542
258,6.529395,6.2690138667
259,6.555383,6.2711869533
260,6.569876,6.2731025667
261,6.56174,6.2748549667
262,6.521066,6.2766328
263,6.441936,6.2787077
264,6.325319,6.2814003533
265,6.181576,6.28502424
266,6.031842,6.2898116933
267,5.906984,6.29583212
268,5.842553,6.3029206467
269,5.869152,6.3106451933
270,6.000925,6.3183428333
271,6.228344,6.3252373067
272,6.520014,6.3306075533
273,6.831918,6.3339451667
274,7.118454,6.33504912
275,7.341048,6.33404392
276,7.473285,6.3313361933
277,7.50314,6.3275326667
278,7.433036,6.3233397733
279,7.278218,6.3194609867
280,7.063651,6.31650502
281,6.819678,6.3149161533
282,6.576842,6.3149354067
283,6.360683,6.3165976333
284,6.187783,6.3197635533
285,6.064379,6.3241774733
286,5.988025,6.32953314
287,5.95137,6.3355279667
288,5.946157,6.34189272
289,5.965695,6.3483964933
290,6.005086,6.35483802
291,6.059578,6.3610382533
292,6.122109,6.3668458667
293,6.181277,6.3721595067
294,6.220652,6.3769624867
295,6.219707,6.3813598
296,6.156035,6.3856063667
297,6.008226,6.3901183867
298,5.758807,6.3954644533
299,5.396922,6.4023370933
300,4.920781,6.4115071733
301,4.340458,6.4237627133
302,3.682762,6.4398292933
303,3.003136,6.4602573
304,2.416738,6.4852287067
305,2.14776,6.5141552333
306,2.445488,6.5449469133
307,3.414086,6.57384032
308,6.889401,6.5963626533
309,6.889401,6.59578564
310,2.707101,6.5952455333
311,3.813662,6.6225792867
312,4.451919,6.6424755533
313,4.872915,6.6580037267
314,5.147937,6.67056698
315,5.320218,6.6811082333
316,5.427461,6.6903034733
317,5.504318,6.69860238
318,5.579548,6.7062489667
319,5.672337,6.7133170933
320,5.790384,6.71976674
321,5.930983,6.72551012
322,6.084548,6.73046918
323,6.238874,6.73461002
324,6.382516,6.7379510667
325,6.50658,6.7405523667
326,6.605139,6.74249758
327,6.674935,6.74387828
328,6.715008,6.7447851333
329,6.726641,6.7453055
330,6.713597,6.74552374
331,6.682346,6.7455199533
332,6.641793,6.7453645467
333,6.602175,6.7451093867
334,6.573085,6.74477924
335,6.561123,6.7443688
336,6.568038,6.7438492
337,6.590204,6.7431838133
338,6.619794,6.7423484
339,6.647237,6.7413479333
340,6.66407,6.7402236933
341,6.665228,6.7390482467
342,6.650174,6.73791036
343,6.622654,6.7368950133
344,6.589273,6.7360647667
345,6.55735,6.7354480267
346,6.53272,6.7350378333
347,6.518156,6.7348014467
348,6.512894,6.7346974667
349,6.51332,6.7346946067
350,6.514474,6.7347855733
351,6.511795,6.7349915733
352,6.502547,6.7353560867
353,6.486581,6.7359300133
354,6.466328,6.73675246
355,6.446129,6.73783228
356,6.43111,6.7391349933
357,6.425936,6.7405786
358,6.433724,6.7420396133
359,6.455393,6.74336868
360,6.489548,6.7444130067
361,6.532854,6.74504146
362,6.58074,6.7451676333
363,6.628209,6.7447661733
364,6.670573,6.7438783733
365,6.704016,6.7426045
366,6.72595,6.7410826
367,6.735198,6.7394568
368,6.732042,6.73784136
369,6.718184,6.7362887467
370,6.696617,6.7347696133
371,6.671395,6.73317036
372,6.647235,6.7313104333
373,6.628948,6.7289784467
374,6.620706,6.72598282
375,6.625268,6.7222093933
376,6.643361,6.7176738867
377,6.673408,6.7125530667
378,6.711746,6.7071788467
379,6.753303,6.7019891533
380,6.792565,6.6974478133
381,6.824578,6.6939604733
382,6.845747,6.69181274
383,6.854248,6.6911419067
384,6.850045,6.6919385267
385,6.834584,6.69406638
386,6.810318,6.6972877933
387,6.780253,6.7012810333
388,6.747617,6.70563034
389,6.715678,6.7097349667
390,6.687634,6.7123476067
391,6.666452,6.70600684
392,6.654575,6.72345926
393,6.653526,6.7325472533
394,6.663544,6.73890022
395,6.683436,6.743075
396,6.710752,6.74511092
397,6.742277,6.74499984
398,6.774686,6.7428296733
399,6.805138,6.73884722
400,6.831624,6.73347186
401,6.853019,6.7272600533
402,6.868879,6.7208243933
403,6.879133,6.7147277467
404,6.883853,6.7093859867
405,6.883195,6.70500708
406,6.877537,6.70157554
407,6.867737,6.6988747667
408,6.855358,6.6965345933
409,6.842725,6.6940940733
410,6.832736,6.69107434
411,6.828415,6.6870593267
412,6.832301,6.6817817733
413,6.845834,6.67520616
414,6.868902,6.6675883333
415,6.899694,6.6594784667
416,6.934906,6.65163716
417,6.970263,6.6448726533
418,7.001235,6.6398589333
419,7.023798,6.6370042133
420,7.035096,6.6363981333
421,7.033881,6.6378242133
422,7.020656,6.6408121733
423,6.997511,6.6447114733
424,6.967674,6.6487758467
425,6.934889,6.65225292
426,6.902756,6.6544736867
427,6.874206,6.6549352
428,6.851218,6.6533672533
429,6.834823,6.64977098
430,6.825321,6.6444155133
431,6.822566,6.6377831533
432,6.826176,6.6304684467
433,6.835571,6.62305884
434,6.849871,6.6160367333
435,6.867729,6.6097299067
436,6.887249,6.6043106067
437,6.906083,6.5998247667
438,6.921723,6.5962307333
439,6.931924,6.59343406
440,6.935121,6.59131306
441,6.93072,6.58973536
442,6.919155,6.5885681867
443,6.901724,6.5876856333
444,6.880249,6.5869751333
445,6.856692,6.5863439
446,6.832838,6.5857244533
447,6.810136,6.58507758
448,6.789703,6.5843907933
449,6.772434,6.5836715133
450,6.759112,6.5829358533
451,6.750445,6.5821957867
452,6.746963,6.5814483667
453,6.748847,6.58067064
454,6.755717,6.5798220733
455,6.766512,6.5788545467
456,6.779499,6.5777273267
457,6.792436,6.5764232467
458,6.802849,6.57496154
459,6.808385,6.5734034667
460,6.807164,6.5718482067
461,6.798102,6.57041906
462,6.781145,6.5692422933
463,6.757403,6.5684232867
464,6.729125,6.5680252933
465,6.699504,6.5680556333
466,6.672297,6.56846224
467,6.651306,6.5691411733
468,6.639767,6.56995334
469,6.639784,6.5707472467
470,6.651891,6.5713832933
471,6.674842,6.57175532
472,6.705674,6.5718057867
473,6.740031,6.5715326
474,6.772711,6.5709876
475,6.798362,6.5702682533
476,6.812244,6.5695050133
477,6.810963,6.5688465533
478,6.793063,6.5684442533
479,6.759377,6.5684366867
480,6.713029,6.5689346
481,6.659035,6.5700072267
482,6.603519,6.5716716067
483,6.552653,6.5738871667
484,6.511519,6.57655766
485,6.483183,6.5795418533
486,6.46823,6.58267216
487,6.464892,6.58577854
488,6.469724,6.5887132067
489,6.478601,6.59137118
490,6.487753,6.5937026533
491,6.494545,6.5957147267
492,6.497872,6.5974626667
493,6.498117,6.5990328
494,6.496762,6.6005210933
495,6.495821,6.6020123333
496,6.497262,6.6035643267
497,6.502559,6.60519998
498,6.512465,6.6069079267
499,6.526965,6.6086500467
500,6.545374,6.61037316
501,6.566472,6.6120218267
502,6.588636,6.61354994
503,6.609948,6.6149296533
504,6.628301,6.61615714
505,6.641536,6.6172551733
506,6.647651,6.6182726133
507,6.645088,6.6192808267
508,6.633084,6.6203669333
509,6.612042,6.6216239267
510,6.583816,6.6231380733
511,6.55178,6.6249748067
512,6.520521,6.62716526
513,6.495039,6.62969652
514,6.479492,6.63250908
515,6.475731,6.6355044333
516,6.48208,6.63856376
517,6.492882,6.64157556
518,6.49915,6.6444664533
519,6.490314,6.64722738
520,6.456729,6.6499273933
521,6.392406,6.65270962
522,6.297437,6.65576752
523,6.179604,6.6593034133
524,6.054692,6.6634749467
525,5.944942,6.66833894
526,5.875238,6.6738061067
527,5.867275,6.67962296
528,5.933292,6.6853949
529,6.072102,6.6906529
530,6.269464,6.69494686
531,6.502418,6.69793428
532,6.745122,6.6994356133
533,6.973741,6.6994454133
534,7.169223,6.6981066667
535,7.317796,6.6956656067
536,7.409304,6.6924263467
537,7.432649,6.6887232867
538,7.363311,6.68493242
539,7.107574,6.6815736267
540,5.736519,6.6797897933
541,9.284315,6.68693354
542,8.017774,6.6701619667
543,7.606471,6.6615608067
544,7.289761,6.6554592667
545,6.988824,6.6512899067
546,6.69409,6.64902926
547,6.416752,6.6487203067
548,6.177318,6.6503199867
549,5.998834,6.6536274133
550,5.899853,6.6582625933
551,5.88767,6.66369682
552,5.954382,6.6693314267
553,6.077869,6.6746044667
554,6.227017,6.6790911733
555,6.368464,6.6825692067
556,6.472421,6.6850383333
557,6.516711,6.68670092
558,6.48928,6.6879153
559,6.389765,6.6891322733
560,6.230484,6.6908207133
561,6.036782,6.6933855867
562,5.845959,6.69708204
563,5.70316,6.7019345267
564,5.652422,6.70768104
565,5.723498,6.71377506
566,5.92023,6.7194738533
567,6.218205,6.72400336
568,6.573027,6.7267384333
569,6.932886,6.72732822
570,7.249008,6.72573898
571,7.482075,6.7222295067
572,7.605551,6.7172872467
573,7.607167,6.7115465333
574,7.489235,6.70570114
575,7.268004,6.7004179467
576,6.971983,6.6962561733
577,6.639014,6.6935970133
578,6.311777,6.6925906867
579,6.031503,6.69313142
580,5.830467,6.6948738
581,5.72536,6.6973008267
582,5.714735,6.6998388467
583,5.782255,6.7019904533
584,5.903847,6.7034410467
585,6.054834,6.7041048467
586,6.214373,6.7041038333
587,6.366978,6.7036973933
588,6.502222,6.7031913067
589,6.613774,6.7028533267
590,6.698466,6.70285382
591,6.755644,6.7032383667
592,6.786772,6.7039299667
593,6.795149,6.7047535067
594,6.785564,6.7054742067
595,6.763775,6.70584276
596,6.735807,6.70564114
597,6.707118,6.7047233533
598,6.681811,6.70304528
599,6.662085,6.7006774067
600,6.648102,6.6977958733
601,6.638332,6.6946518067
602,6.630304,6.6915263933
603,6.621562,6.68868462
604,6.610588,6.6863403867
605,6.597429,6.6846394533
606,6.583887,6.6836586667
607,6.57318,6.6834144533
608,6.569138,6.6838723933
609,6.575096,6.68495136
610,6.592792,6.6865198
611,6.621587,6.68838566
612,6.658294,6.69028482
613,6.697704,6.6918736733
614,6.733676,6.6927298133
615,6.760495,6.6923619267
616,6.774137,6.6902265333
617,6.773131,6.6857461467
618,6.758853,6.6783191933
619,6.735191,6.6673022
620,6.707695,6.65191386
621,6.682412,6.6308791
622,6.664696,6.60061248
623,6.658281,6.5704639667
624,6.664809,6.54035822
625,6.683876,6.5102089533
626,6.713475,6.5244287067
627,6.750618,6.5264370267
628,6.791928,6.5243516933
629,6.834064,6.52069086
630,6.873923,6.51658808
631,6.908692,6.5126230867
632,6.935853,6.5090957333
633,6.953227,6.5061446733
634,6.959148,6.5038092667
635,6.952729,6.5020665933
636,6.934187,6.5008550533
637,6.905092,6.5000883333
638,6.86842,6.49966126
639,6.828322,6.4994494733
640,6.789564,6.4993064067
641,6.756736,6.4990624867
642,6.733392,6.4985315133
643,6.721361,6.4975274333
644,6.720448,6.4958911867
645,6.72862,6.49352304
646,6.74261,6.49041232
647,6.758751,6.4866547933
648,6.773783,6.4824493133
649,6.785432,6.4780705467
650,6.792674,6.47382204
651,6.795689,6.46998132
652,6.795593,6.46675148
653,6.794071,6.4642308267
654,6.793006,6.4624051333
655,6.794152,6.4611604933
656,6.798883,6.4603109733
657,6.808004,6.45963398
658,6.821633,6.45890676
659,6.839164,6.45793854
660,6.859326,6.456594
661,6.880348,6.45480528
662,6.90021,6.4525717267
663,6.916923,6.4499488467
664,6.928795,6.44703016
665,6.93463,6.4439269333
666,6.93385,6.4407504867
667,6.926516,6.43760018
668,6.913289,6.43455814
669,6.895316,6.4316894133
670,6.874063,6.4290452667
671,6.851091,6.4266667667
672,6.827821,6.42458652
673,6.805334,6.42282736
674,6.784291,6.4213982533
675,6.765017,6.42028878
676,6.747766,6.4194643133
677,6.733066,6.4188638933
678,6.721992,6.4184022467
679,6.716196,6.41797662
680,6.717577,6.41747812
681,6.727618,6.4168065267
682,6.746592,6.41588672
683,6.772929,6.4146838267
684,6.803064,6.4132138867
685,6.831907,6.4115468133
686,6.853845,6.4097998867
687,6.864019,6.4081221533
688,6.859492,6.4066719933
689,6.839999,6.40559168
690,6.808081,6.4049831467
691,6.768579,6.4048890467
692,6.7276,6.4052826267
693,6.69124,6.4060688133
694,6.664357,6.4070972267
695,6.649727,6.40818564
696,6.647747,6.4091499067
697,6.656704,6.4098347467
698,6.673432,6.4101391333
699,6.694111,6.4100313
700,6.714987,6.4095507
701,6.732861,6.4087972467
702,6.745338,6.4079110933
703,6.750875,6.4070480733
704,6.748722,6.40635622
705,6.738833,6.4059575133
706,6.721809,6.4059369133
707,6.698868,6.4063384533
708,6.671826,6.40716678
709,6.643031,6.4083921067
710,6.615215,6.4099568067
711,6.59125,6.4117825267
712,6.573832,6.41377716
713,6.565137,6.41584146
714,6.566525,6.4178752067
715,6.578317,6.4197828933
716,6.599656,6.4214792467
717,6.628466,6.42289504
718,6.661495,6.4239836133
719,6.6945,6.4247281
720,6.722587,6.42514838
721,6.740736,6.4253059333
722,6.744444,6.4253043733
723,6.730358,6.4252839133
724,6.696756,6.4254096267
725,6.643738,6.4258551533
726,6.573109,6.4267850467
727,6.488065,6.4283393333
728,6.392887,6.43062268
729,6.29286,6.4336984267
730,6.194521,6.4375853867
731,6.106063,6.4422540067
732,6.037476,6.44761942
733,5.999844,6.4535320133
734,6.003417,6.4597704667
735,6.054682,6.46604564
736,6.153407,6.4720228
737,6.291065,6.47736346
738,6.451525,6.48177896
739,6.613848,6.4850813667
740,6.756148,6.4872179933
741,6.859384,6.4882819933
742,6.910303,6.48849862
743,6.903254,6.4881917067
744,6.840847,6.48773684
745,6.733532,6.4875082467
746,6.598139,6.4878263667
747,6.455407,6.4889132133
748,6.32663,6.49086282
749,6.229855,6.49363326
750,6.176492,6.4970637133
751,6.16952,6.5009141867
752,6.204038,6.5049175333
753,6.269927,6.5088283067
754,6.355448,6.51245484
755,6.450311,6.5156687
756,6.547255,6.5183955067
757,6.641871,6.5205972
758,6.730983,6.5222571733
759,6.810362,6.5233771133
760,6.872671,6.5239888467
761,6.906461,6.5241784133
762,6.896622,6.5241145133
763,6.826125,6.5240713733
764,6.678493,6.5244382533
765,6.440186,6.5257120733
766,6.102079,6.5284754933
767,5.659088,6.5333678533
768,5.106304,6.5410618067
769,4.42694,6.5522683067
770,3.552481,6.56782288
771,2.142419,6.5890362933
772,2.142419,6.6195104067
773,2.142419,6.649895
774,2.142419,6.6802527867
775,8.816839,6.7106492933
776,7.014723,6.6966460533
777,6.437818,6.69479376
778,6.242803,6.6969412867
779,6.218647,6.70053368
780,6.279174,6.7043980733
781,6.379589,6.70791544
782,6.493194,6.7107510267
783,6.602916,6.71274162
784,6.697747,6.71384044
785,6.770998,6.7140865867
786,6.819179,6.7135861
787,6.841031,6.7124990933
788,6.836652,6.71103
789,6.806862,6.70941816
790,6.752976,6.7079257333
791,6.67709,6.7068203667
792,6.58278,6.7063515467
793,6.475924,6.70672192
794,6.365226,6.7080573867
795,6.262012,6.7103814467
796,6.178981,6.7135999333
797,6.127929,6.7175017867
798,6.116968,6.7217797533
799,6.148156,6.7260703933
800,6.216566,6.7300071867
801,6.311213,6.7332749067
802,6.417495,6.7356525133
803,6.520217,6.7370359933
804,6.60631,6.7374398867
805,6.666724,6.7369822067
806,6.697334,6.7358596533
807,6.698921,6.73431916
808,6.6764,6.7326292667
809,6.637483,6.7310526933
810,6.591018,6.7298206667
811,6.545315,6.7291101667
812,6.506778,6.7290262533
813,6.47912,6.7295922067
814,6.463311,6.73074952
815,6.458163,6.7323676133
816,6.461304,6.7342614133
817,6.47021,6.7362137867
818,6.48298,6.7379998
819,6.498694,6.7394105133
820,6.517288,6.7402744733
821,6.539054,6.7404754733
822,6.563947,6.7399650067
823,6.590968,6.7387678333
824,6.61787,6.73697926
825,6.641347,6.73475388
826,6.657703,6.73228684
827,6.663819,6.7297903133
828,6.658148,6.7274684133
829,6.641421,6.7254936333
830,6.616838,6.72398722
831,6.589647,6.7230052
832,6.566158,6.72253146
833,6.552438,6.7224788133
834,6.553003,6.7226981467
835,6.569868,6.72299454
836,6.602185,6.72314804
837,6.646495,6.7229363267
838,6.697445,6.7221569467
839,6.748719,6.7206480267
840,6.793966,6.71830734
841,6.827616,6.7151096533
842,6.845528,6.7111210133
843,6.845502,6.7065069
844,6.827619,6.70152928
845,6.794367,6.69652784
846,6.750473,6.6918833933
847,6.702362,6.6879669867
848,6.657257,6.6850843267
849,6.622021,6.68342816
850,6.601969,6.6830490667
851,6.599938,6.6835932282
852,6.615885,6.6841584662
853,6.647097,6.6846229116
854,6.688916,6.6848799384
855,6.735743,6.6848521034
856,6.78204,6.6844986944
857,6.823117,6.6838165874
858,6.855625,6.6828355986
859,6.877736,6.6816101418
860,6.889073,6.6802092429
861,6.890445,6.6787066259
862,6.883477,6.6771722899
863,6.870199,6.6756664161
864,6.852678,6.6742360294
865,6.83277,6.672914237
866,6.812025,6.6717212836
867,6.791752,6.6706663684
868,6.773168,6.669749053
869,6.757542,6.6689595954
870,6.74622,6.6682781923
871,6.740502,6.6676739922
872,6.741375,6.6671050234
873,6.749215,6.6665202205
874,6.763585,6.6658639127
875,6.783222,6.665082144
876,6.806252,6.6641294032
877,6.830567,6.662973935
878,6.854249,6.6616002213
879,6.875904,6.6600080826
880,6.894814,6.65820895
881,6.910875,6.6562206723
882,6.924365,6.6540625847
883,6.935612,6.6517523077
884,6.944693,6.6493052414
885,6.951256,6.6467366522
886,6.954506,6.6440654298
887,6.95339,6.6413181681
888,6.946886,6.6385318125
889,6.934342,6.6357538468
890,6.915748,6.6330394091
891,6.891878,6.6304457523
892,6.864266,6.6280250833
893,6.835024,6.6258172243
894,6.806558,6.6238435755
895,6.78125,6.6221034381
896,6.761166,6.6205731827
897,6.747848,6.6192082039
898,6.742196,6.6179470294
899,6.744423,6.6167168416
900,6.754063,6.61543978
901,6.770022,6.6140395455
902,6.790654,6.6124478878
903,6.813907,6.6106107113
904,6.837527,6.6084930417
905,6.859332,6.6060821579
906,6.877509,6.6033880106
907,6.890867,6.6004404731
908,6.898974,6.597283663
909,6.902122,6.5939683846
910,6.901106,6.5905444556
911,6.896876,6.587055
912,6.890151,6.5835343068
913,6.881157,6.580009977
914,6.869566,6.5765082674
915,6.854699,6.5730605294
916,6.835933,6.5697076905
917,6.813181,6.5665001566
918,6.787279,6.5634918537
919,6.760126,6.5607290494
920,6.734493,6.5582365875
921,6.713536,6.5560054937
922,6.700108,6.5539858718
923,6.696087,6.5520881818
924,6.701895,6.5501934605
925,6.716353,6.5481707733
926,6.736879,6.5458980405
927,6.759947,6.543281863
928,6.781662,6.540272625
929,6.798306,6.5368727746
930,6.806779,6.5331380143
931,6.804927,6.5291722029
932,6.791783,6.5251169853
933,6.767739,6.5211368955
934,6.734669,6.5174005
935,6.695925,6.5140579077
936,6.656128,6.5112162344
937,6.620667,6.5089160476
938,6.594876,6.5071136129
939,6.582998,6.5056748852
940,6.587171,6.5043861667
941,6.606767,6.5029830339
942,6.638336,6.5011936552
943,6.676244,6.4987876491
944,6.713835,6.4956187857
945,6.744785,6.4916512182
946,6.764259,6.4869635556
947,6.769624,6.481731566
948,6.760564,6.4761951731
949,6.738675,6.4706193137
950,6.706724,6.4652582
951,6.667854,6.4603303265
952,6.625017,6.4560069167
953,6.580801,6.4524109574
954,6.537658,6.4496198696
955,6.498341,6.4476634667
956,6.46626,6.4465117045
957,6.445437,6.4460524419
958,6.439914,6.4460670952
959,6.452679,6.4462171707
960,6.484443,6.446055625
961,6.532728,6.4450713333
962,6.591671,6.4427645789
963,6.652717,6.4387400811
964,6.706025,6.4327962778
965,6.742233,6.4249897429
966,6.75416,6.4156590588
967,6.738112,6.4054014545
968,6.694587,6.39500425
969,6.628288,6.3853402903
970,6.547438,6.3772420333
971,6.462484,6.3713732069
972,6.384371,6.36811925
973,6.322682,6.3675173333
974,6.284063,6.3692417692
975,6.271291,6.37264892
976,6.283224,6.3768721667
977,6.315534,6.3809438261
978,6.361931,6.383917
979,6.415459,6.3849639524
980,6.469535,6.3834392
981,6.518586,6.3789078421
982,6.558261,6.3711479444
983,6.585338,6.3601412941
984,6.597462,6.3460665
985,6.592893,6.3293068
986,6.570428,6.3104792143
987,6.529588,6.2904831538
988,6.471107,6.27055775
989,6.397616,6.252326
990,6.314313,6.237797
991,6.22932,6.2292952222
992,6.153411,6.229292125
993,6.098859,6.2401322857
994,6.077403,6.2636778333
995,6.0977,6.3009328
996,6.163012,6.351741
997,6.269963,6.4146506667
998,6.408832,6.4869945
999,6.565157,6.565157
