50 -204.037887 5.403899 -671.018466 37.757528
51 -132.444692 5.357064 -1338.462340 24.723374
52 -90.731765 5.296725 -1999.059217 17.129786
53 -104.612239 5.226831 -2641.658405 20.014467
54 -160.007976 5.146118 -3280.443970 31.092945
55 -217.408418 5.049392 -3895.671299 43.056357
56 -244.847592 4.931189 -4501.783302 49.652850
57 -241.818198 4.788767 -5096.606452 50.496962
58 -231.941525 4.622216 -5666.212040 50.179728
59 -228.693116 4.432399 -6202.338799 51.595785
60 -215.880077 4.219791 -6707.248215 51.158948
61 -174.509083 3.985850 -7215.596712 43.782145
62 -118.941073 3.734588 -7706.087273 31.848515
63 -83.778449 3.471248 -8142.136383 24.134962
64 -80.375523 3.199252 -8543.659651 25.123227
65 -90.365593 2.919108 -8920.013024 30.956576
66 -98.026530 2.629957 -9246.722500 37.273056
67 -104.591007 2.331011 -9561.172538 44.869369
68 -111.140149 2.021601 -9823.511931 54.976304
69 -108.582071 1.701153 -10042.422790 63.828500
70 -89.343476 1.369992 -10226.472912 65.214581
71 -56.747569 1.030010 -10368.969028 55.094184
72 -18.729134 0.684396 -10470.726125 27.365919
73 20.024264 0.336915 -10542.409522 -59.434148
74 55.748121 -0.008587 -10556.978310 6492.473630
75 80.413133 -0.348604 -10532.737031 230.671602
76 84.015952 -0.680760 -10475.576949 123.415016
77 64.123173 -1.004716 -10379.969919 63.822162
78 34.424673 -1.322348 -10245.002500 26.032984
79 19.227466 -1.636411 -10060.067950 11.749776
80 30.293651 -1.948319 -9837.878352 15.548609
81 52.408868 -2.257103 -9579.481697 23.219534
82 65.976901 -2.560731 -9272.835253 25.764870
83 79.004939 -2.857774 -8934.617126 27.645618
84 113.589254 -3.146723 -8564.815993 36.097639
85 162.588930 -3.424176 -8162.191185 47.482646
86 189.452227 -3.685565 -7720.535523 51.403852
87 177.334131 -3.928355 -7247.476907 45.142079
88 152.924948 -4.153519 -6758.355191 36.818164
89 152.037267 -4.363178 -6239.910063 34.845533
90 178.727214 -4.557389 -5698.538690 39.217016
91 207.010629 -4.733716 -5121.411400 43.731102
92 213.052580 -4.889540 -4543.262903 43.573138
93 198.009583 -5.024242 -3929.040998 39.410834
94 182.683151 -5.139145 -3314.446637 35.547380
95 185.576511 -5.235619 -2671.964965 35.444998
96 206.886121 -5.313375 -2030.696217 38.936856
97 232.151431 -5.370411 -1364.035475 43.227872
98 248.624818 -5.404309 -719.014290 46.004922
99 251.694618 -5.413456 -51.581191 46.494258
100 237.116838 -5.397580 596.278236 43.930210
101 202.768781 -5.358166 1265.482565 37.842947
102 162.700080 -5.298529 1902.312062 30.706653
103 142.741644 -5.222446 2547.060911 27.332333
104 153.460823 -5.131821 3177.404920 29.903776
105 178.753574 -5.025726 3819.889533 35.567712
106 197.240758 -4.901821 4437.448490 40.238261
107 204.396799 -4.758292 5031.029578 42.955916
108 207.160635 -4.594356 5599.951697 45.090240
109 206.196760 -4.409731 6167.397800 46.759484
110 194.043778 -4.204583 6705.657737 46.150544
111 169.226497 -3.980142 7200.748170 42.517707
112 142.607819 -3.738793 7672.602941 38.142743
113 125.082522 -3.483102 8114.045800 35.911247
114 115.963851 -3.214830 8529.636672 36.071538
115 109.718858 -2.934941 8911.508644 37.383670
116 106.203618 -2.644058 9258.716842 40.166909
117 105.103159 -2.342529 9569.053146 44.867392
118 97.351396 -2.030545 9826.077307 47.943480
119 74.657675 -1.708959 10057.380515 43.686058
120 44.761369 -1.379972 10255.829199 32.436442
121 23.913199 -1.046426 10408.776438 22.852269
122 14.827797 -0.710383 10520.651154 20.872955
123 7.386499 -0.372850 10575.452384 19.810915
124 1.103178 -0.034575 10606.044932 31.907036
125 5.899277 0.303911 10585.348886 -19.411184
126 15.823470 0.643041 10520.523535 -24.607260
127 5.731644 0.983578 10423.234477 -5.827339
128 -34.041978 1.324424 10276.479741 25.703234
129 -79.432359 1.661817 10092.371374 47.798493
130 -103.007353 1.991464 9871.637183 51.724424
131 -106.908215 2.310984 9616.927678 46.260911
132 -111.659552 2.619798 9319.712847 42.621434
133 -125.242396 2.917364 8991.229007 42.929986
134 -137.855000 3.202414 8607.405104 43.047208
135 -140.105859 3.473772 8200.195194 40.332483
136 -135.958040 3.731178 7752.167198 36.438372
137 -139.641652 3.974920 7274.722527 35.130680
138 -160.737802 4.204544 6789.483706 38.229543
139 -189.442499 4.418024 6258.163189 42.879463
140 -203.049539 4.612693 5702.272358 44.019740
141 -194.628169 4.787255 5141.511355 40.655483
142 -185.958526 4.942357 4545.387487 37.625473
143 -199.196574 5.078665 3936.755515 39.222235
144 -225.404115 5.194936 3296.210365 43.389203
145 -238.367007 5.288787 2657.352286 45.070261
146 -231.069011 5.358982 2010.762176 43.118078
147 -220.102959 5.406099 1356.133919 40.713823
148 -219.301964 5.431111 686.556557 40.378840
149 -222.302584 5.434155 16.255893 40.908399
150 -209.858465 5.415102 -657.199611 38.754296
151 -173.861892 5.375275 -1320.696336 32.344746
152 -137.549988 5.318073 -1995.360544 25.864630
153 -140.928104 5.246772 -2648.403498 26.859966
154 -194.433411 5.160935 -3297.636290 37.674070
155 -257.369761 5.055569 -3912.025349 50.908169
156 -275.401812 4.924860 -4523.545208 55.920739
157 -233.763086 4.767131 -5120.139514 49.036429
158 -166.287328 4.586246 -5697.539765 36.257828
159 -118.854941 4.388553 -6236.843634 27.082948
160 -110.829132 4.178629 -6770.421020 26.522844
161 -128.224445 3.957407 -7276.746963 32.401125
162 -147.288349 3.723356 -7737.258442 39.557950
163 -158.352584 3.474649 -8176.720805 45.573695
164 -161.948913 3.210163 -8585.397512 50.448807
165 -151.442407 2.929599 -8958.171423 51.693902
166 -119.606128 2.634079 -9293.013250 45.407186
167 -80.494906 2.326667 -9590.777471 34.596660
168 -61.678660 2.011026 -9860.591242 30.670248
169 -70.162366 1.688974 -10092.272430 41.541404
170 -83.191922 1.359868 -10266.642712 61.176454
171 -75.590277 1.022625 -10413.922175 73.917876
172 -42.126292 0.678045 -10515.043486 62.129013
173 6.038734 0.329378 -10584.014840 -18.333760
174 51.299216 -0.018709 -10600.140740 2741.882863
175 75.617878 -0.361845 -10573.150643 208.978377
176 70.823947 -0.697671 -10514.988387 101.514810
177 47.374239 -1.026575 -10407.887629 46.147851
178 27.138903 -1.350712 -10282.507122 20.092296
179 25.513439 -1.671972 -10099.211752 15.259490
180 42.128342 -1.990525 -9883.258830 21.164438
181 68.574420 -2.304786 -9613.000146 29.753053
182 100.655181 -2.612144 -9307.390705 38.533550
183 135.491483 -2.909408 -8961.194725 46.570128
184 159.329362 -3.193211 -8601.168642 49.896281
185 155.881915 -3.461321 -8200.581319 45.035387
186 131.991575 -3.714024 -7771.282312 35.538697
187 117.178655 -3.953447 -7304.321989 29.639616
188 130.358188 -4.180904 -6788.146755 31.179424
189 161.130901 -4.395174 -6269.188084 36.660866
190 188.032568 -4.593370 -5715.622186 40.935642
191 202.244193 -4.772876 -5132.256849 42.373656
192 209.158863 -4.932218 -4533.519931 42.406657
193 216.180191 -5.070640 -3927.720477 42.633710
194 224.593773 -5.187430 -3303.422884 43.295772
195 229.140382 -5.281791 -2659.379197 43.383086
196 221.380039 -5.353342 -2000.530388 41.353612
197 198.286329 -5.402891 -1338.393921 36.700041
198 173.323521 -5.432633 -670.138068 31.904145
199 170.745436 -5.444849 -5.498858 31.359078
200 197.865153 -5.439727 658.450072 36.374098
201 231.275544 -5.414763 1311.623313 42.712034
202 242.320905 -5.366871 1962.528892 45.151244
203 226.763261 -5.294978 2615.804865 42.826104
204 199.980740 -5.200500 3259.966748 38.454137
205 177.707552 -5.085986 3891.572272 34.940632
206 172.611107 -4.953556 4505.566184 34.845896
207 192.402014 -4.803650 5093.542808 40.053299
208 225.505610 -4.634381 5671.405520 48.659268
209 240.358135 -4.442719 6229.484873 54.101588
210 214.270624 -4.227378 6752.510817 50.686411
211 159.080681 -3.990864 7249.092222 39.861216
212 109.056443 -3.738392 7725.083323 29.172018
213 87.251398 -3.474767 8177.711136 25.109996
214 91.633433 -3.202195 8585.089783 28.615823
215 107.685284 -2.920362 8962.117327 36.873951
216 121.110164 -2.627783 9303.254144 46.088335
217 120.043501 -2.323217 9605.094446 51.671245
218 97.999936 -2.006825 9868.264815 48.833313
219 59.344144 -1.680777 10093.707170 35.307560
220 18.726348 -1.348812 10286.415643 13.883584
221 -6.674489 -1.014844 10425.748408 -6.576860
222 -7.323446 -0.681331 10534.037745 -10.748733
223 11.500756 -0.348382 10591.897107 33.011941
224 31.073674 -0.014275 10609.098100 2176.843672
225 30.089368 0.322763 10596.075182 -93.224391
226 0.192936 0.662558 10540.874613 -0.291199
227 -44.280990 1.002244 10447.470648 44.181853
228 -75.888765 1.337615 10291.619509 56.734380
229 -80.162232 1.665639 10117.747477 48.127020
230 -70.114366 1.985771 9883.084526 35.308386
231 -69.987054 2.298801 9614.011093 30.445024
232 -88.723137 2.604666 9318.534233 34.063157
233 -115.410652 2.901591 8976.213794 39.774956
234 -136.429717 3.187028 8589.033935 42.807821
235 -148.760464 3.458898 8171.039943 43.008056
236 -157.003295 3.715925 7721.604189 42.251475
237 -164.479350 3.957255 7245.531750 41.563997
238 -170.296173 4.182152 6752.197167 40.719751
239 -172.357887 4.390051 6232.304557 39.261022
240 -171.906857 4.580738 5682.359372 37.528199
241 -175.921544 4.754198 5114.379555 37.003410
242 -191.456072 4.909964 4519.452662 38.993372
243 -213.877375 5.046521 3904.272375 42.381151
244 -225.547926 5.161781 3277.570829 43.695756
245 -211.927900 5.254706 2650.317185 40.331066
246 -178.166581 5.326616 1999.908992 33.448364
247 -150.249700 5.380663 1346.895399 27.924014
248 -158.911393 5.419370 673.772541 29.322855
249 -211.358385 5.441801 5.122153 38.839783
250 -274.683533 5.442999 -644.855448 50.465479
251 -301.034628 5.417052 -1309.472521 55.571673
252 -275.523495 5.361456 -1971.805749 51.389682
253 -228.456382 5.278490 -2623.186507 43.280634
254 -197.547828 5.172528 -3255.287879 38.191738
255 -189.278289 5.046609 -3878.364614 37.506032
256 -182.530096 4.901753 -4492.357788 37.237715
257 -161.482484 4.738775 -5088.304250 34.076838
258 -133.532126 4.559711 -5663.954993 29.285216
259 -116.305203 4.367200 -6215.082177 26.631527
260 -119.587323 4.162882 -6739.993586 28.727049
261 -141.286180 3.946448 -7242.245809 35.800848
262 -168.387485 3.715836 -7715.323049 45.316180
263 -180.186829 3.468515 -8154.115108 51.949269
264 -162.977287 3.203429 -8561.720178 50.875892
265 -126.211448 2.922216 -8938.865512 43.190317
266 -97.853472 2.628309 -9284.184232 37.230578
267 -97.430228 2.324368 -9582.160918 41.916862
268 -111.259892 2.010553 -9848.029488 55.337963
269 -100.298017 1.685826 -10071.898650 59.494888
270 -44.163747 1.351472 -10255.269206 32.678265
271 24.423062 1.012818 -10407.470828 -24.113966
272 47.574558 0.676207 -10516.123813 -70.354991
273 10.712756 0.343822 -10575.293263 -31.157877
274 -36.720371 0.012418 -10603.984295 2957.127289
275 -40.877304 -0.322270 -10589.921912 -126.841903
276 -3.348854 -0.660679 -10514.554871 -5.068809
277 35.150636 -0.999424 -10403.002607 35.170884
278 51.160400 -1.334860 -10258.949606 38.326423
279 56.142879 -1.665274 -10073.089148 33.713908
280 68.680811 -1.990001 -9852.102190 34.512949
281 90.710607 -2.307776 -9583.122079 39.306500
282 112.399861 -2.616485 -9273.502668 42.958336
283 127.515839 -2.914013 -8927.871069 43.759528
284 137.156963 -3.198835 -8574.841621 42.877162
285 143.697680 -3.469967 -8168.813316 41.411835
286 149.550964 -3.726736 -7727.490003 40.129208
287 160.137631 -3.968510 -7265.990758 40.352079
288 177.661369 -4.194206 -6769.228543 42.358764
289 191.200891 -4.402166 -6237.791620 43.433370
290 185.860817 -4.591173 -5691.722116 40.482211
291 166.415862 -4.761722 -5117.040403 34.948673
292 158.921257 -4.915526 -4529.317851 32.330469
293 180.530293 -5.053180 -3917.800540 35.726079
294 216.901856 -5.172650 -3292.358022 41.932447
295 238.032465 -5.270565 -2636.279865 45.162608
296 230.959597 -5.344925 -1982.258693 43.211006
297 209.281860 -5.396314 -1333.722188 38.782370
298 194.441650 -5.426713 -685.843530 35.830468
299 197.068499 -5.437516 -24.999612 36.242379
300 215.301518 -5.428479 655.898090 39.661484
301 239.234750 -5.397861 1317.415906 44.320287
302 252.170153 -5.343411 1965.054571 47.192733
303 237.289158 -5.263982 2621.884907 45.077879
304 194.233305 -5.161072 3259.983399 37.634292
305 148.506701 -5.038766 3881.303533 29.472833
306 133.421349 -4.901340 4492.207673 27.221400
307 155.458349 -4.750246 5088.044057 32.726380
308 185.269531 -4.583540 5650.754949 40.420622
309 191.807725 -4.398517 6203.626491 43.607361
310 175.938542 -4.194511 6727.390294 41.944950
311 160.046579 -3.972905 7228.334956 40.284524
312 156.701938 -3.735181 7708.966275 41.952972
313 160.522213 -3.481725 8146.809706 46.104215
314 160.769338 -3.212249 8556.246804 50.048843
315 149.029422 -2.926796 8924.278189 50.918963
316 119.632229 -2.626590 9260.991756 45.546587
317 74.496879 -2.314559 9567.522051 32.186202
318 29.749365 -1.995080 9842.402127 14.911368
319 8.245836 -1.672424 10079.816331 4.930471
320 16.962152 -1.348678 10264.578645 12.576871
321 36.660506 -1.023143 10407.193271 35.831274
322 43.017043 -0.694063 10502.066218 61.978592
323 32.091516 -0.360833 10571.982391 88.937391
324 14.627805 -0.024443 10594.101888 598.435996
325 -4.928057 0.313394 10567.804626 15.724780
326 -27.359071 0.650710 10507.704937 42.044934
327 -45.437903 0.985326 10397.908614 46.114606
328 -50.911835 1.315509 10256.028509 38.701231
329 -48.749944 1.640668 10065.552640 29.713467
330 -49.347408 1.960924 9848.971084 25.165380
331 -55.389976 2.276200 9584.316590 24.334406
332 -68.752673 2.585880 9291.581021 26.587726
333 -98.251543 2.888548 8964.119077 34.014167
334 -145.358731 3.181232 8585.874742 45.692595
335 -188.589856 3.459407 8172.892054 54.515078
336 -197.864006 3.719019 7740.530991 53.203283
337 -168.139274 3.959186 7277.264937 42.468142
338 -129.628830 4.182616 6775.002260 30.992287
339 -120.103540 4.392829 6242.760555 27.340817
340 -152.800035 4.590667 5701.897184 33.284934
341 -210.266943 4.773011 5128.626609 44.053316
342 -258.755985 4.934405 4534.806364 52.439150
343 -269.852445 5.070247 3919.937999 53.222743
344 -241.830247 5.179444 3291.342246 46.690388
345 -202.431042 5.264554 2667.865377 38.451697
346 -181.771786 5.329252 2029.310507 34.108314
347 -182.967112 5.375579 1362.058075 34.036726
348 -187.379298 5.403588 703.098672 34.676832
349 -184.457732 5.412929 41.620829 34.077246
350 -183.416040 5.403811 -623.870315 33.941981
351 -195.337181 5.376234 -1287.089849 36.333460
352 -215.287512 5.329051 -1961.754738 40.398844
353 -227.263021 5.260410 -2607.998494 43.202529
354 -222.751381 5.169188 -3257.168640 43.092143
355 -208.878832 5.055770 -3895.621967 41.314939
356 -196.584023 4.921446 -4505.168812 39.944362
357 -187.341909 4.767436 -5091.758692 39.296156
358 -178.074298 4.594695 -5670.093240 38.756499
359 -170.532217 4.404132 -6225.773750 38.720958
360 -165.617228 4.196490 -6754.259810 39.465651
361 -159.029083 3.972304 -7246.338036 40.034468
362 -152.096803 3.732222 -7709.230596 40.752351
363 -151.167468 3.476872 -8158.237607 43.478012
364 -148.200172 3.206415 -8572.971748 46.219896
365 -123.942964 2.921327 -8937.863765 42.426947
366 -80.559477 2.624018 -9282.894348 30.700807
367 -49.021183 2.318551 -9581.516193 21.143027
368 -51.271778 2.007881 -9845.209890 25.535269
369 -72.385141 1.691920 -10058.292799 42.782839
370 -83.672179 1.368815 -10238.036378 61.127478
371 -78.433284 1.037489 -10385.248511 75.599172
372 -68.169525 0.698356 -10499.970763 97.614357
373 -54.496319 0.352426 -10564.808675 154.631987
374 -24.143617 0.001189 -10590.572485 20305.862921
375 29.445759 -0.352258 -10574.524504 83.591477
376 90.635396 -0.702690 -10512.850028 128.983409
377 129.928206 -1.044246 -10406.874664 124.423027
378 126.671031 -1.373175 -10259.684336 92.246813
379 87.405187 -1.689750 -10067.635859 51.726704
380 44.533942 -1.997615 -9835.115670 22.293559
381 31.288093 -2.300766 -9570.375737 13.598990
382 52.822143 -2.600485 -9271.477505 20.312420
383 87.435224 -2.894816 -8939.392279 30.204070
384 117.875585 -3.180449 -8563.795431 37.062562
385 146.587396 -3.454308 -8155.558942 42.436116
386 174.393433 -3.713506 -7709.596900 46.961939
387 186.743289 -3.955397 -7227.764994 47.212272
388 176.968996 -4.178812 -6731.616483 42.349114
389 163.635011 -4.384560 -6220.686889 37.320734
390 165.947085 -4.573801 -5658.435635 36.282098
391 176.799823 -4.746369 -5082.486629 37.249486
392 177.726003 -4.901351 -4488.732019 36.260612
393 170.308100 -5.038641 -3882.258801 33.800406
394 176.404750 -5.158782 -3265.271881 34.195038
395 209.213757 -5.261047 -2622.500537 39.766563
396 254.739952 -5.342278 -1966.827240 47.683772
397 284.011239 -5.398175 -1311.570194 52.612453
398 278.808883 -5.425970 -644.785097 51.384155
399 244.395399 -5.426134 20.746063 45.040429
400 200.740146 -5.401933 677.111350 37.160797
401 164.741584 -5.357590 1337.241720 30.749198
402 142.851382 -5.296653 1972.389907 26.970122
403 139.028917 -5.221284 2614.004096 26.627344
404 160.913701 -5.131794 3236.429068 31.356225
405 207.989886 -5.025992 3867.531213 41.382856
406 254.900604 -4.899383 4486.529429 52.027081
407 261.703366 -4.747630 5078.809401 55.122948
408 213.211681 -4.570191 5660.879222 46.652685
409 142.541352 -4.371625 6201.626536 32.606031
410 103.063316 -4.158530 6733.939858 24.783591
411 116.396641 -3.934665 7234.765782 29.582351
412 154.216022 -3.698948 7709.773314 41.691861
413 170.753842 -3.448000 8146.472403 49.522571
414 148.344259 -3.180321 8546.262097 46.644426
415 109.352207 -2.897951 8934.374578 37.734325
416 86.586947 -2.604497 9262.318623 33.245172
417 87.455492 -2.302173 9572.330028 37.988235
418 89.278568 -1.991095 9825.490452 44.838935
419 67.182731 -1.671301 10052.674154 40.197867
420 22.970927 -1.344986 10241.750839 17.078940
421 -15.486996 -1.016324 10377.162207 -15.238242
422 -21.530036 -0.688930 10482.478005 -31.251410
423 7.473526 -0.363387 10534.829033 20.566318
424 51.576691 -0.036967 10558.694922 1395.202840
425 82.972290 0.294502 10539.534949 -281.737277
426 77.902357 0.633959 10482.622984 -122.882253
427 27.305894 0.980815 10383.941708 -27.839991
428 -51.639233 1.330155 10238.748519 38.821968
429 -119.522139 1.674426 10057.081325 71.380969
430 -144.660341 2.007118 9830.493983 72.073659
431 -131.026047 2.325680 9572.472546 56.338812
432 -109.489075 2.631202 9263.220086 41.611811
433 -105.979012 2.925614 8931.392758 36.224531
434 -124.967661 3.209235 8560.488506 38.940021
435 -154.385686 3.480269 8159.982690 44.360279
436 -176.640860 3.735927 7723.369006 47.281669
437 -181.569270 3.974073 7268.618387 45.688453
438 -175.441506 4.194159 6784.644343 41.829957
439 -172.592597 4.396669 6244.099774 39.255312
440 -177.318707 4.581849 5698.641246 38.700253
441 -180.898031 4.749307 5126.962085 38.089349
442 -175.535341 4.898756 4534.870145 35.832635
443 -163.952085 5.030706 3924.402181 32.590272
444 -156.388116 5.146228 3293.596117 30.388882
445 -163.708053 5.245984 2646.843917 31.206355
446 -191.116099 5.329198 2002.971105 35.862077
447 -232.508947 5.393178 1347.102963 43.111681
448 -270.369288 5.433935 683.132376 49.755711
449 -285.067336 5.447853 28.222948 52.326548
450 -267.439296 5.433541 -641.793947 49.220076
451 -223.961702 5.392705 -1305.721988 41.530494
452 -172.150978 5.329544 -1978.647147 32.301260
453 -133.075593 5.249060 -2633.760259 25.352270
454 -124.973015 5.155006 -3284.912629 24.243039
455 -153.529517 5.048138 -3903.830666 30.413097
456 -200.083634 4.925758 -4499.027104 40.619868
457 -228.167571 4.783531 -5103.883966 47.698568
458 -219.127451 4.618818 -5668.429196 47.442322
459 -196.676243 4.432310 -6233.537447 44.373305
460 -195.123892 4.225940 -6757.311167 46.172900
461 -209.384376 3.999909 -7260.858300 52.347280
462 -203.586453 3.753120 -7731.096108 54.244591
463 -164.231023 3.486270 -8165.204633 47.107942
464 -115.123638 3.203078 -8569.422121 35.941561
465 -81.169773 2.908235 -8943.556183 27.910318
466 -63.319137 2.605136 -9283.622575 24.305501
467 -50.635568 2.295665 -9583.827045 22.057035
468 -37.764083 1.981136 -9846.516841 19.061836
469 -26.540735 1.662817 -10067.304842 15.961307
470 -22.490174 1.341786 -10257.430057 16.761371
471 -32.697655 1.018384 -10408.683399 32.107390
472 -56.283549 0.691592 -10516.014134 81.382611
473 -74.260531 0.359214 -10581.000851 206.730542
474 -61.189679 0.019679 -10593.037186 3109.369327
475 -12.760309 -0.325666 -10568.637517 -39.182239
476 45.061077 -0.672204 -10505.812845 67.034812
477 77.573274 -1.014457 -10405.297936 76.467761
478 71.108473 -1.349293 -10258.545214 52.700537
479 44.836726 -1.677191 -10077.358815 26.733222
480 34.819158 -2.000463 -9852.266393 17.405546
481 62.556485 -2.319924 -9590.087905 26.964891
482 117.133143 -2.632895 -9295.895722 44.488338
483 168.278341 -2.934187 -8943.566365 57.350930
484 193.174287 -3.218878 -8566.442804 60.012921
485 188.468304 -3.484505 -8158.928480 54.087542
486 165.354872 -3.731442 -7730.494243 44.313939
487 143.082313 -3.961836 -7242.190328 36.115154
488 139.808167 -4.177756 -6727.689541 33.464898
489 155.832500 -4.379523 -6207.756881 35.582073
490 170.238508 -4.565722 -5661.609841 37.286218
491 166.448921 -4.735063 -5090.304013 35.152417
492 155.920909 -4.887823 -4502.455164 31.899869
493 163.799512 -5.024827 -3883.845271 32.598043
494 194.661745 -5.145245 -3267.562205 37.833329
495 225.273480 -5.246199 -2629.902777 42.940319
496 232.699624 -5.324833 -1970.508211 43.700829
497 220.789208 -5.380368 -1311.296387 41.036081
498 213.300775 -5.413781 -650.629385 39.399591
499 223.457270 -5.425705 27.614287 41.184931
500 237.773538 -5.415243 690.748167 43.908194
501 233.817721 -5.381166 1356.574331 43.451127
502 208.210518 -5.323898 2014.793423 39.108658
503 179.999883 -5.245831 2661.465244 34.312937
504 168.875665 -5.149613 3298.530798 32.793853
505 177.102842 -5.036340 3921.394742 35.164988
506 193.074515 -4.905293 4541.164824 39.360446
507 205.336563 -4.754972 5126.231001 43.183550
508 207.554214 -4.584201 5701.843706 45.275987
509 194.702862 -4.392801 6239.852707 44.323166
510 166.563414 -4.182066 6763.182596 39.828021
511 137.341279 -3.954688 7258.820424 34.728728
512 128.566389 -3.713397 7720.890402 34.622315
513 143.919730 -3.459035 8157.516378 41.606907
514 160.855457 -3.190267 8571.583963 50.420687
515 156.219666 -2.905606 8947.439705 53.764911
516 131.237700 -2.605500 9285.597966 50.369488
517 101.093165 -2.292306 9578.428980 44.101070
518 69.993283 -1.969006 9845.224300 35.547515
519 33.141555 -1.638762 10068.244319 20.223537
520 -1.886611 -1.305194 10253.535062 -1.445464
521 -15.410184 -0.971630 10401.271786 -15.860136
522 -0.719895 -0.639359 10498.822113 -1.125964
523 23.220360 -0.307079 10563.535089 75.616840
524 29.353153 0.027366 10589.313962 -1072.633131
525 8.618580 0.364510 10568.689531 -23.644270
526 -24.308911 0.702413 10502.759694 34.607722
527 -49.014219 1.037960 10392.550236 47.221687
528 -58.454993 1.368740 10247.674547 42.707172
529 -60.166228 1.693739 10063.187590 35.522723
530 -65.144712 2.012692 9825.676115 32.366948
531 -79.154094 2.325053 9558.487744 34.044001
532 -100.236538 2.629436 9248.537573 38.120932
533 -120.364370 2.923803 8915.615777 41.167061
534 -131.776937 3.206210 8530.946401 41.100527
535 -135.672434 3.475508 8120.318159 39.036719
536 -143.901652 3.731202 7667.593707 38.567100
537 -166.670644 3.972376 7198.899079 41.957415
538 -196.072718 4.196820 6705.285338 46.719355
539 -207.999508 4.401806 6179.258095 47.253223
540 -187.654118 4.586275 5619.838786 40.916452
541 -150.580767 4.752128 5052.083725 31.687018
542 -130.729242 4.902772 4453.827795 26.664354
543 -146.984838 5.040026 3859.517140 29.163505
544 -186.731667 5.162380 3218.603224 36.171621
545 -223.268192 5.266095 2577.187003 42.397299
546 -242.716158 5.347633 1944.554835 45.387583
547 -249.341682 5.405009 1293.371202 46.131597
548 -251.587657 5.437483 639.654498 46.269137
549 -252.253230 5.444810 -20.630310 46.329114
550 -248.906238 5.426943 -689.487205 45.864904
551 -235.217565 5.384272 -1351.948392 43.686050
552 -205.393512 5.318219 -2013.107437 38.620734
553 -166.899121 5.231708 -2657.419878 31.901462
554 -144.138559 5.128373 -3287.966116 28.106099
555 -155.079737 5.010328 -3909.533197 30.952015
556 -185.144585 4.876605 -4519.500669 37.965880
557 -199.247479 4.724510 -5114.497906 42.173154
558 -181.668728 4.552771 -5679.958125 39.902888
559 -151.475042 4.362975 -6224.885414 34.718292
560 -136.158592 4.157896 -6743.514554 32.746993
561 -141.695268 3.939018 -7246.282490 35.972233
562 -154.169431 3.705914 -7713.131550 41.600919
563 -161.562406 3.457441 -8159.699044 46.728893
564 -162.017325 3.192869 -8561.688015 50.743491
565 -152.253676 2.912176 -8927.788210 52.281750
566 -123.168928 2.616424 -9267.189479 47.075293
567 -76.778682 2.308511 -9568.212421 33.258967
568 -37.768212 1.992860 -9843.834221 18.951768
569 -32.534562 1.673136 -10072.134546 19.445263
570 -57.946747 1.349889 -10251.094901 42.927044
571 -82.350756 1.020858 -10390.922967 80.668201
572 -75.902448 0.683860 -10500.779165 110.991234
573 -32.963031 0.339587 -10566.293353 97.068077
574 27.039836 -0.007834 -10581.655142 3451.458455
575 71.319847 -0.352686 -10569.598180 202.219203
576 76.112795 -0.690750 -10501.137153 110.188694
577 50.064869 -1.021473 -10390.477379 49.012435
578 29.256770 -1.347141 -10239.754094 21.717681
579 38.711286 -1.669612 -10056.938185 23.185804
580 65.727939 -1.988057 -9841.504691 33.061392
581 81.489333 -2.300036 -9584.529204 35.429590
582 80.595912 -2.604018 -9281.309761 30.950593
583 84.860663 -2.899895 -8926.516796 29.263355
584 111.081238 -3.187090 -8561.121902 34.853504
585 149.122243 -3.463071 -8163.933109 43.060696
586 175.239070 -3.724246 -7726.582974 47.053572
587 178.656040 -3.968097 -7258.534684 45.023107
588 170.298346 -4.194183 -6741.119208 40.603459
589 168.599272 -4.403179 -6221.309981 38.290355
590 179.732347 -4.595198 -5668.227237 39.113077
591 191.605077 -4.769237 -5087.094091 40.175209
592 188.336105 -4.924249 -4495.405693 38.246665
593 172.238025 -5.060546 -3879.675471 34.035466
594 166.632049 -5.179529 -3264.077084 32.171274
595 190.785894 -5.281588 -2633.357836 36.122828
596 236.757686 -5.364377 -1970.721320 44.135169
597 276.271104 -5.423546 -1317.948957 50.939201
598 283.975319 -5.455361 -646.662469 52.054355
599 253.482820 -5.459109 24.548946 46.433005
600 203.812303 -5.437676 683.305477 37.481508
601 170.756718 -5.395718 1348.273891 31.646709
602 176.364888 -5.336343 1990.994938 33.049765
603 204.130028 -5.259136 2640.008581 38.814363
604 215.596183 -5.161663 3287.349349 41.768745
605 194.329768 -5.042923 3919.969178 38.535141
606 165.955283 -4.904816 4527.415403 33.835169
607 167.598561 -4.749845 5117.273303 35.285058
608 199.423586 -4.577842 5690.890188 43.562796
609 219.925169 -4.385994 6240.360713 50.142600
610 195.845345 -4.172550 6775.779809 46.936605
611 141.967167 -3.939782 7273.332942 36.034265
612 99.324088 -3.692713 7737.916951 26.897323
613 87.741428 -3.435437 8179.245596 25.540109
614 96.373699 -3.169217 8586.730423 30.409307
615 109.837524 -2.893326 8964.919439 37.962380
616 121.984877 -2.606461 9298.680603 46.800966
617 126.927596 -2.307455 9605.743415 55.007611
618 115.930520 -1.995893 9855.096146 58.084530
619 87.418937 -1.672889 10078.749514 52.256255
620 50.480235 -1.341215 10258.987776 37.637693
621 16.968824 -1.004462 10397.333975 16.893445
622 -4.520723 -0.665910 10498.791634 -6.788786
623 -9.882300 -0.327673 10548.062670 -30.158987
624 -2.452783 0.009686 10565.573707 253.220854
625 5.020681 0.346803 10532.973684 -14.477043
626 -3.208323 0.684286 10476.471076 4.688569
627 -32.374806 1.021265 10384.195942 31.700690
628 -68.595561 1.354943 10232.473818 50.626170
629 -88.586736 1.681903 10039.141714 52.670550
630 -82.989869 2.000230 9818.521962 41.490173
631 -68.071269 2.310340 9550.533472 29.463746
632 -69.821128 2.613496 9254.821004 26.715610
633 -96.320415 2.909450 8929.826829 33.106051
634 -130.520074 3.195708 8550.109777 40.842303
635 -152.879144 3.469023 8128.235034 44.069804
636 -163.686780 3.727152 7685.328543 43.917392
637 -176.063532 3.968894 7210.137412 44.360850
638 -194.888769 4.192971 6724.323966 46.479881
639 -211.527585 4.397575 6199.916960 48.100964
640 -214.093407 4.581147 5657.870550 46.733585
641 -197.533275 4.743474 5088.677958 41.643168
642 -168.497275 4.886156 4499.793453 34.484626
643 -143.883983 5.011952 3878.218052 28.708171
644 -139.470976 5.123184 3265.360101 27.223496
645 -155.577844 5.220291 2613.795910 29.802525
646 -179.064742 5.301781 1977.370632 33.774449
647 -202.703443 5.365371 1318.474671 37.779947
648 -231.003806 5.408647 659.855188 42.710088
649 -259.364905 5.428812 -12.302205 47.775626
650 -264.711221 5.423237 -682.182085 48.810558
651 -234.540532 5.391505 -1335.628200 43.501865
652 -193.440426 5.336418 -1984.495903 36.249114
653 -180.613839 5.261736 -2642.203280 34.325900
654 -205.756066 5.168659 -3284.033294 39.808405
655 -240.904393 5.054920 -3910.368001 47.657413
656 -250.578288 4.917312 -4515.659028 50.958383
657 -220.404044 4.754992 -5110.324560 46.352140
658 -163.509411 4.570861 -5684.563940 35.772127
659 -109.755129 4.370352 -6242.196127 25.113569
660 -87.213623 4.158599 -6756.178361 20.971877
661 -105.057878 3.937776 -7246.615676 26.679494
662 -146.601877 3.706243 -7719.425363 39.555391
663 -178.821679 3.460130 -8151.295861 51.680624
664 -176.707490 3.196435 -8561.161255 55.282681
665 -143.797902 2.915337 -8925.704657 49.324633
666 -106.563075 2.619892 -9265.404473 40.674603
667 -87.715841 2.313628 -9559.136011 37.912684
668 -88.124850 1.998424 -9828.756750 44.097181
669 -90.958751 1.674385 -10051.378774 54.323679
670 -74.983588 1.341412 -10249.170044 55.899018
671 -30.656707 1.001190 -10400.846102 30.620280
672 22.154066 0.657985 -10495.695146 -33.669578
673 41.773956 0.316707 -10568.758722 -131.900764
674 11.356998 -0.020838 -10596.158183 545.026249
675 -29.585383 -0.357344 -10575.422908 -82.792542
676 -24.655095 -0.696401 -10509.211100 -35.403613
677 31.826622 -1.037466 -10395.639333 30.677263
678 90.908966 -1.375333 -10267.875853 66.099620
679 112.179119 -1.704449 -10084.997647 65.815486
680 104.897418 -2.022595 -9859.883234 51.862799
681 99.988375 -2.330219 -9602.960147 42.909440
682 105.956572 -2.627742 -9289.790667 40.322289
683 109.358207 -2.914696 -8939.486924 37.519589
684 105.275412 -3.190787 -8564.727338 32.993559
685 107.183554 -3.456299 -8165.693028 31.011081
686 126.389334 -3.710938 -7724.895264 34.058594
687 155.123228 -3.952855 -7258.597401 39.243342
688 175.843967 -4.179331 -6766.498651 42.074672
689 180.556331 -4.388363 -6230.909380 41.144350
690 175.826554 -4.579420 -5672.364339 38.394942
691 173.139735 -4.752874 -5097.091854 36.428428
692 178.199647 -4.908946 -4494.179181 36.301001
693 187.327018 -5.047162 -3889.865536 37.115319
694 193.495456 -5.166673 -3236.858400 37.450686
695 196.819401 -5.266863 -2604.511463 37.369380
696 204.511284 -5.347331 -1945.723564 38.245488
697 217.535221 -5.407298 -1289.924316 40.229934
698 225.549205 -5.445554 -627.261262 41.418966
699 221.661793 -5.461363 23.956669 40.587270
700 215.036720 -5.455031 683.497466 39.419888
701 221.352719 -5.427082 1349.848473 40.786690
702 243.621700 -5.376856 2016.550818 45.309323
703 265.251985 -5.302268 2653.635132 50.026133
704 261.048712 -5.201377 3294.048181 50.188384
705 220.074386 -5.074702 3916.151494 43.366956
706 162.520978 -4.926167 4532.812994 32.991367
707 125.855089 -4.761196 5124.009760 26.433504
708 128.465024 -4.583296 5683.323104 28.028961
709 155.957090 -4.392338 6230.902706 35.506621
710 183.503950 -4.185790 6749.693684 43.839738
711 196.692342 -3.961016 7241.456177 49.657048
712 191.002700 -3.716731 7712.481145 51.389969
713 168.130038 -3.453493 8151.171717 48.684058
714 135.507471 -3.173522 8558.950287 42.699395
715 99.780749 -2.880023 8936.424945 34.645811
716 62.537304 -2.576561 9267.678210 24.271619
717 28.548123 -2.266822 9573.945038 12.593895
718 11.272699 -1.954088 9839.549922 5.768777
719 19.935151 -1.640001 10068.291677 12.155573
720 44.253120 -1.323784 10253.182753 33.429266
721 61.959589 -1.003202 10401.775921 61.761839
722 61.488137 -0.676585 10508.782192 90.880193
723 49.887419 -0.343913 10573.461355 145.058260
724 38.161363 -0.006247 10588.498420 6108.409807
725 24.653008 0.335226 10562.432355 -73.541545
726 -4.159506 0.679034 10507.935485 6.125627
727 -55.336581 1.022228 10412.672228 54.133295
728 -113.260111 1.359826 10253.093991 83.290163
729 -148.059668 1.686296 10067.398137 87.801687
730 -143.065367 1.998306 9835.274712 71.593326
731 -109.024615 2.296257 9567.722648 47.479276
732 -70.184291 2.583342 9276.409437 27.168026
733 -44.790835 2.863292 8953.824803 15.643125
734 -43.166036 3.138565 8584.356457 13.753431
735 -71.876168 3.409263 8178.375209 21.082611
736 -124.797764 3.672562 7747.772787 33.981118
737 -176.033856 3.923394 7281.115732 44.867751
738 -198.176996 4.156877 6776.346865 47.674491
739 -189.364630 4.370813 6251.272394 43.324807
740 -173.334644 4.565872 5702.259763 37.963101
741 -172.532056 4.743459 5127.448476 36.372623
742 -188.523526 4.903647 4533.573267 38.445572
743 -208.228826 5.044953 3927.439545 41.274678
744 -219.757273 5.165508 3304.906514 42.543205
745 -218.802700 5.264194 2665.703670 41.564332
746 -207.955771 5.341085 2021.754851 38.935117
747 -197.570046 5.397180 1359.682755 36.606164
748 -202.237943 5.433386 698.925625 37.221343
749 -223.873190 5.449216 24.738505 41.083563
750 -239.733388 5.442703 -650.523991 44.046751
751 -224.169169 5.412495 -1306.724628 41.416972
752 -184.300656 5.360088 -1973.478180 34.383884
753 -156.916582 5.289141 -2632.348340 29.667688
754 -166.857898 5.202173 -3256.192166 32.074656
755 -202.186510 5.098299 -3869.223996 39.657644
756 -232.571419 4.974254 -4475.786871 46.755032
757 -241.120560 4.827146 -5061.804540 49.950959
758 -233.436718 4.656063 -5644.982661 50.136074
759 -221.554401 4.461666 -6190.775065 49.657323
760 -207.643955 4.245127 -6719.300981 48.913483
761 -186.148766 4.007889 -7229.107752 46.445586
762 -155.911968 3.752113 -7714.882227 41.553106
763 -123.780766 3.480762 -8151.631686 35.561394
764 -97.663585 3.196981 -8567.304146 30.548695
765 -79.926310 2.903360 -8940.284458 27.528901
766 -67.646811 2.601702 -9286.473782 26.000986
767 -59.067457 2.293251 -9598.076411 25.757079
768 -58.458135 1.978828 -9859.632284 29.541803
769 -68.279471 1.658464 -10095.846466 41.170318
770 -76.156852 1.331283 -10284.864771 57.205603
771 -61.780513 0.996681 -10426.317613 61.986261
772 -21.849669 0.656125 -10533.673472 33.301071
773 23.668227 0.313430 -10593.024404 -75.513524
774 55.254762 -0.027023 -10622.292659 2044.745112
775 69.987605 -0.362092 -10605.648481 193.286651
776 69.166803 -0.690289 -10529.012515 100.199762
777 50.239964 -1.011726 -10429.443079 49.657688
778 22.304893 -1.328222 -10291.473862 16.793044
779 9.499250 -1.642356 -10098.752220 5.783916
780 24.080442 -1.955298 -9871.236652 12.315486
781 50.340922 -2.265732 -9602.164531 22.218397
782 67.512966 -2.571219 -9298.729683 26.257181
783 78.431294 -2.870016 -8949.949031 27.327823
784 102.648499 -3.160852 -8564.696729 32.474951
785 144.663245 -3.441261 -8149.327484 42.037864
786 182.989592 -3.707234 -7699.465490 49.360146
787 195.183758 -3.955138 -7227.700907 49.349420
788 183.446759 -4.183732 -6732.697649 43.847632
789 169.681684 -4.393997 -6205.013652 38.616705
790 172.390237 -4.587148 -5655.244579 37.581138
791 192.619224 -4.762907 -5083.275204 40.441525
792 216.294634 -4.919374 -4495.859284 43.967918
793 225.991766 -5.054333 -3881.491473 44.712480
794 215.710381 -5.166868 -3264.825082 41.748767
795 197.686536 -5.257900 -2628.942169 37.598004
796 189.632397 -5.329072 -1977.389913 35.584503
797 195.772973 -5.381158 -1311.432302 36.381199
798 208.671113 -5.413612 -649.769629 38.545633
799 224.004852 -5.425180 8.081972 41.289846
800 237.853471 -5.414354 663.420032 43.930167
801 236.486891 -5.379871 1326.984311 43.957727
802 211.912665 -5.321947 1975.676488 39.818638
803 183.660739 -5.242867 2617.452984 35.030592
804 179.877932 -5.145202 3270.730153 34.960327
805 197.007246 -5.029359 3892.955654 39.171445
806 201.723943 -4.893926 4501.789522 41.219244
807 176.359890 -4.738593 5102.694379 37.217779
808 143.341834 -4.565692 5674.070542 31.395422
809 137.207454 -4.378219 6229.810013 31.338643
810 163.730032 -4.176737 6770.276225 39.200462
811 194.613533 -3.958845 7271.178539 49.159174
812 198.430486 -3.721729 7726.669899 53.316743
813 170.616986 -3.465047 8167.575807 49.239445
814 132.702075 -3.191387 8564.960267 41.581315
815 107.919325 -2.904339 8945.848573 37.157960
816 101.957759 -2.606335 9272.900457 39.119212
817 102.735383 -2.298076 9567.938550 44.704963
818 92.282075 -1.979640 9835.011527 46.615575
819 61.557076 -1.652155 10054.883137 37.258666
820 20.125790 -1.318609 10238.531707 15.262899
821 -9.517436 -0.982949 10390.713551 -9.682537
822 -12.064241 -0.648004 10501.177405 -18.617548
823 5.211695 -0.314092 10552.627205 16.592884
824 18.087534 0.020302 10569.341526 -890.932444
825 7.017974 0.356294 10549.956689 -19.697150
826 -23.748862 0.692813 10495.505378 34.278887
827 -48.611577 1.027009 10375.777194 47.333137
828 -48.523811 1.356568 10229.308700 35.769543
829 -35.374794 1.681392 10046.549853 21.038997
830 -39.213529 2.002528 9833.044902 19.582011
831 -74.141480 2.319471 9563.945063 31.964823
832 -126.223352 2.628851 9249.279046 48.014641
833 -168.633557 2.925693 8910.699691 57.638844
834 -181.118992 3.205930 8549.498940 56.494998
835 -164.064720 3.468311 8144.363895 47.303923
836 -139.022082 3.714353 7708.383887 37.428349
837 -127.198540 3.946371 7229.793058 32.231778
838 -128.172995 4.165556 6727.285303 30.769721
839 -129.654101 4.371927 6203.671092 29.656052
840 -132.690308 4.565327 5651.166893 29.064796
841 -151.906597 4.745319 5083.846209 32.011886
842 -192.426092 4.909932 4491.443488 39.191195
843 -238.713915 5.055250 3886.490630 47.220991
844 -265.842966 5.176861 3257.137942 51.352159
845 -258.127551 5.272188 2619.489550 48.960233
846 -223.730441 5.341936 1971.222924 41.881906
847 -192.132585 5.389284 1326.193704 35.650854
848 -186.976404 5.417184 674.000665 34.515421
849 -202.102568 5.426210 10.338494 37.245624
850 -214.657349 5.415054 -649.819860 39.640849
851 -216.237977 5.382534 -1317.593394 40.174014
852 -215.452169 5.328404 -1983.288989 40.434651
853 -213.634432 5.252731 -2639.692396 40.671116
854 -199.612018 5.155802 -3263.888197 38.715997
855 -174.422326 5.039017 -3910.976288 34.614357
856 -160.765923 4.904690 -4517.188754 32.778001
857 -173.570779 4.754049 -5104.369563 36.510094
858 -195.748292 4.585968 -5679.479840 42.684186
859 -198.993842 4.398481 -6232.645136 45.241489
860 -178.341325 4.191306 -6750.004232 42.550299
861 -152.067198 3.966341 -7229.611142 38.339413
862 -135.885188 3.726078 -7702.912000 36.468688
863 -130.926196 3.472131 -8147.843528 37.707737
864 -131.371861 3.205046 -8559.222417 40.989077
865 -130.192759 2.924836 -8924.908162 44.512846
866 -118.816009 2.631693 -9270.035541 45.148131
867 -92.902207 2.326796 -9576.854284 39.927097
868 -61.703468 2.012658 -9833.222951 30.657699
869 -44.787211 1.692228 -10059.557552 26.466423
870 -53.878453 1.367091 -10243.874584 39.411020
871 -78.684300 1.036428 -10385.924566 75.918717
872 -92.751209 0.697988 -10483.967157 132.883636
873 -73.249371 0.350562 -10557.039701 208.948427
874 -17.639516 -0.003877 -10580.747172 -4549.248072
875 52.650446 -0.359953 -10562.928389 146.270360
876 104.650997 -0.710921 -10486.475242 147.204770
877 117.358600 -1.051765 -10386.854445 111.582569
878 97.055149 -1.381157 -10242.263378 70.270925
879 70.721690 -1.700894 -10066.582679 41.579139
880 66.218750 -2.013368 -9830.399299 32.889545
881 91.142596 -2.318960 -9568.311286 39.303221
882 121.899491 -2.615383 -9272.495301 46.608655
883 124.368593 -2.899868 -8932.295808 42.887675
884 97.448655 -3.172182 -8555.339167 30.719755
885 81.090874 -3.434659 -8146.612892 23.609587
886 106.180640 -3.688656 -7706.336994 28.785727
887 154.047294 -3.931834 -7241.998369 39.179500
888 183.419543 -4.159777 -6742.603817 44.093604
889 180.817818 -4.369660 -6216.710491 41.380297
890 166.145195 -4.561562 -5662.282518 36.422876
891 162.200935 -4.736752 -5086.618172 34.243073
892 175.432131 -4.895573 -4487.855483 35.834855
893 198.539732 -5.036766 -3884.471090 39.418096
894 220.139352 -5.158121 -3256.257820 42.678208
895 234.072214 -5.257529 -2623.704430 44.521333
896 241.302312 -5.333585 -1977.569019 45.242046
897 240.798214 -5.385572 -1317.033346 44.711726
898 226.082766 -5.413601 -645.063552 41.761992
899 199.896410 -5.419127 15.654602 36.887195
900 183.265586 -5.404584 682.067715 33.909289
901 194.099049 -5.371470 1341.697217 36.135186
902 220.702942 -5.318804 1992.616082 41.494841
903 232.098155 -5.244204 2641.315402 44.258031
904 213.886941 -5.146656 3281.331937 41.558431
905 181.913175 -5.027837 3894.022030 36.181198
906 161.138536 -4.890726 4506.182669 32.947773
907 161.313059 -4.737318 5089.320296 34.051555
908 174.731375 -4.567668 5662.405530 38.253959
909 189.227910 -4.380537 6208.770530 43.197422
910 196.295466 -4.174546 6726.823950 47.021992
911 188.699965 -3.949047 7234.263437 47.783669
912 160.718724 -3.704854 7708.612999 43.380588
913 118.064912 -3.444718 8145.346750 34.274188
914 81.926840 -3.172722 8543.931755 25.822257
915 72.974920 -2.892296 8918.411962 25.230791
916 90.399022 -2.604343 9268.497028 34.710873
917 112.194828 -2.307314 9561.729717 48.625733
918 116.148962 -1.999222 9829.370942 58.097083
919 96.828024 -1.679717 10057.014956 57.645453
920 65.859119 -1.350629 10236.120340 48.761821
921 41.925016 -1.014893 10378.317253 41.309792
922 35.229694 -0.674811 10488.853857 52.206783
923 34.365477 -0.331150 10548.046306 103.776239
924 14.461299 0.015782 10566.641393 -916.330186
925 -33.650803 0.363908 10539.349369 92.470523
926 -86.627957 0.708623 10493.279944 122.248261
927 -108.613155 1.044945 10387.142311 103.941501
928 -87.874259 1.370779 10237.914403 64.105328
929 -50.034788 1.687975 10042.105331 29.641895
930 -34.573697 1.999970 9824.950906 17.287105
931 -57.728203 2.308168 9566.105291 25.010399
932 -98.265755 2.610442 9274.526811 37.643333
933 -123.615962 2.903030 8944.165745 42.581701
934 -126.918148 3.183453 8569.235362 39.868081
935 -126.517936 3.451210 8161.936158 36.659009
936 -134.652989 3.706236 7730.046745 36.331470
937 -147.332726 3.947759 7260.970934 37.320594
938 -160.885802 4.174546 6755.489221 38.539717
939 -175.704290 4.385229 6236.204138 40.067303
940 -186.583769 4.578374 5693.949960 40.753284
941 -187.760946 4.752947 5119.582332 39.504111
942 -184.047336 4.908788 4534.747116 37.493441
943 -186.008682 5.046173 3911.824316 36.861337
944 -198.071287 5.164869 3300.725943 38.349723
945 -214.908539 5.263715 2657.130170 40.828297
946 -226.895285 5.341115 2003.176857 42.480887
947 -230.214796 5.395901 1347.181445 42.664755
948 -229.389194 5.427699 686.845741 42.262699
949 -225.247947 5.436579 11.512385 41.431925
950 -208.939527 5.423040 -655.498679 38.528121
951 -178.918480 5.388732 -1322.931905 33.202337
952 -155.557606 5.336479 -1982.354527 29.149859
953 -163.485581 5.268397 -2623.637264 31.031372
954 -200.893755 5.183706 -3269.724717 38.754848
955 -237.433906 5.078935 -3895.777024 46.748759
956 -244.333025 4.950681 -4498.642062 49.353417
957 -221.414739 4.798254 -5103.884276 46.144860
958 -192.236667 4.623734 -5670.420035 41.576064
959 -175.631791 4.429875 -6226.537784 39.647118
960 -168.935308 4.218367 -6758.423699 40.047563
961 -160.358836 3.989985 -7267.094372 40.190336
962 -145.912822 3.745619 -7732.132232 38.955598
963 -127.586707 3.486693 -8175.280476 36.592469
964 -107.935067 3.215022 -8589.369594 33.572104
965 -94.837946 2.932506 -8970.340066 32.340241
966 -98.598092 2.640358 -9305.586348 37.342697
967 -115.184243 2.338235 -9607.179995 49.261200
968 -123.315183 2.024666 -9865.872461 60.906438
969 -107.023836 1.698980 -10080.447019 62.992978
970 -73.021454 1.362745 -10266.129146 53.584074
971 -39.414514 1.019200 -10410.746746 38.672008
972 -15.145593 0.671629 -10513.573138 22.550532
973 4.337856 0.322502 -10592.596036 -13.450633
974 27.583129 -0.026157 -10609.733243 1054.521527
975 56.575802 -0.372004 -10587.149001 152.083759
976 81.275787 -0.712226 -10519.588843 114.115183
977 84.447082 -1.044503 -10416.542038 80.849031
978 58.558044 -1.368590 -10274.850493 42.787125
979 21.637188 -1.686923 -10094.436031 12.826427
980 9.622246 -2.002877 -9860.937623 4.804213
981 43.402068 -2.317468 -9591.458496 18.728225
982 104.746585 -2.627479 -9289.542108 39.865815
983 152.712344 -2.927135 -8955.574351 52.171266
984 164.150071 -3.211842 -8581.748304 51.107761
985 152.922360 -3.480331 -8172.767770 43.939022
986 150.403265 -3.733448 -7722.295474 40.285348
987 173.071494 -3.971301 -7243.601364 43.580549
988 208.156909 -4.191735 -6748.392488 49.658887
989 224.508216 -4.391513 -6225.066362 51.123202
990 199.267945 -4.569202 -5679.301503 43.611108
991 141.416288 -4.727249 -5106.865693 29.915134
992 89.637875 -4.871105 -4506.791959 18.401960
993 83.990261 -5.005600 -3893.332553 16.779261
994 137.101542 -5.131189 -3258.429961 26.719253
995 224.050090 -5.242775 -2627.849677 42.735023
996 294.558993 -5.332095 -1976.306861 55.242633
997 307.691365 -5.392460 -1311.282947 57.059556
998 267.099309 -5.422522 -658.069805 49.257400
999 214.936698 -5.425965 14.480711 39.612620
