50,3905749.246895,-84027.335726,52870436.571429,46.481888
51,3822781.014096,-81991.876050,64224151.510204,46.623900
52,3689114.612020,-79574.575562,75286841.469388,46.360469
53,3517687.834695,-76788.688007,85990191.020408,45.809974
54,3341092.847708,-73651.067562,96311504.979592,45.363807
55,3177913.188941,-70179.212152,106200899.918367,45.282828
56,3018433.933111,-66389.530253,115580133.877551,45.465511
57,2843113.277885,-62298.144154,124455497.142857,45.637207
58,2645828.018295,-57922.636205,132746616.163265,45.678653
59,2433141.392628,-53282.670629,140433219.918367,45.664779
60,2206168.840200,-48399.504039,147476020.244898,45.582468
61,1955351.649429,-43295.921865,153841914.775510,45.162490
62,1676701.621019,-37997.045546,159480602.122449,44.127158
63,1384494.208113,-32530.616359,164377474.612245,42.559729
64,1102279.050042,-26925.650383,168524256.653061,40.937880
65,845537.651094,-21210.237254,171896518.530612,39.864601
66,614392.906891,-15410.051813,174471815.836735,39.869620
67,396845.640528,-9548.311909,176236982.857143,41.561864
68,176575.435734,-3646.911989,177198330.775510,48.417795
69,-59211.636527,2272.013571,177326769.632653,26.061304
70,-317697.565733,8184.827307,176641232.979592,38.815427
71,-601067.372595,14065.659196,175139819.102041,42.732969
72,-899775.239023,19886.247670,172836299.755102,45.246104
73,-1186435.824719,25616.957065,169721751.510204,46.314471
74,-1431837.053334,31229.380553,165826873.469388,45.849038
75,-1636473.632073,36698.978104,161174151.836735,44.591804
76,-1837326.269507,42004.960029,155772154.775510,43.740698
77,-2070920.464150,47126.915967,149641111.510204,43.943475
78,-2332079.299953,52041.533275,142838177.959184,44.811887
79,-2581798.545993,56723.046111,135386759.836735,45.515866
80,-2796746.288371,61146.689591,127297013.551020,45.738311
81,-2993871.000056,65290.809973,118630086.530612,45.854401
82,-3196013.553963,69135.482500,109422968.163265,46.228267
83,-3389431.463279,72660.613882,99700527.020408,46.647438
84,-3536631.098038,75847.201270,89542885.877551,46.628366
85,-3628679.207874,78680.609433,78962562.612245,46.119104
86,-3705336.573938,81151.281518,68027977.142857,45.659619
87,-3813088.113351,83251.137645,56781531.428571,45.802234
88,-3951098.173021,84969.409738,45278688.653061,46.500243
89,-4071344.786252,86292.723519,33582832.326531,47.180627
90,-4132101.072689,87209.422068,21726605.061224,47.381361
91,-4138967.633767,87713.373899,9767768.816327,47.187418
92,-4127527.024171,87803.572441,-2229310.693878,47.008646
93,-4116423.150326,87480.998520,-14220643.265306,47.055054
94,-4090223.401544,86746.904629,-26142594.612245,47.151232
95,-4025339.355377,85604.121484,-37940307.591837,47.022728
96,-3919040.386007,84059.158861,-49559196.734694,46.622408
97,-3788328.886277,82122.494857,-60960391.836735,46.130222
98,-3650366.903084,79807.053774,-72082870.857143,45.739903
99,-3513415.082931,77126.565973,-82876604.081633,45.553890
100,-3380449.034735,74094.700548,-93279336.489796,45.623358
101,-3246388.833513,70724.792056,-103274475.102041,45.901709
102,-3092109.076271,67030.412361,-112783297.306122,46.129943
103,-2898699.210357,63027.160049,-121780265.795918,45.991271
104,-2671865.563332,58734.326709,-130216333.061224,45.490699
105,-2437861.577326,54174.361386,-138053548.408163,45.000283
106,-2213490.305227,49370.518201,-145248673.959184,44.834253
107,-1992728.011274,44345.293033,-151790090.448980,44.936630
108,-1762530.524652,39120.879295,-157621289.795918,45.053449
109,-1520421.637993,33720.316560,-162708271.020408,45.089186
110,-1273665.911266,28167.748517,-167055966.040816,45.217171
111,-1025694.891510,22487.817621,-170635013.224490,45.611135
112,-767067.438624,16705.403194,-173433793.306122,45.917326
113,-483412.739464,10846.497366,-175432599.510204,44.568557
114,-175257.696687,4939.466265,-176598768.326531,35.481100
115,132238.911305,-985.091402,-176944817.632653,134.240245
116,404445.650098,-6896.727544,-176475449.469388,58.643124
117,624667.886209,-12768.367334,-175199336.489796,48.923082
118,809014.459459,-18577.850366,-173119634.285714,43.547259
119,997787.639822,-24306.394279,-170222717.387755,41.050418
120,1229068.314468,-29934.791596,-166536317.387755,41.058188
121,1511169.897097,-35439.841682,-162091425.959184,42.640425
122,1815960.608087,-40793.578845,-156913183.346939,44.515844
123,2099992.749423,-45965.899987,-150998893.714286,45.685883
124,2334797.752519,-50928.646785,-144394281.795918,45.844488
125,2524492.600539,-55658.302877,-137120538.122449,45.356981
126,2701566.585852,-60135.615932,-129216240.326531,44.924568
127,2899763.915527,-64342.581512,-120719840.653061,45.067572
128,3121615.060106,-68259.356896,-111633449.795918,45.731680
129,3335000.265223,-71864.040105,-102087262.040816,46.407080
130,3504490.356110,-75135.602367,-92066293.551020,46.642207
131,3622445.326791,-78057.159550,-81613510.530612,46.407599
132,3712790.095893,-80616.707047,-70795556.571429,46.054847
133,3809320.786588,-82804.913998,-59660329.795918,46.003559
134,3923908.239331,-84612.020657,-48247160.163265,46.375305
135,4031459.993463,-86026.787840,-36621500.081633,46.862845
136,4092351.560053,-87038.810490,-24817225.142857,47.017549
137,4093445.101852,-87642.116374,-12911407.020408,46.706370
138,4063082.698189,-87836.345591,-960261.224490,46.257420
139,4041008.107220,-87624.181443,11002671.020408,46.117499
140,4033909.506221,-87007.771637,22919251.591837,46.362634
141,4008151.473703,-85988.127435,34716713.795918,46.612848
142,3932768.175538,-84568.103961,46354954.448980,46.504155
143,3821226.544093,-82755.119099,57780621.061224,46.175108
144,3714607.944889,-80559.956558,68943203.265306,46.109855
145,3626606.002112,-77993.155761,79799818.448980,46.499029
146,3526370.796096,-75063.794435,90298284.408163,46.978318
147,3376855.844722,-71782.220334,100377182.040816,47.043068
148,3167230.763685,-68163.470325,110008090.122449,46.465222
149,2908574.265988,-64228.411870,119122923.102041,45.284854
150,2628831.856913,-60002.681660,127690187.755102,43.811906
151,2374035.496067,-55513.856071,135666625.306122,42.764738
152,2176809.907679,-50787.119823,143023689.142857,42.861456
153,2014627.887668,-45842.393494,149723344.979592,43.946830
154,1831674.316152,-40696.394640,155717025.959184,45.008270
155,1603867.649267,-35367.623823,161005191.836735,45.348471
156,1349736.777604,-29878.681862,165557874.938775,45.173906
157,1084737.362803,-24254.845775,169335703.510204,44.722501
158,805787.161816,-18522.658870,172330192.979592,43.502780
159,521565.126326,-12709.948364,174535784.489796,41.035975
160,259671.106986,-6844.886039,175933544.489796,37.936513
161,28305.089577,-953.581496,176513295.673469,29.682927
162,-204074.972291,4940.545694,176271631.673469,41.306160
163,-469441.608831,10813.967892,175219001.469388,43.410672
164,-755399.053374,16640.259973,173367191.510204,45.395868
165,-1020405.302312,22391.197887,170720882.938775,45.571716
166,-1244041.230857,28040.459036,167268184.816326,44.365937
167,-1445219.245420,33565.509640,163040945.632653,43.056675
168,-1658540.843829,38945.931235,158057618.285714,42.585728
169,-1907170.210352,44160.194877,152354105.469388,43.187541
170,-2191933.434732,49183.430003,145952141.061224,44.566502
171,-2489721.238333,53987.355659,138868025.469388,46.116747
172,-2761735.494354,58542.527121,131101006.367347,47.174860
173,-2976527.206809,62822.014905,122747235.265306,47.380321
174,-3130116.182759,66804.370944,113822490.122449,46.854961
175,-3243407.193430,70474.055346,104373080.816327,46.022713
176,-3348489.488076,73819.468042,94454198.857143,45.360520
177,-3477402.486289,76829.825555,84103376.979592,45.261101
178,-3642722.534843,79492.120659,73398836.244898,45.824951
179,-3817408.380131,81790.053146,62309605.877551,46.673260
180,-3950576.264156,83706.602916,50958336.000000,47.195515
181,-4016467.377968,85228.679331,39386028.408163,47.125773
182,-4037060.944242,86349.492904,27620811.755102,46.752573
183,-4048795.868268,87066.660277,15744501.551020,46.502253
184,-4062226.462761,87378.923569,3787128.163265,46.489775
185,-4066642.914219,87285.044154,-8188342.857143,46.590375
186,-4057925.538037,86784.614377,-20112948.244898,46.758582
187,-4039167.975288,85878.468715,-31949197.061224,47.033535
188,-4001013.901023,84568.563047,-43647728.326531,47.310889
189,-3926607.139885,82858.868375,-55140519.183673,47.389099
190,-3819917.098987,80756.795137,-66368971.755102,47.301494
191,-3710096.309801,78272.752023,-77309325.061224,47.399589
192,-3616290.356401,75417.544840,-87930169.469388,47.950253
193,-3514028.029637,72200.763378,-98108583.183673,48.670234
194,-3347435.179367,68633.125220,-107828432.979592,48.772880
195,-3083077.712595,64731.588479,-117047985.632653,47.628643
196,-2750542.065016,60522.331723,-125741369.469388,45.446730
197,-2420410.381446,56037.990215,-133857802.448980,43.192312
198,-2143155.900274,51311.142630,-141341904.979592,41.767846
199,-1918710.586885,46369.526963,-148170271.346939,41.378697
200,-1718221.475386,41235.843955,-154323842.612245,41.668153
201,-1517072.051845,35930.351349,-159763936.653061,42.222578
202,-1305433.215176,30473.242583,-164470198.857143,42.838671
203,-1082777.706107,24885.684060,-168411156.897959,43.510064
204,-852938.158557,19189.907890,-171576884.244898,44.447225
205,-619392.094302,13408.864701,-173923704.163265,46.192732
206,-376911.068120,7565.952143,-175467331.918367,49.816740
207,-112436.155733,1685.536871,-176198885.877551,66.706435
208,175109.403900,-4205.916117,-176109108.244898,41.634069
209,459389.597237,-10079.880323,-175215824.979592,45.574906
210,705237.723159,-15908.239983,-173489172.897959,44.331599
211,908228.234497,-21666.455978,-170964574.040816,41.918634
212,1112663.731883,-27333.847716,-167652393.795918,40.706444
213,1382955.079241,-32889.405000,-163555453.387755,42.048650
214,1738541.342479,-38305.912085,-158696656.979592,45.385718
215,2106867.493842,-43548.434255,-153103046.530612,48.379868
216,2369519.223352,-48581.186684,-146814516.244898,48.774420
217,2485866.934320,-53378.272283,-139854931.591837,46.570764
218,2548743.763975,-57927.233141,-132233780.244898,43.999059
219,2685064.268156,-62220.657674,-124003620.571429,43.153904
220,2922729.808315,-66244.681445,-115189007.673469,44.120218
221,3186399.169225,-69976.218686,-105910313.795918,45.535458
222,3401513.112319,-73389.555739,-96123297.959184,46.348736
223,3562430.651365,-76463.210779,-85886558.040816,46.590126
224,3702239.449621,-79180.786460,-75278712.163265,46.756791
225,3833176.406872,-81528.196805,-64308391.183673,47.016573
226,3937159.170461,-83492.516681,-53063575.510204,47.155833
227,3999497.300428,-85063.479721,-41578391.510204,47.017796
228,4028960.331538,-86234.771044,-29910392.163265,46.720833
229,4043527.057839,-87003.284586,-18094184.489796,46.475568
230,4050338.212104,-87367.504641,-6207404.408163,46.359779
231,4045127.069618,-87326.791324,5713815.510204,46.321719
232,4022841.198296,-86881.709173,17607115.755102,46.302510
233,3981121.971329,-86034.504182,29420941.061224,46.273550
234,3916730.598775,-84789.375225,41101980.734694,46.193649
235,3825780.448944,-83152.797173,52574814.040816,46.009041
236,3710724.150265,-81133.847808,63811166.040816,45.735833
237,3585991.671912,-78743.908877,74759439.673469,45.539925
238,3468661.084711,-75995.299315,85371820.408163,45.643101
239,3354209.816577,-72899.784403,95592280.816326,46.011245
240,3208757.799129,-69469.109449,105375117.061224,46.189707
241,3007466.818912,-65718.052718,114670027.755102,45.763176
242,2783631.481433,-61666.457027,123400881.632653,45.140123
243,2605493.206712,-57336.088484,131609955.265306,45.442465
244,2480320.428247,-52744.679284,139215056.979592,47.025036
245,2318204.261160,-47905.547077,146188956.734694,48.391145
246,2033515.870714,-42835.672654,152471614.693878,47.472486
247,1653698.774104,-37563.278062,158035884.408163,44.024347
248,1287074.157049,-32125.385137,162879968.653061,40.064085
249,1008735.161106,-26558.008358,166971768.163265,37.982335
250,808769.836572,-20889.083798,170289758.040816,38.717344
251,628482.581657,-15139.124065,172820082.938776,41.513801
252,418466.440020,-9326.581538,174544582.530612,44.868148
253,166519.047591,-3472.553943,175477592.816326,47.952904
254,-111896.557065,2397.903485,175606073.469388,46.664329
255,-395530.566650,8257.130131,174921916.081633,47.901700
256,-667449.491980,14076.903157,173419352.816326,47.414512
257,-915948.583325,19830.130287,171119762.285714,46.189741
258,-1139029.800883,25491.981381,168033447.183673,44.681886
259,-1349621.465620,31040.037586,164161452.408163,43.480020
260,-1568447.575958,36453.058297,159540182.204082,43.026502
261,-1806483.317241,41709.065871,154179082.448980,43.311527
262,-2057861.650751,46784.311812,148110628.571429,43.986148
263,-2311352.411039,51653.757211,141367107.918367,44.747034
264,-2560849.854513,56292.101006,133962940.081633,45.492170
265,-2801052.620317,60674.434500,125939816.489796,46.165286
266,-3022100.311288,64776.822939,117335081.795918,46.654037
267,-3215431.451132,68577.235998,108188567.510204,46.887738
268,-3379501.221969,72056.350935,98555402.448980,46.900810
269,-3515894.488194,75197.745908,88468772.571429,46.755318
270,-3626284.893316,77987.769743,77999187.591837,46.498123
271,-3715390.798626,80415.343653,67103137.959184,46.202511
272,-3790078.101106,82471.497242,55952592.979592,45.956218
273,-3855142.191832,84148.723154,44567969.959184,45.813437
274,-3915629.407242,85440.475402,32962121.142857,45.828741
275,-3980355.557772,86340.627802,21238324.244898,46.100609
276,-4052964.443845,86842.669188,9393695.346939,46.670197
277,-4116440.334057,86939.481421,-2488612.571429,47.348342
278,-4136888.162449,86625.013881,-14364755.591837,47.756277
279,-4092819.663611,85897.411213,-26170305.306122,47.647765
280,-3995504.266740,84760.978357,-37858304.000000,47.138487
281,-3873994.350958,83225.191627,-49362191.673469,46.548338
282,-3748911.462365,81302.028723,-60646483.591837,46.110921
283,-3627135.353900,79003.945335,-71657973.551020,45.910813
284,-3509354.782982,76343.112257,-82353549.061224,45.968191
285,-3388708.659380,73331.361618,-92672689.632653,46.210906
286,-3246888.058867,69980.916560,-102553788.081633,46.396764
287,-3067101.881110,66306.109662,-111966312.489796,46.256701
288,-2854151.781391,62324.877890,-120865353.142857,45.794743
289,-2630458.984507,58058.315596,-129205164.408163,45.307187
290,-2409398.736450,53528.675134,-136948255.346939,45.011365
291,-2184365.920988,48758.127367,-144063529.795918,44.800037
292,-1946644.060919,43769.255573,-150515335.836735,44.475147
293,-1699966.824930,38585.795864,-156267415.510204,44.056803
294,-1452650.555510,33232.341803,-161306582.204082,43.711953
295,-1208188.740119,27733.598312,-165586275.265306,43.564082
296,-968021.279886,22114.000161,-169101186.612245,43.774137
297,-732260.749842,16397.559724,-171854868.897959,44.656691
298,-494176.724862,10607.910049,-173793572.571429,46.585682
299,-242469.281706,4768.959373,-174941267.591837,50.843227
300,27318.207525,-1094.080896,-175275969.306122,24.969093
301,305144.560938,-6954.317201,-174808001.306122,43.878436
302,570212.126341,-12784.147165,-173531031.510204,44.603063
303,807090.700072,-18557.202770,-171447484.081633,43.492045
304,1026539.277243,-24249.708229,-168560159.346939,42.332026
305,1266444.960022,-29839.386352,-164891836.081633,42.442058
306,1556169.680504,-35301.980888,-160473088.000000,44.081653
307,1875043.270529,-40608.694738,-155304207.673469,46.173443
308,2160855.614251,-45728.188979,-149426823.836735,47.254345
309,2370750.816333,-50632.260519,-142856756.244898,46.822931
310,2523151.767446,-55299.751354,-135629322.448980,45.626819
311,2669442.486924,-59714.966309,-127782577.632653,44.703073
312,2840610.743117,-63863.014695,-119349812.244898,44.479747
313,3036353.395057,-67726.794173,-110365758.693878,44.832380
314,3245655.373732,-71286.824077,-100873571.265306,45.529527
315,3452620.566585,-74522.302482,-90929758.040816,46.330031
316,3631606.943862,-77412.752552,-80561569.959184,46.912257
317,3759807.219186,-79940.476322,-69830467.918367,47.032585
318,3837657.212852,-82092.649284,-58772396.408163,46.747879
319,3886870.396261,-83861.293391,-47462880.653061,46.348801
320,3926473.788733,-85241.321706,-35930927.020408,46.063033
321,3958630.882679,-86228.762615,-24240754.938776,45.908474
322,3980895.341405,-86820.428752,-12443564.408163,45.852058
323,4000809.898709,-87014.025770,-584557.714286,45.978908
324,4026351.352784,-86807.485717,11271585.959184,46.382536
325,4046955.280361,-86198.343614,23077240.163265,46.949339
326,4035729.992559,-85184.774095,34778174.693878,47.376189
327,3971629.940725,-83768.082785,46314642.285714,47.412210
328,3856011.262483,-81954.666259,57643196.081633,47.050540
329,3708479.922616,-79755.914160,68702333.387755,46.497867
330,3548489.720882,-77186.411244,79445242.775510,45.972985
331,3382499.841398,-74262.105973,89827474.285714,45.548127
332,3210060.553199,-70999.608145,99784097.959184,45.212370
333,3036942.683661,-67416.112280,109293881.469388,45.047728
334,2871985.798787,-63528.846998,118281926.530612,45.207586
335,2709094.459446,-59354.356455,126739351.510204,45.642723
336,2524042.002137,-54909.143912,134638174.040816,45.967608
337,2298736.760987,-50211.875860,141903579.428571,45.780739
338,2041371.428387,-45285.007531,148512412.734694,45.078306
339,1773472.079683,-40154.083837,154442605.714286,44.166668
340,1506493.608809,-34845.800598,159667701.551020,43.233147
341,1242719.849804,-29386.844419,164146573.061224,42.288305
342,988596.704918,-23803.536396,167860119.510204,41.531506
343,750277.018396,-18121.229879,170807358.693878,41.403206
344,520194.455555,-12363.822820,172968625.632653,42.073917
345,282849.608750,-6554.462315,174322813.387755,43.153747
346,32997.406109,-716.927144,174887183.673469,46.026164
347,-222707.783651,5123.860827,174623848.489796,43.464839
348,-480384.417496,10942.366297,173565074.285714,43.901329
349,-744941.808969,16712.775514,171695041.306122,44.573195
350,-1020183.089663,22408.595762,169044720.326531,45.526418
351,-1297595.981953,28002.373510,165601029.224490,46.338786
352,-1555831.499116,33466.551059,161386496.000000,46.489150
353,-1773887.026535,38775.489756,156427870.040816,45.747637
354,-1951906.418220,43907.387397,150743144.489796,44.455080
355,-2119398.800049,48844.186893,144376288.653061,43.391014
356,-2315405.430522,53568.798230,137338712.816327,43.223024
357,-2556217.108777,58061.478675,129661701.224490,44.026042
358,-2821446.829266,62298.324013,121392775.836735,45.289289
359,-3068974.323855,66253.176251,112574380.408163,46.321920
360,-3265645.600074,69901.570127,103235855.673469,46.717772
361,-3410874.267790,73223.841155,93421066.448980,46.581471
362,-3531290.627799,76205.229403,83171913.142857,46.339217
363,-3650149.331096,78833.489846,72548540.081633,46.302014
364,-3767730.552646,81096.741064,61606598.530612,46.459704
365,-3872985.052944,82983.325649,50381050.775510,46.671847
366,-3960197.659946,84482.763409,38934214.530612,46.875806
367,-4026435.655967,85586.353647,27316976.326531,47.045300
368,-4064902.449604,86287.532221,15571236.571429,47.108804
369,-4069930.380375,86582.502910,3752646.530612,47.006384
370,-4043761.829858,86470.744411,-8083602.285714,46.764508
371,-3997707.142676,85954.778311,-19871263.346939,46.509423
372,-3948356.719301,85039.065708,-31566241.959184,46.429916
373,-3903901.156794,83728.465823,-43127724.408163,46.625734
374,-3850551.426040,82027.544331,-54486789.224490,46.942176
375,-3764065.402154,79941.852791,-65602079.346939,47.085041
376,-3637756.108327,77480.097541,-76419678.040816,46.950846
377,-3486415.746442,74654.772882,-86937662.693878,46.700507
378,-3321247.767580,71480.912865,-96995119.020408,46.463421
379,-3136997.338401,67975.087845,-106609580.408163,46.149221
380,-2929741.276340,64155.763832,-115736534.204082,45.666065
381,-2712014.933742,60043.553796,-124334790.530612,45.167462
382,-2497463.461659,55660.105570,-132381445.224490,44.869902
383,-2280293.187777,51026.927702,-139813281.959184,44.688036
384,-2044870.027164,46165.880453,-146590155.755102,44.293968
385,-1790582.127113,41100.512363,-152683248.326531,43.565932
386,-1535164.264968,35856.095332,-158076572.734694,42.814597
387,-1297003.989540,30458.011637,-162743337.795918,42.583344
388,-1080440.038385,24930.039404,-166659907.918367,43.338882
389,-871005.233098,19293.956958,-169795876.571429,45.143940
390,-640590.126406,13570.952074,-172151139.265306,47.203035
391,-370278.545095,7784.237905,-173696397.061224,47.567732
392,-77394.956060,1960.698365,-174456685.714286,39.473158
393,192591.231500,-3870.780150,-174393991.836735,49.755146
394,412163.656206,-9683.442193,-173526496.653061,42.563754
395,599608.600565,-15455.165732,-171863437.061224,38.796646
396,796995.134099,-21166.841229,-169397707.755102,37.653003
397,1041230.199140,-26798.423848,-166150603.755102,38.854158
398,1359533.966041,-32325.256434,-162137004.408163,42.057948
399,1750018.513593,-37715.500970,-157393669.224490,46.400511
400,2140760.527896,-42930.716185,-151891215.673469,49.865474
401,2414797.809329,-47932.859758,-145689829.877551,50.378755
402,2524751.156512,-52694.957238,-138830994.285714,47.912576
403,2558224.820088,-57205.240346,-131326578.938775,44.720113
404,2652002.835976,-61459.155941,-123225965.714286,43.150655
405,2857963.635620,-65446.882655,-114555235.265306,43.668446
406,3115726.249883,-69148.370944,-105414844.081633,45.058563
407,3339069.189991,-72538.603924,-95753508.571429,46.031616
408,3501298.259178,-75595.466582,-85646252.408163,46.316246
409,3632473.896567,-78302.453752,-75141788.734694,46.390295
410,3757576.579789,-80646.225415,-64291171.265306,46.593335
411,3865816.802667,-82614.376298,-53152684.408163,46.793512
412,3937393.221801,-84196.262178,-41784926.040816,46.764466
413,3973520.284992,-85384.711872,-30233955.265306,46.536671
414,3992019.151723,-86175.954072,-18547900.081633,46.324049
415,4006779.838029,-86568.018514,-6760092.734694,46.284759
416,4016794.709441,-86559.439254,5052562.285714,46.405045
417,4009605.588151,-86149.324316,16850860.408163,46.542508
418,3973738.193472,-85338.493741,28552150.204082,46.564429
419,3910350.858650,-84130.524751,40118752.653061,46.479573
420,3832839.805523,-82531.636935,51514117.224490,46.440855
421,3750485.089641,-80549.494681,62685643.755102,46.561249
422,3650223.486710,-78192.444814,73568256.000000,46.682560
423,3503307.878414,-75470.769149,84097797.224490,46.419401
424,3297587.219610,-72399.270103,94245302.857143,45.547244
425,3057463.424806,-68998.309713,103967179.755102,44.312150
426,2832219.792168,-65291.479716,113202426.775510,43.378092
427,2672157.679250,-61300.872353,121869061.224490,43.590859
428,2595357.976899,-57042.322047,130033852.081633,45.498814
429,2546827.715383,-52523.969211,137593166.367347,48.488866
430,2411287.166640,-47751.675470,144527610.775510,50.496389
431,2111780.986449,-42739.677297,150792860.734694,49.410317
432,1690974.926266,-37517.549117,156356022.857143,45.071572
433,1271930.617416,-32126.295565,161180818.285714,39.591574
434,954316.410644,-26606.965731,165272429.714286,35.867164
435,755491.734219,-20991.181044,168612090.775510,35.990911
436,617315.822518,-15299.328698,171157127.836735,40.349210
437,453329.283356,-9545.976600,172914290.938775,47.489042
438,213686.870615,-3747.956383,173885042.938775,57.014236
439,-79498.257026,2070.968237,174048193.306122,38.387000
440,-365831.331859,7882.014889,173398454.857143,46.413428
441,-613691.868500,13656.825272,171957352.489796,44.936642
442,-844927.800659,19370.411771,169715461.224490,43.619506
443,-1096242.224009,24999.320795,166686678.204082,43.850880
444,-1369925.959320,30518.401250,162885423.020408,44.888523
445,-1632168.125025,35900.588440,158334913.306122,45.463548
446,-1856975.402188,41119.891049,153049965.714286,45.160027
447,-2058934.718712,46153.697068,147070996.897959,44.610396
448,-2274156.764152,50981.487626,140399845.877551,44.607501
449,-2516192.585620,55581.621400,133038915.918367,45.270226
450,-2762484.453254,59930.096891,125085110.857143,46.095111
451,-2981886.408042,64002.558670,116552118.857143,46.590112
452,-3164238.610226,67777.150660,107485936.326531,46.685920
453,-3320533.465684,71235.535303,97920271.673469,46.613442
454,-3461368.049190,74361.987669,87901121.306122,46.547546
455,-3582426.881682,77142.465199,77488107.102041,46.439103
456,-3674338.062512,79564.950519,66658136.816327,46.180360
457,-3742831.691018,81620.205250,55577704.489796,45.856681
458,-3809441.935080,83301.189687,44252201.795918,45.730943
459,-3890051.400472,84601.102938,32736088.816327,45.981096
460,-3978846.372355,85511.934991,21080753.632653,46.529720
461,-4052464.907749,86025.008063,9332025.469388,47.107986
462,-4085880.132430,86133.176763,-2469699.918367,47.436775
463,-4069725.248371,85833.180810,-14271467.102041,47.414359
464,-4016025.263065,85126.528258,-26008764.081633,47.177130
465,-3943814.874813,84018.422384,-37611060.244898,46.939883
466,-3863675.088281,82515.999436,-49042557.387755,46.823345
467,-3783000.833600,80627.217570,-60250509.061224,46.919650
468,-3714716.643599,78360.028373,-71187456.000000,47.405759
469,-3659990.427153,75721.235854,-81792940.408163,48.335059
470,-3581197.516925,72716.631158,-92025145.469388,49.248672
471,-3415813.552125,69354.644931,-101821816.163265,49.251403
472,-3138536.441169,65652.047590,-111155262.693878,47.805614
473,-2801730.521698,61636.109671,-119986719.346939,45.455992
474,-2492391.389549,57339.746349,-128269374.693878,43.467081
475,-2250864.138504,52793.545684,-135947640.163265,42.635214
476,-2049168.788197,48021.919793,-142995351.510204,42.671530
477,-1841274.979677,43045.443754,-149390962.938775,42.775142
478,-1609644.442552,37885.050521,-155097903.020408,42.487589
479,-1364580.016157,32563.807113,-160075378.938775,41.904806
480,-1123893.211255,27106.067143,-164310851.918367,41.462792
481,-900645.104763,21535.787165,-167793998.367347,41.820858
482,-695186.834957,15875.286645,-170481496.816326,43.790506
483,-491381.396057,10145.250434,-172390964.244898,48.434625
484,-266442.300321,4366.257093,-173511721.795918,61.023044
485,-7877.708692,-1439.091837,-173806926.367347,-5.474083
486,278321.606887,-7244.992098,-173305667.918367,38.415723
487,572365.700419,-13022.994238,-171986463.346939,43.950392
488,853176.156155,-18743.875348,-169862102.204082,45.517597
489,1110889.227314,-24379.637800,-166965812.244898,45.566273
490,1349455.017413,-29904.473008,-163287687.836735,45.125524
491,1578014.288889,-35294.444117,-158851866.122449,44.709991
492,1802213.217999,-40526.648100,-153675107.265306,44.469832
493,2023413.526544,-45578.655687,-147785999.673469,44.393883
494,2242518.759772,-50428.340263,-141211292.734694,44.469414
495,2461613.334495,-55053.771860,-133983294.693878,44.712892
496,2679747.079448,-59433.046507,-126140708.571429,45.088503
497,2889274.231263,-63544.418459,-117701548.408163,45.468576
498,3084039.855564,-67366.992405,-108697391.020408,45.779687
499,3269672.068601,-70881.239611,-99261837.061224,46.128878
